root_height	pop_size	pi_net	pi_within
0.02993418	0.008956646	0.0540777777778	0.0237222222222
0.03254274	0.01011083	0.0533677777778	0.0234222222222
0.04004955	0.004706304	0.0535777777778	0.0234222222222
0.02793804	0.006140915	0.0522066666667	0.0236333333333
0.02704753	0.007370813	0.0538044444444	0.0238555555556
0.03841593	0.006868004	0.0540055555556	0.0233444444444
0.03489674	0.009296915	0.0540955555556	0.0233444444444
0.04213343	0.005720073	0.05146	0.0236
0.03212053	0.006069962	0.05507	0.0234
0.03562791	0.01015303	0.0550266666667	0.0238333333333
0.0286821	0.009864926	0.0530611111111	0.0232888888889
0.02373194	0.008292646	0.0525788888889	0.0239111111111
0.03551271	0.01221682	0.0520022222222	0.0238777777778
0.04306078	0.0131795	0.0527944444444	0.0239555555556
0.0400439	0.003612634	0.0508566666667	0.0235333333333
0.04412473	0.009593231	0.0525911111111	0.0239888888889
0.03935031	0.007431302	0.0547722222222	0.0239777777778
0.03913306	0.01400813	0.0545277777778	0.0232222222222
0.03360378	0.007878892	0.0555644444444	0.0232555555556
0.02675302	0.01034531	0.05529	0.024
0.03191618	0.007192268	0.0515	0.024
0.0405282	0.00872742	0.0561288888889	0.0233111111111
0.02612314	0.008597165	0.0557455555556	0.0232444444444
0.03374116	0.009076444	0.0501311111111	0.0236888888889
0.03856473	0.006167641	0.0561888888889	0.0239111111111
0.03782874	0.005054383	0.0554744444444	0.0231555555556
0.03201297	0.007582303	0.0530944444444	0.0230555555556
0.02298893	0.0115953	0.0559511111111	0.0231888888889
0.03441754	0.009407181	0.0562177777778	0.0232222222222
0.04027612	0.008493111	0.0558944444444	0.0231555555556
0.03547528	0.0121416	0.0497222222222	0.0238777777778
0.03179133	0.006183249	0.0569933333333	0.0232666666667
0.02821199	0.01095078	0.0502088888889	0.0232111111111
0.03101818	0.004843803	0.0527911111111	0.0229888888889
0.03738145	0.01020728	0.04948	0.0234
0.03413841	0.008769084	0.0492011111111	0.0235888888889
0.04077727	0.008550123	0.0512933333333	0.0241666666667
0.04271412	0.007338479	0.0540044444444	0.0229555555556
0.0295661	0.01408439	0.0573255555556	0.0239444444444
0.03627083	0.009575998	0.0575911111111	0.0238888888889
0.03177515	0.006152299	0.0580366666667	0.0236333333333
0.04418611	0.007915094	0.0556788888889	0.0242111111111
0.03712646	0.006918073	0.0507733333333	0.0241666666667
0.03399352	0.01309531	0.0555677777778	0.0242222222222
0.03475384	0.01359081	0.0494155555556	0.0232444444444
0.03384929	0.006903408	0.0493244444444	0.0239555555556
0.02802176	0.008159745	0.0547377777778	0.0229222222222
0.03935883	0.01298043	0.0488533333333	0.0238666666667
0.03203486	0.008131066	0.0578022222222	0.0239777777778
0.0242584	0.009833106	0.0529933333333	0.0228666666667
0.03250421	0.01202015	0.0584288888889	0.0235111111111
0.02933802	0.01233185	0.0516688888889	0.0243111111111
0.03804645	0.006634708	0.0536333333333	0.0243666666667
0.02984161	0.009336025	0.0502688888889	0.0230111111111
0.03805753	0.0127379	0.0569111111111	0.0241888888889
0.03354891	0.007598585	0.05551	0.0229
0.0380909	0.007922388	0.05583	0.0243
0.02954741	0.006961647	0.0483222222222	0.0234777777778
0.0273848	0.01345775	0.0505833333333	0.0242666666667
0.04215673	0.004977753	0.0502822222222	0.0229777777778
0.04384063	0.007422691	0.0584088888889	0.0233111111111
0.02537713	0.01172303	0.0554033333333	0.0228666666667
0.03801227	0.01186571	0.0579844444444	0.0240555555556
0.03361792	0.006403315	0.0517455555556	0.0228444444444
0.02980867	0.01121483	0.0577755555556	0.0241444444444
0.03775857	0.007978738	0.0565388888889	0.0229111111111
0.03295477	0.007244108	0.0507122222222	0.0228777777778
0.03756339	0.007110977	0.0566088888889	0.0229111111111
0.0376425	0.008155114	0.05848	0.024
0.02031885	0.009631526	0.0534433333333	0.0227666666667
0.03492073	0.008004009	0.0581666666667	0.0231333333333
0.03373509	0.004783754	0.04942	0.023
0.04319922	0.005597977	0.0557777777778	0.0228222222222
0.03057789	0.008297367	0.0519955555556	0.0244444444444
0.03047266	0.009195977	0.0591755555556	0.0237444444444
0.04821381	0.01475429	0.0574322222222	0.0229777777778
0.02764191	0.008141479	0.0517422222222	0.0227777777778
0.03485636	0.005918642	0.0476122222222	0.0236777777778
0.04075028	0.005637325	0.0557466666667	0.0244333333333
0.04211956	0.008030773	0.05905	0.0233
0.03841811	0.007706101	0.05068	0.0244
0.04136854	0.006444661	0.0554333333333	0.0227666666667
0.03267042	0.01509698	0.0494822222222	0.0242777777778
0.03915898	0.005994734	0.0509011111111	0.0227888888889
0.02725831	0.01435251	0.0589388888889	0.0232111111111
0.03083836	0.007531134	0.04798	0.0232
0.03875071	0.006117282	0.0503177777778	0.0228222222222
0.03942461	0.01022357	0.0557844444444	0.0227555555556
0.02981004	0.007250195	0.04951	0.0229
0.04378178	0.01260377	0.0593233333333	0.0239666666667
0.03450243	0.01186096	0.0477455555556	0.0240444444444
0.0302028	0.005849378	0.0541933333333	0.0245666666667
0.02598683	0.005877568	0.05846	0.023
0.03897303	0.009782374	0.0498488888889	0.0228111111111
0.02744813	0.004487912	0.0483277777778	0.0230222222222
0.03689702	0.005363839	0.0528022222222	0.0245777777778
0.04036148	0.008488489	0.0559488888889	0.0227111111111
0.03398389	0.006390271	0.0473055555556	0.0232444444444
0.01978501	0.01063133	0.0569133333333	0.0244666666667
0.04020574	0.007185367	0.0470222222222	0.0238777777778
0.024221	0.004721803	0.05925	0.0231
0.03049524	0.006643114	0.0483755555556	0.0229444444444
0.02778896	0.007529325	0.0467877777778	0.0238222222222
0.04128503	0.01020427	0.0559244444444	0.0226555555556
0.03381112	0.009067902	0.0594311111111	0.0230888888889
0.0406549	0.0063556	0.0470977777778	0.0240222222222
0.03706478	0.009339838	0.0600744444444	0.0239555555556
0.03392975	0.006748589	0.0470955555556	0.0240444444444
0.03296283	0.007274579	0.0563644444444	0.0226555555556
0.03102978	0.009739629	0.0464677777778	0.0235222222222
0.03932182	0.008539157	0.0575544444444	0.0227555555556
0.03460108	0.008643349	0.0517611111111	0.0225888888889
0.0431769	0.005829262	0.0574855555556	0.0227444444444
0.03756978	0.005998262	0.0575222222222	0.0244777777778
0.04126309	0.007894174	0.0576444444444	0.0227555555556
0.04497022	0.005818156	0.0498866666667	0.0245333333333
0.0263801	0.007185017	0.0485111111111	0.0243888888889
0.02165021	0.003915345	0.0468633333333	0.0231666666667
0.03522065	0.005726128	0.0548222222222	0.0246777777778
0.02752764	0.007158251	0.0566366666667	0.0226333333333
0.03013405	0.00819896	0.0464911111111	0.0232888888889
0.04078822	0.007581985	0.0600466666667	0.0231333333333
0.02956762	0.006609251	0.0547777777778	0.0225222222222
0.02969248	0.005177377	0.05369	0.0225
0.04545384	0.01021571	0.0603711111111	0.0231888888889
0.05184097	0.01012786	0.0595544444444	0.0242555555556
0.02465602	0.0093255	0.0609244444444	0.0234555555556
0.04091276	0.01234076	0.0610477777778	0.0235222222222
0.03467695	0.006478935	0.0611111111111	0.0235888888889
0.03311349	0.005605953	0.0470311111111	0.0229888888889
0.03302445	0.008032254	0.0533833333333	0.0247666666667
0.04381102	0.009176701	0.0565355555556	0.0225444444444
0.02436262	0.01336587	0.0517655555556	0.0247444444444
0.02866661	0.008017542	0.0578933333333	0.0245666666667
0.03322978	0.005652682	0.0593755555556	0.0228444444444
0.04254142	0.00797149	0.0554022222222	0.0224777777778
0.04047925	0.006347245	0.0499333333333	0.0225666666667
0.03812873	0.008124535	0.0460222222222	0.0239777777778
0.02662726	0.006977317	0.0613111111111	0.0235888888889
0.03538644	0.007331038	0.0586288888889	0.0245111111111
0.04366482	0.006068979	0.0524066666667	0.0224333333333
0.02834904	0.008059205	0.0467022222222	0.0229777777778
0.03972289	0.008153989	0.0494355555556	0.0246444444444
0.02295862	0.008617249	0.0463233333333	0.0230666666667
0.03212829	0.01267792	0.0563011111111	0.0224888888889
0.03116882	0.009759003	0.0534088888889	0.0248111111111
0.03146677	0.01242127	0.0553555555556	0.0224444444444
0.03987461	0.005446184	0.0586166666667	0.0245333333333
0.03731914	0.00664624	0.05236	0.0224
0.02412889	0.01059359	0.0498288888889	0.0247111111111
0.04853627	0.008183201	0.0587244444444	0.0245555555556
0.04031559	0.006326975	0.0612166666667	0.0240333333333
0.03227157	0.006109303	0.0455244444444	0.0239555555556
0.03717093	0.00705838	0.0540722222222	0.0223777777778
0.03615443	0.008552579	0.0611644444444	0.0231555555556
0.03645234	0.008419942	0.0564122222222	0.0247777777778
0.04391843	0.005557549	0.0547222222222	0.0223777777778
0.02793183	0.008925939	0.05611	0.0248
0.02928534	0.008831785	0.0469888888889	0.0228111111111
0.03158843	0.00670741	0.0572511111111	0.0224888888889
0.03153789	0.008596207	0.0459622222222	0.0241777777778
0.03800194	0.005280674	0.0480722222222	0.0245777777778
0.0450661	0.006127073	0.0574577777778	0.0247222222222
0.03885684	0.008570544	0.0573911111111	0.0224888888889
0.03940101	0.006634893	0.0541555555556	0.0223444444444
0.03684626	0.006847337	0.0602955555556	0.0228444444444
0.03780293	0.005839373	0.05869	0.0226
0.02635757	0.006930342	0.0495222222222	0.0224777777778
0.02179285	0.008536556	0.0501511111111	0.0247888888889
0.04769842	0.00696689	0.0563177777778	0.0248222222222
0.04017092	0.008971295	0.0470555555556	0.0227444444444
0.03359896	0.004642824	0.0450166666667	0.0233333333333
0.03366057	0.005669616	0.0595366666667	0.0245333333333
0.0400727	0.006873276	0.0492122222222	0.0224777777778
0.02609744	0.006787037	0.0447955555556	0.0237444444444
0.02975768	0.005927877	0.0467555555556	0.0244444444444
0.04079927	0.006662502	0.0572266666667	0.0224333333333
0.03443782	0.005546281	0.04482	0.0238
0.02800879	0.0137336	0.0577433333333	0.0224666666667
0.03721794	0.009275104	0.0607333333333	0.0228666666667
0.02639464	0.007748597	0.0457255555556	0.0242444444444
0.02765809	0.008834737	0.05246	0.0223
0.02556618	0.01304105	0.06056	0.0244
0.0268151	0.00760005	0.0504944444444	0.0248555555556
0.03320905	0.007555035	0.0471066666667	0.0245333333333
0.04294651	0.00950103	0.0596055555556	0.0226444444444
0.03329495	0.008310306	0.0562422222222	0.0248777777778
0.03003329	0.007164978	0.0446933333333	0.0238666666667
0.01533214	0.012461	0.0505755555556	0.0223444444444
0.04006323	0.01039358	0.0598533333333	0.0226666666667
0.04511634	0.007780003	0.0623677777778	0.0234222222222
0.02829424	0.008260654	0.0607388888889	0.0228111111111
0.02999407	0.009408092	0.0571322222222	0.0223777777778
0.02572587	0.01508812	0.0582044444444	0.0224555555556
0.03533876	0.009353198	0.0461188888889	0.0244111111111
0.02484606	0.01340921	0.0496122222222	0.0223777777778
0.03561498	0.006706366	0.0562688888889	0.0223111111111
0.03691084	0.007035954	0.04666	0.0227
0.03589618	0.006334924	0.0626911111111	0.0236888888889
0.01888802	0.006745245	0.0594244444444	0.0225555555556
0.03105964	0.008388053	0.0442488888889	0.0235111111111
0.0456226	0.00798868	0.0589522222222	0.0224777777778
0.0406543	0.007498087	0.0534088888889	0.0250111111111
0.03171855	0.004073932	0.0493144444444	0.0223555555556
0.04522588	0.01543722	0.0498888888889	0.0223111111111
0.04215294	0.01016324	0.0578644444444	0.0248555555556
0.03387768	0.006811445	0.05418	0.0222
0.03860183	0.004833676	0.0519011111111	0.0221888888889
0.03789128	0.01274596	0.0502455555556	0.0222444444444
0.04281995	0.008018589	0.0605088888889	0.0246111111111
0.03464556	0.009581006	0.0569444444444	0.0222555555556
0.03453726	0.01203285	0.0457211111111	0.0244888888889
0.03614317	0.004633581	0.0537844444444	0.0221555555556
0.02218978	0.007581777	0.0612466666667	0.0227333333333
0.02773681	0.007718583	0.0437177777778	0.0236222222222
0.03814456	0.01053186	0.0629211111111	0.0239888888889
0.05047659	0.009223046	0.0625833333333	0.0241666666667
0.02851977	0.008967782	0.0527055555556	0.0221444444444
0.03215942	0.009073387	0.0484455555556	0.0223444444444
0.0323929	0.007055749	0.0625488888889	0.0230111111111
0.03129892	0.004689029	0.0473155555556	0.0224444444444
0.0321332	0.006351794	0.0434966666667	0.0235333333333
0.04186167	0.01396039	0.0605333333333	0.0246666666667
0.03555854	0.009829671	0.0572277777778	0.0222222222222
0.03462368	0.009578638	0.0629277777778	0.0241222222222
0.03987268	0.008278328	0.0557855555556	0.0221444444444
0.03284424	0.006381879	0.0621522222222	0.0243777777778
0.03460639	0.01230886	0.0458988888889	0.0226111111111
0.03437585	0.005878423	0.0456922222222	0.0245777777778
0.03640043	0.01006057	0.0436511111111	0.0239888888889
0.0390311	0.01675211	0.0635733333333	0.0234666666667
0.04408473	0.007692801	0.0577866666667	0.0222333333333
0.0458771	0.00732163	0.05889	0.0249
0.02886893	0.009197102	0.0467433333333	0.0224666666667
0.04276055	0.005894977	0.0603222222222	0.0224777777778
0.02725436	0.008091216	0.0442655555556	0.0229444444444
0.02501831	0.008802734	0.0568233333333	0.0221666666667
0.03876246	0.006421107	0.0545766666667	0.0251333333333
0.04183441	0.00678395	0.0538322222222	0.0220777777778
0.0424082	0.00862664	0.0448844444444	0.0244555555556
0.04090993	0.01338188	0.0637288888889	0.0237111111111
0.02987871	0.01012867	0.0517011111111	0.0220888888889
0.03048812	0.005844362	0.0621333333333	0.0227666666667
0.03549041	0.006229693	0.0609622222222	0.0246777777778
0.03723015	0.00899735	0.0553166666667	0.0251333333333
0.02820601	0.006669059	0.0473844444444	0.0223555555556
0.02847874	0.008953282	0.0486966666667	0.0222333333333
0.04166997	0.006683827	0.0529344444444	0.0220555555556
0.04139512	0.007416337	0.0603466666667	0.0224333333333
0.02701298	0.005773747	0.0626022222222	0.0243777777778
0.0315825	0.009585657	0.0635333333333	0.0231666666667
0.02904954	0.006568093	0.0449177777778	0.0245222222222
0.03850941	0.006332185	0.0630444444444	0.0229555555556
0.0254107	0.008823305	0.0633511111111	0.0241888888889
0.0158405	0.008535885	0.0500188888889	0.0221111111111
0.02984023	0.007953106	0.0489233333333	0.0221666666667
0.04075513	0.006642072	0.0622166666667	0.0245333333333
0.03096601	0.006889797	0.0436355555556	0.0242444444444
0.03197491	0.005788625	0.0441977777778	0.0244222222222
0.04014402	0.01367196	0.0552777777778	0.0220222222222
0.04200195	0.006730404	0.0608366666667	0.0224333333333
0.04307916	0.005369958	0.0566044444444	0.0251555555556
0.03372461	0.007205854	0.0640555555556	0.0239444444444
0.02818129	0.006259688	0.0427422222222	0.0233777777778
0.02792626	0.008781427	0.0593155555556	0.0222444444444
0.03205754	0.007784696	0.0452755555556	0.0225444444444
0.04040617	0.006688265	0.0636755555556	0.0230444444444
0.0340821	0.006849002	0.0439788888889	0.0228111111111
0.03883579	0.01485844	0.0638488888889	0.0231111111111
0.0251166	0.007456037	0.0641977777778	0.0239222222222
0.03425726	0.006980631	0.0512688888889	0.0220111111111
0.0217833	0.01111277	0.0426088888889	0.0238111111111
0.03829445	0.009400164	0.0431433333333	0.0230666666667
0.03739335	0.007061207	0.0639022222222	0.0230777777778
0.04818952	0.007028432	0.0608766666667	0.0248333333333
0.02696819	0.00733022	0.04245	0.0237
0.04978463	0.00626429	0.0634211111111	0.0228888888889
0.03173557	0.01409449	0.0520633333333	0.0219666666667
0.04321845	0.007370907	0.0644988888889	0.0238111111111
0.03252954	0.01071249	0.0423188888889	0.0237111111111
0.04824494	0.009353746	0.0638222222222	0.0229777777778
0.04466909	0.01156249	0.0646222222222	0.0234777777778
0.03491281	0.009101205	0.0432888888889	0.0229111111111
0.03547062	0.007915734	0.0535011111111	0.0252888888889
0.03107982	0.006509195	0.0446022222222	0.0225777777778
0.04356331	0.006615345	0.0562722222222	0.0219777777778
0.03865157	0.01158537	0.0478955555556	0.0221444444444
0.02760741	0.0106906	0.0512633333333	0.0252666666667
0.03548508	0.0084183	0.0490744444444	0.0220555555556
0.02135578	0.009309031	0.0527177777778	0.0219222222222
0.03994682	0.006841628	0.05977	0.0222
0.03808445	0.007103629	0.06431	0.0231
0.02320192	0.007309168	0.0444422222222	0.0225777777778
0.03594312	0.006085142	0.0455266666667	0.0248333333333
0.0318969	0.009738558	0.0438766666667	0.0245333333333
0.03829052	0.008151361	0.0602066666667	0.0222333333333
0.03447122	0.0141207	0.0439844444444	0.0226555555556
0.03833008	0.007405206	0.0649255555556	0.0235444444444
0.02496617	0.008460554	0.0442566666667	0.0246333333333
0.03570284	0.005389458	0.0605133333333	0.0249666666667
0.03943031	0.007672409	0.0594355555556	0.0221444444444
0.0444897	0.008166851	0.0645855555556	0.0231444444444
0.03586367	0.01153794	0.0459477777778	0.0249222222222
0.0538126	0.008518709	0.0646822222222	0.0231777777778
0.0469477	0.007096432	0.0601111111111	0.0221888888889
0.02907685	0.005950813	0.0419388888889	0.0238111111111
0.04215525	0.005905314	0.0471333333333	0.0250666666667
0.03532318	0.009811499	0.0599233333333	0.0221666666667
0.04164746	0.006734073	0.0592277777778	0.0251222222222
0.0388439	0.005923464	0.0551511111111	0.0218888888889
0.03111327	0.007188468	0.0475488888889	0.0221111111111
0.04403699	0.008153557	0.0547055555556	0.0253444444444
0.03491469	0.00701733	0.0472666666667	0.0221333333333
0.02765734	0.007636492	0.0417888888889	0.0235111111111
0.0412744	0.009813476	0.0570622222222	0.0252777777778
0.03504763	0.007570837	0.0618055555556	0.0248444444444
0.02824619	0.01238252	0.0430911111111	0.0227888888889
0.02226521	0.006785224	0.0443088888889	0.0247111111111
0.03477297	0.01008113	0.0576244444444	0.0252555555556
0.01189805	0.006738835	0.0424855555556	0.0242444444444
0.04024025	0.005869158	0.0644044444444	0.0229555555556
0.05206419	0.004262215	0.0650244444444	0.0239555555556
0.03450869	0.007451993	0.0464	0.0222
0.02473598	0.006507841	0.0498266666667	0.0219333333333
0.04460593	0.01249824	0.0646	0.0242
0.02189195	0.009812351	0.0444433333333	0.0247666666667
0.02791262	0.01524592	0.0505411111111	0.0218888888889
0.02480776	0.00764585	0.0431577777778	0.0227222222222
0.02656052	0.01084514	0.0415911111111	0.0234888888889
0.03836149	0.008002186	0.0515044444444	0.0218555555556
0.03468768	0.01232942	0.0485066666667	0.0252333333333
0.03857806	0.008123887	0.0613333333333	0.0222666666667
0.03543156	0.007996604	0.0514755555556	0.0218444444444
0.04814932	0.007090746	0.0649133333333	0.0230666666667
0.03416739	0.004794447	0.0641155555556	0.0244444444444
0.04151818	0.01228925	0.0650377777778	0.0231222222222
0.02711927	0.008484623	0.0431111111111	0.0226888888889
0.03231515	0.008701026	0.0449566666667	0.0223333333333
0.03377129	0.005204005	0.0423488888889	0.0229111111111
0.04152283	0.006084452	0.0589	0.022
0.02992543	0.006565353	0.0433166666667	0.0226333333333
0.05606324	0.009105779	0.0646777777778	0.0229222222222
0.04159663	0.008645873	0.0653844444444	0.0239555555556
0.03365468	0.007314217	0.0527077777778	0.0254222222222
0.04482986	0.005738678	0.0654455555556	0.0239444444444
0.03301273	0.01948449	0.06208	0.0249
0.0300576	0.008912549	0.0649888888889	0.0230111111111
0.02924443	0.008638433	0.0456488888889	0.0222111111111
0.04988001	0.006906932	0.0638222222222	0.0245777777778
0.03967651	0.006153811	0.0562666666667	0.0218333333333
0.0391372	0.006989182	0.0618222222222	0.0222777777778
0.01828968	0.005271465	0.0418977777778	0.0230222222222
0.02029257	0.00828239	0.0455177777778	0.0222222222222
0.02101292	0.006739552	0.0416888888889	0.0231111111111
0.03969108	0.007457405	0.0566655555556	0.0218444444444
0.0463188	0.002960001	0.0614777777778	0.0222222222222
0.03732077	0.006781801	0.0576433333333	0.0218666666667
0.03217731	0.006778364	0.0640622222222	0.0245777777778
0.04485597	0.01266796	0.04605	0.0251
0.01519378	0.005231209	0.04105	0.0237
0.04244669	0.00632167	0.06158	0.0222
0.03455533	0.006426046	0.06348	0.0225
0.02951268	0.007094408	0.05642	0.0218
0.04262135	0.009825253	0.0617188888889	0.0250111111111
0.0332982	0.006798745	0.0479466666667	0.0219333333333
0.03133589	0.007571111	0.0555333333333	0.0217666666667
0.04400866	0.006742696	0.0526455555556	0.0217444444444
0.04088734	0.004903956	0.0616111111111	0.0221888888889
0.04381065	0.01017509	0.0651177777778	0.0229222222222
0.03900316	0.005883383	0.0551444444444	0.0217555555556
0.04018153	0.005530382	0.0428277777778	0.0226222222222
0.03553325	0.007050246	0.0574266666667	0.0218333333333
0.03973549	0.01052666	0.0480077777778	0.0219222222222
0.02773043	0.01171888	0.0412177777778	0.0240222222222
0.03824664	0.007047084	0.0611477777778	0.0221222222222
0.03174385	0.007086693	0.06522	0.0243
0.03390523	0.006644641	0.0412888888889	0.0231111111111
0.01374348	0.00900943	0.0655011111111	0.0241888888889
0.04136216	0.006882427	0.0656222222222	0.0230777777778
0.04095364	0.008352549	0.0489055555556	0.0218444444444
0.04330947	0.01512004	0.0578911111111	0.0253888888889
0.04032157	0.01525444	0.0469622222222	0.0219777777778
0.03396105	0.006629411	0.0549	0.0255
0.03477315	0.008309164	0.0422588888889	0.0227111111111
0.04409594	0.007519427	0.0647377777778	0.0227222222222
0.01774684	0.007814349	0.0494777777778	0.0254222222222
0.03723284	0.005626499	0.0595466666667	0.0219333333333
0.04019772	0.00833831	0.0584944444444	0.0218555555556
0.0467299	0.00721446	0.0554777777778	0.0217222222222
0.03497641	0.01053635	0.0427933333333	0.0246666666667
0.04877046	0.01068975	0.0662622222222	0.0234777777778
0.04407028	0.00824723	0.0608111111111	0.0251888888889
0.04997633	0.009396148	0.0663066666667	0.0237333333333
0.04249002	0.009115612	0.0607177777778	0.0220222222222
0.03570421	0.009255403	0.0610533333333	0.0251666666667
0.03637261	0.01203197	0.0456755555556	0.0251444444444
0.03426076	0.007181878	0.0609722222222	0.0251777777778
0.03612543	0.01463928	0.0545711111111	0.0216888888889
0.04570652	0.005643464	0.0631611111111	0.0248888888889
0.03515592	0.005586853	0.0502866666667	0.0217333333333
0.0297922	0.008560718	0.04884	0.0218
0.03631665	0.006891482	0.0597288888889	0.0219111111111
0.05018855	0.01508364	0.0504377777778	0.0217222222222
0.0427811	0.006829818	0.0647111111111	0.0245888888889
0.03121294	0.005704762	0.05827	0.0218
0.03966869	0.009285595	0.0557466666667	0.0255333333333
0.03339261	0.007966271	0.0573255555556	0.0217444444444
0.02634426	0.007030893	0.0441255555556	0.0222444444444
0.03823288	0.00522972	0.0630422222222	0.0222777777778
0.04718448	0.009410968	0.06376	0.0224
0.03545061	0.01262873	0.06199	0.0251
0.05463899	0.01346678	0.0635333333333	0.0248666666667
0.0309703	0.007157954	0.05863	0.0218
0.02350336	0.004756466	0.0512944444444	0.0255555555556
0.0176687	0.01269932	0.04584	0.022
0.04372145	0.007267226	0.0664	0.0232
0.04315233	0.009426722	0.0657144444444	0.0228555555556
0.03926778	0.008299159	0.0583844444444	0.0254555555556
0.03634665	0.01032914	0.0592477777778	0.0218222222222
0.03070944	0.008143659	0.0640177777778	0.0248222222222
0.04171781	0.008501523	0.05764	0.0255
0.03463325	0.01491126	0.0412111111111	0.0243888888889
0.02426469	0.007738283	0.0406533333333	0.0230666666667
0.03519938	0.008971839	0.0661788888889	0.0230111111111
0.03849414	0.01347882	0.0664844444444	0.0240555555556
0.03803361	0.007062352	0.0666711111111	0.0232888888889
0.03536724	0.01366282	0.0450544444444	0.0220555555556
0.03312189	0.00670858	0.0471455555556	0.0218444444444
0.03607648	0.007821122	0.0596811111111	0.0253888888889
0.03184091	0.006347171	0.0552077777778	0.0216222222222
0.03759205	0.009457971	0.0608266666667	0.0219333333333
0.03606752	0.007554923	0.0450755555556	0.0220444444444
0.05020509	0.006824628	0.0667944444444	0.0233555555556
0.02733208	0.00845651	0.0400577777778	0.0234222222222
0.03175041	0.007919963	0.05284	0.0216
0.03723245	0.006713588	0.05135	0.0256
0.01920127	0.006925162	0.0607088888889	0.0219111111111
0.04304475	0.01186756	0.0574022222222	0.0216777777778
0.03310598	0.006683509	0.0646244444444	0.0247555555556
0.03805117	0.005673132	0.0665888888889	0.0241111111111
0.04679807	0.00507039	0.0670055555556	0.0237444444444
0.04969886	0.006662647	0.0625677777778	0.0251222222222
0.02587286	0.007321341	0.0537622222222	0.0215777777778
0.03856406	0.005586627	0.06694	0.0239
0.03876618	0.005842104	0.0483777777778	0.0217222222222
0.03179855	0.007610267	0.03989	0.0238
0.04044726	0.00768653	0.0664722222222	0.0229777777778
0.02687443	0.008069506	0.0426144444444	0.0248555555556
0.02384879	0.005255701	0.0667711111111	0.0240888888889
0.04645539	0.007377349	0.0619888888889	0.0220111111111
0.04205298	0.006656965	0.0671533333333	0.0235666666667
0.04475934	0.007266832	0.0629277777778	0.0221222222222
0.05032306	0.009122318	0.0617033333333	0.0219666666667
0.03990668	0.005117546	0.0650888888889	0.0225111111111
0.04313521	0.008460898	0.0559511111111	0.0215888888889
0.03389847	0.007408932	0.05055	0.0216
0.02883095	0.006767938	0.0400133333333	0.0231666666667
0.04782049	0.006292297	0.0663622222222	0.0228777777778
0.03420435	0.01150601	0.0581933333333	0.0216666666667
0.0369828	0.007134645	0.0645333333333	0.0223666666667
0.03251648	0.005807937	0.0573077777778	0.0216222222222
0.04771469	0.004519904	0.0631866666667	0.0221333333333
0.04794042	0.004516092	0.0622888888889	0.0220111111111
0.0264335	0.01258348	0.0658044444444	0.0226555555556
0.02729404	0.008186026	0.04376	0.0251
0.01901883	0.006429602	0.0673877777778	0.0236222222222
0.03283204	0.01281732	0.0470333333333	0.0254666666667
0.05021287	0.007006504	0.0665655555556	0.0243444444444
0.04309095	0.007740592	0.0674533333333	0.0235666666667
0.04107504	0.009694335	0.0498555555556	0.0256444444444
0.03816336	0.006604762	0.0578688888889	0.0256111111111
0.03481212	0.006865892	0.05356	0.0215
0.02687509	0.007214767	0.0675666666667	0.0234333333333
0.03818123	0.005314902	0.0576511111111	0.0215888888889
0.0289277	0.007186089	0.0397111111111	0.0230888888889
0.04349399	0.007221844	0.0567822222222	0.0256777777778
0.04801833	0.004929396	0.0645622222222	0.0222777777778
0.03199857	0.006590229	0.0474722222222	0.0216777777778
0.02409161	0.01089058	0.0406355555556	0.0245444444444
0.03921538	0.01554618	0.0667666666667	0.0228333333333
0.03771379	0.004993581	0.0495944444444	0.0215555555556
0.03288182	0.01393316	0.06475	0.0223
0.02662949	0.007764663	0.0501066666667	0.0215333333333
0.04446278	0.009870393	0.0648688888889	0.0249111111111
0.02581237	0.006262353	0.0391633333333	0.0237666666667
0.02885417	0.007380839	0.0429755555556	0.0221444444444
0.03607198	0.004741122	0.0655755555556	0.0224444444444
0.04063106	0.01461616	0.0438288888889	0.0252111111111
0.02416186	0.007707514	0.0514955555556	0.0257444444444
0.02221466	0.01383374	0.0577944444444	0.0215555555556
0.02879398	0.008182014	0.0422544444444	0.0222555555556
0.0238138	0.007456853	0.0595444444444	0.0216555555556
0.03573556	0.005906817	0.0443666666667	0.0219333333333
0.03946064	0.00632867	0.0677611111111	0.0232888888889
0.03259791	0.007241638	0.0427033333333	0.0221666666667
0.03701317	0.01268903	0.0454088888889	0.0218111111111
0.04291895	0.006270399	0.0530755555556	0.0214444444444
0.03040952	0.005459774	0.0592377777778	0.0216222222222
0.03343674	0.006917825	0.0679511111111	0.0234888888889
0.03346325	0.006290696	0.0646177777778	0.0222222222222
0.04303797	0.007138704	0.0595955555556	0.0216444444444
0.02417138	0.005619451	0.0436588888889	0.0220111111111
0.02581947	0.01405234	0.0673655555556	0.0242444444444
0.02461004	0.008577466	0.0521755555556	0.0214444444444
0.03344721	0.007682422	0.0633888888889	0.0252111111111
0.04214475	0.007334089	0.0676511111111	0.0230888888889
0.03581717	0.0129923	0.0393766666667	0.0230333333333
0.03793234	0.01065482	0.0636555555556	0.0220444444444
0.03696036	0.005415757	0.0593888888889	0.0216111111111
0.0382732	0.004988393	0.0663333333333	0.0225666666667
0.02599247	0.009629964	0.0612544444444	0.0217555555556
0.02864966	0.008548858	0.0454422222222	0.0217777777778
0.02664062	0.006775314	0.0392444444444	0.0230555555556
0.05082252	0.006404985	0.0671977777778	0.0228222222222
0.03611493	0.006791513	0.0644455555556	0.0221444444444
0.03669672	0.007671936	0.0510366666667	0.0214333333333
0.02258558	0.00503773	0.0388244444444	0.0232555555556
0.03136519	0.005901647	0.0386888888889	0.0238111111111
0.03271621	0.009843196	0.0395422222222	0.0243777777778
0.04557595	0.01005727	0.0676955555556	0.0242444444444
0.04839788	0.01255375	0.0668511111111	0.0245888888889
0.02586177	0.01045503	0.03871	0.0233
0.04162784	0.01590849	0.0597866666667	0.0256333333333
0.03356814	0.007758335	0.0436066666667	0.0219333333333
0.03940628	0.007945352	0.0651288888889	0.0222111111111
0.02491697	0.006707167	0.0391755555556	0.0229444444444
0.02035059	0.009849048	0.0394911111111	0.0227888888889
0.03175155	0.008629056	0.05862	0.0215
0.0392248	0.007620061	0.06828	0.024
0.02665188	0.008739493	0.0386833333333	0.0240666666667
0.02626651	0.01426611	0.0433711111111	0.0252888888889
0.03758324	0.01264336	0.0426366666667	0.0220333333333
0.04292142	0.004932888	0.0606288888889	0.0216111111111
0.0302379	0.00973489	0.0400333333333	0.0246666666667
0.02701834	0.008194548	0.03863	0.0231
0.05445137	0.01266875	0.0583533333333	0.0257666666667
0.03120998	0.008429172	0.0490466666667	0.0214333333333
0.03000486	0.008539481	0.0412044444444	0.0222555555556
0.04239743	0.006632114	0.0597666666667	0.0215333333333
0.03441386	0.005878344	0.0557933333333	0.0258666666667
0.045954	0.003876423	0.0591011111111	0.0214888888889
0.029229	0.009893585	0.0510644444444	0.0213555555556
0.04602009	0.00870544	0.0660388888889	0.0223111111111
0.04308201	0.008658854	0.06853	0.0232
0.03569131	0.006788104	0.0571311111111	0.0213888888889
0.03894351	0.006452274	0.0686711111111	0.0238888888889
0.04009042	0.006352766	0.05284	0.0259
0.02136318	0.0143973	0.0431688888889	0.0219111111111
0.04482768	0.009991681	0.0609	0.0216
0.04919811	0.006882115	0.0657377777778	0.0222222222222
0.03509679	0.01056401	0.0561022222222	0.0258777777778
0.03911843	0.006767591	0.0492	0.0214
0.02695079	0.008098466	0.0543488888889	0.0259111111111
0.03889356	0.008398324	0.0582977777778	0.0214222222222
0.02828191	0.007689995	0.0381966666667	0.0239333333333
0.04993444	0.005063604	0.06855	0.0241
0.05082611	0.008441928	0.0686888888889	0.0232111111111
0.03435958	0.01255208	0.0487288888889	0.0258111111111
0.02383734	0.008708869	0.05274	0.0213
0.02438649	0.01177137	0.0387088888889	0.0229111111111
0.02953663	0.005497579	0.0387466666667	0.0243333333333
0.03508135	0.006270118	0.0432733333333	0.0218666666667
0.02757321	0.007168313	0.0382444444444	0.0231555555556
0.03423817	0.007798046	0.0448222222222	0.0216777777778
0.0217026	0.00934887	0.0385555555556	0.0229444444444
0.0307142	0.006945975	0.0378988888889	0.0236111111111
0.02596652	0.007366389	0.0462822222222	0.0256777777778
0.03312415	0.006530383	0.0525622222222	0.0212777777778
0.0535071	0.007031891	0.0670111111111	0.0247888888889
0.02605031	0.01181613	0.0500677777778	0.0213222222222
0.028859	0.008030831	0.0377866666667	0.0235333333333
0.04030736	0.01430644	0.0682288888889	0.0228111111111
0.04595721	0.007692543	0.0677755555556	0.0226444444444
0.03474987	0.006812273	0.0395577777778	0.0225222222222
0.0214619	0.01067781	0.0388044444444	0.0244555555556
0.03192747	0.006611323	0.0464188888889	0.0215111111111
0.04594722	0.006093303	0.0691244444444	0.0233555555556
0.03693982	0.007142869	0.0379488888889	0.0232111111111
0.03394396	0.008213226	0.0675255555556	0.0225444444444
0.03874274	0.01019694	0.0507566666667	0.0259333333333
0.03645127	0.005160789	0.04495	0.0256
0.0310763	0.006858022	0.0553933333333	0.0212666666667
0.02974212	0.01383349	0.0604111111111	0.0214888888889
0.03948177	0.009292293	0.0679344444444	0.0226555555556
0.03085252	0.006898058	0.0588711111111	0.0213888888889
0.03182107	0.006275699	0.0482555555556	0.0258444444444
0.02466271	0.0065798	0.0580222222222	0.0258777777778
0.03920814	0.009343945	0.0669533333333	0.0223666666667
0.04138238	0.005039688	0.0670511111111	0.0223888888889
0.03334494	0.008050891	0.0407666666667	0.0250333333333
0.03057214	0.005272135	0.0384144444444	0.0228555555556
0.05100081	0.008614125	0.0659011111111	0.0250888888889
0.03354957	0.01186442	0.0692744444444	0.0238555555556
0.04375089	0.007025254	0.0636611111111	0.0217888888889
0.02937718	0.00829855	0.0518555555556	0.0212444444444
0.02381861	0.005200641	0.0565922222222	0.0212777777778
0.02095098	0.01017044	0.0458177777778	0.0215222222222
0.0266711	0.007588488	0.0465344444444	0.0257555555556
0.04498177	0.007286042	0.0692711111111	0.0232888888889
0.04504484	0.006684526	0.0614755555556	0.0215444444444
0.03805245	0.008846009	0.0665822222222	0.0249777777778
0.04766708	0.009196743	0.0692022222222	0.0231777777778
0.02118372	0.004070189	0.0378088888889	0.0231111111111
0.04098971	0.01275598	0.0681944444444	0.0245555555556
0.03947646	0.009207425	0.0678933333333	0.0225666666667
0.03467984	0.008685309	0.03964	0.0224
0.03843713	0.006756044	0.0595111111111	0.0213888888889
0.03764889	0.006749538	0.0608322222222	0.0214777777778
0.03015431	0.007622445	0.0552777777778	0.0212222222222
0.05148752	0.006825051	0.0661	0.0251
0.02550013	0.006875357	0.04577	0.0215
0.04401177	0.007882629	0.0510611111111	0.0259888888889
0.02990692	0.01045232	0.0439733333333	0.0216666666667
0.0321633	0.006730111	0.05245	0.0212
0.03327357	0.00859502	0.0414866666667	0.0252333333333
0.03126548	0.005857115	0.0429933333333	0.0217666666667
0.0336958	0.007549639	0.0565166666667	0.0212333333333
0.02772335	0.007380642	0.0688955555556	0.0228444444444
0.04144696	0.0077076	0.0548566666667	0.0260333333333
0.02583547	0.004445752	0.0375111111111	0.0240888888889
0.02687444	0.005242979	0.0371866666667	0.0235333333333
0.05149149	0.008442808	0.0696311111111	0.0232888888889
0.03185703	0.006986699	0.0467511111111	0.0213888888889
0.03353265	0.008295812	0.06946	0.0241
0.03404319	0.009448419	0.0442177777778	0.0256222222222
0.02522929	0.01401485	0.0612744444444	0.0257555555556
0.03373953	0.00987643	0.0396288888889	0.0249111111111
0.04244989	0.007090346	0.06195	0.0257
0.02813499	0.01041253	0.0371433333333	0.0234666666667
0.03428912	0.005248121	0.0573066666667	0.0212333333333
0.02361268	0.007313684	0.0443622222222	0.0215777777778
0.02372839	0.007600867	0.0542433333333	0.0211666666667
0.04790235	0.009422973	0.0669388888889	0.0222111111111
0.03427425	0.009410412	0.0484122222222	0.0212777777778
0.03049228	0.005280035	0.0674377777778	0.0223222222222
0.05186275	0.007876015	0.0696577777778	0.0240222222222
0.03008452	0.004937885	0.0456044444444	0.0214555555556
0.03114431	0.008208142	0.0373044444444	0.0240555555556
0.04741989	0.008910048	0.0642544444444	0.0217555555556
0.03211864	0.01009877	0.0608288888889	0.0258111111111
0.02644408	0.006734519	0.0401333333333	0.0221666666667
0.03758962	0.005207169	0.0481155555556	0.0259444444444
0.02788627	0.007419099	0.0369588888889	0.0236111111111
0.04039477	0.006745617	0.0660488888889	0.0220111111111
0.03926948	0.007305848	0.0551844444444	0.0211555555556
0.03849935	0.005865958	0.0553644444444	0.0211555555556
0.04204433	0.007730846	0.0675388888889	0.0223111111111
0.02546477	0.006155886	0.0473688888889	0.0213111111111
0.03779557	0.009368922	0.0683866666667	0.0225333333333
0.02865549	0.007277826	0.0385888888889	0.0225111111111
0.03941561	0.01233918	0.0672766666667	0.0222333333333
0.0314033	0.007498526	0.0608811111111	0.0213888888889
0.04398817	0.006487013	0.0582611111111	0.0259888888889
0.0491081	0.008769542	0.0678544444444	0.0248555555556
0.03137396	0.00505227	0.0514555555556	0.0211444444444
0.03108519	0.004874617	0.0572311111111	0.0211888888889
0.04235099	0.008419884	0.0697222222222	0.0230777777778
0.02557753	0.007595701	0.04025	0.0221
0.03977142	0.009787579	0.0466022222222	0.0258777777778
0.03808682	0.009769676	0.0579288888889	0.0260111111111
0.04328055	0.008081742	0.0668377777778	0.0221222222222
0.05063814	0.006149769	0.0697555555556	0.0230444444444
0.04345125	0.008784522	0.0691555555556	0.0227444444444
0.0439924	0.007556636	0.0635388888889	0.0256111111111
0.03569766	0.004543728	0.0525788888889	0.0211111111111
0.03918531	0.006650303	0.0606022222222	0.0258777777778
0.04831743	0.004134785	0.0698988888889	0.0241111111111
0.01854526	0.01006204	0.0460044444444	0.0258555555556
0.0277383	0.008590001	0.03812	0.0226
0.04289262	0.007757778	0.0691811111111	0.0244888888889
0.02790907	0.01030558	0.0581277777778	0.0260222222222
0.03551021	0.01090748	0.0565855555556	0.0211444444444
0.04780236	0.008821316	0.0673266666667	0.0250333333333
0.038838	0.005539937	0.0586777777778	0.0212222222222
0.03791334	0.0045496	0.0586777777778	0.0212222222222
0.03988871	0.008550397	0.06014	0.0213
0.04137215	0.01306308	0.0686577777778	0.0225222222222
0.03712014	0.01008009	0.0649433333333	0.0217666666667
0.02617599	0.007957605	0.0488311111111	0.0211888888889
0.0425244	0.008957063	0.0655155555556	0.0218444444444
0.02307111	0.01173196	0.0668722222222	0.0220777777778
0.02545387	0.009310173	0.0474044444444	0.0212555555556
0.03142891	0.007809155	0.0464888888889	0.0259111111111
0.02579095	0.01477652	0.0599655555556	0.0259444444444
0.03671144	0.005355309	0.0580955555556	0.0260444444444
0.03581662	0.004899528	0.0650044444444	0.0217555555556
0.04727747	0.007619594	0.0698222222222	0.0242777777778
0.04108138	0.01496617	0.0511777777778	0.0261222222222
0.02223254	0.006817443	0.0399555555556	0.0251444444444
0.02260612	0.01095635	0.0559677777778	0.0261222222222
0.03484915	0.006418766	0.0417933333333	0.0217666666667
0.0362541	0.006524841	0.0491044444444	0.0211555555556
0.03937707	0.007222532	0.0636722222222	0.0215777777778
0.03303119	0.009119853	0.0462188888889	0.0259111111111
0.0301662	0.007175023	0.0433333333333	0.0215666666667
0.03024773	0.007931289	0.0399333333333	0.0220666666667
0.03725751	0.007555768	0.0551022222222	0.0210777777778
0.02001188	0.009522792	0.0372044444444	0.0228555555556
0.0246623	0.007853374	0.0366633333333	0.0231666666667
0.02831571	0.01397821	0.0366822222222	0.0240777777778
0.03279771	0.01025681	0.0370066666667	0.0229333333333
0.02285018	0.006096027	0.0364111111111	0.0234888888889
0.04085203	0.009078976	0.0676022222222	0.0221777777778
0.02655246	0.01007363	0.0371966666667	0.0228333333333
0.04006912	0.00738592	0.0503	0.0211
0.0224563	0.01063748	0.0573777777778	0.0211222222222
0.02626185	0.007223534	0.04487	0.0214
0.03529963	0.007017096	0.0578066666667	0.0211333333333
0.01715106	0.006897505	0.0366166666667	0.0231333333333
0.01842547	0.00834238	0.0378133333333	0.0246666666667
0.04652048	0.009862342	0.0699522222222	0.0228777777778
0.03830741	0.007848827	0.0543955555556	0.0210444444444
0.03339718	0.00637567	0.0472688888889	0.0212111111111
0.04281029	0.01257267	0.0569666666667	0.0261333333333
0.02779326	0.009276979	0.0415755555556	0.0217444444444
0.03343497	0.007452442	0.0576688888889	0.0211111111111
0.04494615	0.00634624	0.0627066666667	0.0214333333333
0.03195669	0.006560397	0.0483555555556	0.0211444444444
0.02315554	0.008609051	0.0377222222222	0.0246777777778
0.04323529	0.007808979	0.0607444444444	0.0259555555556
0.0417016	0.007900274	0.0521866666667	0.0210333333333
0.02912484	0.00501772	0.0361933333333	0.0237666666667
0.04934179	0.0123594	0.0671866666667	0.0220333333333
0.01454702	0.01388085	0.04096	0.0254
0.029389	0.01121721	0.0372955555556	0.0245444444444
0.02139398	0.01271871	0.0380277777778	0.0224222222222
0.03037545	0.007121569	0.0594333333333	0.0211666666667
0.03435792	0.007448832	0.0648755555556	0.0216444444444
0.03396294	0.006113431	0.0642733333333	0.0215666666667
0.02740352	0.007598391	0.0366377777778	0.0229222222222
0.02460067	0.007734754	0.0374111111111	0.0225888888889
0.02502678	0.005920416	0.0371555555556	0.0245444444444
0.04532221	0.009301725	0.07062	0.0231
0.04136513	0.00697409	0.0635955555556	0.0257444444444
0.02669986	0.01360172	0.0381522222222	0.0248777777778
0.04314428	0.006692669	0.0701177777778	0.0244222222222
0.04819553	0.00889444	0.0705755555556	0.0230444444444
0.03734244	0.006613518	0.0586988888889	0.0211111111111
0.03470569	0.005383962	0.0415311111111	0.0216888888889
0.04429656	0.01279532	0.0637022222222	0.0214777777778
0.0465928	0.00650688	0.07091	0.0233
0.02838364	0.005546278	0.0383533333333	0.0222666666667
0.03769551	0.007164178	0.0678211111111	0.0220888888889
0.0378166	0.00648895	0.0638666666667	0.0257333333333
0.02703092	0.005384048	0.06302	0.0214
0.03084394	0.00662498	0.0434555555556	0.0214444444444
0.02833147	0.01022578	0.04285	0.0215
0.0323636	0.008134397	0.0357888888889	0.0236111111111
0.03008817	0.009386591	0.0367044444444	0.0244555555556
0.0210909	0.01410521	0.0371933333333	0.0225666666667
0.02652234	0.006658161	0.0505477777778	0.0262222222222
0.04470657	0.006966096	0.0621177777778	0.0259222222222
0.04415631	0.007608142	0.0706655555556	0.0229444444444
0.03050929	0.005601982	0.0358	0.0239
0.0223619	0.006250086	0.0360311111111	0.0230888888889
0.04753275	0.007284685	0.0649555555556	0.0256444444444
0.02984401	0.007537936	0.0561222222222	0.0209777777778
0.0326486	0.006519024	0.0420444444444	0.0256555555556
0.02881466	0.006159001	0.0598177777778	0.0211222222222
0.03103006	0.00768664	0.0386888888889	0.0251111111111
0.03526944	0.006547654	0.0595577777778	0.0261222222222
0.03055272	0.00689463	0.0388322222222	0.0220777777778
0.03099051	0.006874276	0.0464233333333	0.0260666666667
0.01626495	0.009473893	0.0392	0.022
0.0281365	0.01500302	0.06676	0.0254
0.04265411	0.01237135	0.0698722222222	0.0246777777778
0.02116807	0.006580212	0.0636388888889	0.0214111111111
0.03987364	0.008539505	0.06248	0.0213
0.04118786	0.00738969	0.0711422222222	0.0231777777778
0.03941169	0.006681782	0.0609422222222	0.0211777777778
0.04016966	0.009877754	0.0673777777778	0.0219222222222
0.02895168	0.007833586	0.0551555555556	0.0209444444444
0.03072628	0.007048924	0.0551622222222	0.0262777777778
0.03585525	0.00709149	0.0676822222222	0.0219777777778
0.03628974	0.007922372	0.0635977777778	0.0258222222222
0.03398636	0.005429566	0.0432188888889	0.0214111111111
0.02795411	0.01292593	0.0605555555556	0.0211444444444
0.04599436	0.006763288	0.0668677777778	0.0218222222222
0.03880674	0.009524967	0.0600288888889	0.0211111111111
0.03047408	0.006205868	0.05304	0.0263
0.03730357	0.0061821	0.05419	0.0263
0.02057064	0.007205016	0.0354444444444	0.0235555555556
0.03989448	0.004400779	0.0704111111111	0.0226888888889
0.04533846	0.006704681	0.0671644444444	0.0218555555556
0.04420301	0.01419246	0.0710577777778	0.0242222222222
0.02901035	0.007236219	0.0437666666667	0.0213333333333
0.03925975	0.006909272	0.0693088888889	0.0249111111111
0.04685975	0.007849753	0.0712111111111	0.0230888888889
0.03921923	0.01407459	0.0477755555556	0.0210444444444
0.03490332	0.006834405	0.0496433333333	0.0209666666667
0.03314928	0.005710488	0.0547288888889	0.0209111111111
0.04673615	0.009030047	0.0547688888889	0.0209111111111
0.04091995	0.008107225	0.0687933333333	0.0221666666667
0.03737344	0.01041534	0.0384177777778	0.0251222222222
0.02963098	0.007040505	0.0591666666667	0.0210333333333
0.0291836	0.01118295	0.0668033333333	0.0217666666667
0.04754151	0.009687518	0.0716455555556	0.0235444444444
0.04564961	0.008525974	0.0689666666667	0.0250333333333
0.02507175	0.008186526	0.0392788888889	0.0219111111111
0.03110694	0.008643206	0.03871	0.0252
0.03911152	0.01225626	0.0580355555556	0.0262444444444
0.0311266	0.01264027	0.0468022222222	0.0210777777778
0.04095005	0.005576779	0.0597444444444	0.0210555555556
0.04305061	0.01435166	0.0715666666667	0.0239333333333
0.0297603	0.006973212	0.0436888888889	0.0213111111111
0.03808917	0.008164705	0.0625422222222	0.0259777777778
0.0350292	0.005777196	0.0621488888889	0.0212111111111
0.02831676	0.01045107	0.0681022222222	0.0219777777778
0.03530892	0.01361846	0.0550211111111	0.0208888888889
0.02992993	0.008504444	0.0376811111111	0.0249888888889
0.02938251	0.01064919	0.0450066666667	0.0260333333333
0.02760555	0.009405934	0.0379833333333	0.0250666666667
0.04764395	0.006695069	0.0703111111111	0.0246888888889
0.02987398	0.01073751	0.0423566666667	0.0214333333333
0.03442528	0.006701405	0.05068	0.0209
0.01833588	0.008157691	0.0356333333333	0.0242666666667
0.02625262	0.01224291	0.0411933333333	0.0215666666667
0.03058873	0.006502313	0.0508711111111	0.0208888888889
0.04227371	0.006550565	0.0633511111111	0.0212888888889
0.03151009	0.006462116	0.0352722222222	0.0231777777778
0.05038527	0.008948342	0.0668088888889	0.0255111111111
0.03558978	0.006646111	0.0506111111111	0.0208888888889
0.03096836	0.007217513	0.0368977777778	0.0248222222222
0.04678152	0.00737252	0.0661688888889	0.0216111111111
0.04701204	0.004595052	0.0701511111111	0.0247888888889
0.03914464	0.009657223	0.0703311111111	0.0224888888889
0.04166846	0.007949519	0.0708233333333	0.0226666666667
0.03113282	0.006268401	0.0599077777778	0.0210222222222
0.02234232	0.00791987	0.0391733333333	0.0253666666667
0.03170496	0.008122307	0.0442788888889	0.0212111111111
0.03281235	0.006081113	0.0471688888889	0.0262111111111
0.03954497	0.008601614	0.0702933333333	0.0247666666667
0.04904975	0.005083398	0.0682011111111	0.0252888888889
0.04487619	0.009476644	0.06621	0.0216
0.01867269	0.007999344	0.0381822222222	0.0251777777778
0.03041877	0.005856111	0.0403344444444	0.0216555555556
0.03578841	0.007732121	0.0642444444444	0.0213555555556
0.04662262	0.01054442	0.06752	0.0218
0.04598548	0.008647357	0.0661711111111	0.0215888888889
0.04740943	0.004646561	0.06755	0.0218
0.03420892	0.006274807	0.0500555555556	0.0263444444444
0.03089128	0.00811752	0.0400166666667	0.0255333333333
0.03908851	0.008120208	0.0718266666667	0.0231333333333
0.03661861	0.008307311	0.0473722222222	0.0209777777778
0.04365547	0.008783149	0.06581	0.0257
0.04667417	0.005350615	0.0719644444444	0.0232555555556
0.04483046	0.008498576	0.0721055555556	0.0237444444444
0.0283609	0.004611016	0.0433533333333	0.0212666666667
0.03959192	0.005246926	0.0624833333333	0.0211666666667
0.03296658	0.005944967	0.0354922222222	0.0243777777778
0.02408992	0.01377466	0.0681322222222	0.0218777777778
0.01923837	0.006291665	0.0352088888889	0.0242111111111
0.02539373	0.004699129	0.0521977777778	0.0208222222222
0.04296909	0.006654376	0.0673266666667	0.0217333333333
0.03698658	0.005817785	0.063	0.0212
0.04020306	0.01347286	0.07211	0.0233
0.04660112	0.00941895	0.0699722222222	0.0222777777778
0.05348389	0.006628961	0.0697288888889	0.0222111111111
0.03607592	0.01252163	0.0677511111111	0.0217888888889
0.03487949	0.006663387	0.0674955555556	0.0217444444444
0.04465398	0.007520377	0.0591011111111	0.0262888888889
0.048633	0.01323403	0.0638044444444	0.0259555555556
0.03455927	0.008178189	0.0429011111111	0.0212888888889
0.04193396	0.007083166	0.0682722222222	0.0218777777778
0.01915783	0.006913189	0.0346733333333	0.0234666666667
0.03769431	0.0155317	0.0552788888889	0.0208111111111
0.03031252	0.00929912	0.0411066666667	0.0257333333333
0.02581641	0.006475039	0.03709	0.025
0.02886549	0.007227429	0.0452522222222	0.0210777777778
0.04683525	0.007070676	0.0722777777778	0.0234222222222
0.0319952	0.00663822	0.0678511111111	0.0217888888889
0.03523577	0.01117372	0.0387044444444	0.0218555555556
0.04598966	0.01032719	0.0637255555556	0.0212444444444
0.02581049	0.004821245	0.0358188888889	0.0246111111111
0.04190947	0.0127248	0.0620777777778	0.0261222222222
0.03922836	0.01090364	0.0517977777778	0.0264222222222
0.03906409	0.009585313	0.0533311111111	0.0207888888889
0.03109454	0.006029514	0.0568211111111	0.0263888888889
0.03463177	0.01189878	0.0699955555556	0.0222444444444
0.03190241	0.005631367	0.0398444444444	0.0216555555556
0.0167487	0.00599942	0.05537	0.0208
0.03242025	0.01087802	0.0345622222222	0.0235777777778
0.05642826	0.008051072	0.0704544444444	0.0248555555556
0.02465223	0.009739159	0.0455355555556	0.0210444444444
0.04562417	0.007328572	0.0596111111111	0.0262888888889
0.03722579	0.01125222	0.0518811111111	0.0207888888889
0.04189352	0.008090871	0.0493622222222	0.0263777777778
0.03730004	0.006633663	0.0648522222222	0.0258777777778
0.02674558	0.006181924	0.0346444444444	0.0239555555556
0.02337998	0.007667162	0.0368133333333	0.0249666666667
0.03724421	0.00869194	0.0514811111111	0.0207888888889
0.03836683	0.007161563	0.0495811111111	0.0263888888889
0.0296845	0.01481883	0.0718677777778	0.0243222222222
0.04871851	0.01337737	0.0664366666667	0.0215333333333
0.03557544	0.009344634	0.0457788888889	0.0210111111111
0.03708327	0.01069066	0.0691111111111	0.0219888888889
0.04528921	0.00662567	0.0723666666667	0.0232333333333
0.04322827	0.006474045	0.05942	0.0209
0.03560745	0.00715538	0.0571888888889	0.0208111111111
0.02625148	0.007381581	0.0346044444444	0.0231555555556
0.03026476	0.007126437	0.0344166666667	0.0238333333333
0.04456566	0.007263151	0.0627088888889	0.0211111111111
0.03887829	0.006729336	0.0505266666667	0.0264333333333
0.04324037	0.006367988	0.0617111111111	0.0261888888889
0.04874148	0.0075383	0.0693777777778	0.0220222222222
0.04054174	0.003942725	0.0715044444444	0.0226555555556
0.03556677	0.01039954	0.0484822222222	0.0263777777778
0.02622375	0.005499463	0.0388244444444	0.0217555555556
0.03711304	0.007954582	0.0595466666667	0.0263333333333
0.02711114	0.0143418	0.0471	0.0209
0.02712746	0.007653722	0.0556044444444	0.0207555555556
0.03770114	0.004680183	0.0604411111111	0.0262888888889
0.02694939	0.01381199	0.0362411111111	0.0248888888889
0.0351252	0.007472342	0.0655922222222	0.0213777777778
0.03239912	0.00933764	0.0587255555556	0.0208444444444
0.04040199	0.008715304	0.0670822222222	0.0215777777778
0.04564052	0.007063222	0.0697133333333	0.0220666666667
0.04195801	0.01071039	0.0708333333333	0.0223666666667
0.04178192	0.007658649	0.0695277777778	0.0220222222222
0.02730725	0.006315463	0.0342655555556	0.0238444444444
0.02336528	0.006897488	0.0453	0.021
0.04594601	0.008071337	0.06295	0.0211
0.04325745	0.008255333	0.0724511111111	0.0230888888889
0.04344029	0.007613515	0.05842	0.0264
0.04558076	0.006346944	0.06299	0.0211
0.03727105	0.005897934	0.0511455555556	0.0207444444444
0.05184584	0.007391279	0.0688733333333	0.0218666666667
0.02347126	0.006935981	0.0441655555556	0.0261444444444
0.02617325	0.008464875	0.0578266666667	0.0264333333333
0.04650227	0.006021706	0.0679022222222	0.0216777777778
0.03974778	0.009095113	0.0468311111111	0.0208888888889
0.01335193	0.01182147	0.0718611111111	0.0226888888889
0.0345162	0.009713083	0.0625055555556	0.0210444444444
0.04942024	0.007582241	0.0659055555556	0.0258444444444
0.03363128	0.006332117	0.0635177777778	0.0211222222222
0.02699249	0.008648886	0.0357488888889	0.0224111111111
0.05569714	0.008341042	0.0725522222222	0.0241777777778
0.02439131	0.005023067	0.0365222222222	0.0221777777778
0.03626643	0.006163331	0.0551788888889	0.0265111111111
0.02287145	0.00674636	0.0395222222222	0.0215777777778
0.02344745	0.005429545	0.05399	0.0207
0.04419452	0.005931565	0.0670677777778	0.0215222222222
0.03054512	0.009844501	0.0352844444444	0.0225555555556
0.03041852	0.006963543	0.0454133333333	0.0262666666667
0.03475985	0.005445225	0.05221	0.0207
0.02772045	0.007626774	0.0377111111111	0.0218888888889
0.05267617	0.006377529	0.0711044444444	0.0223555555556
0.02444101	0.01116973	0.0718766666667	0.0226333333333
0.03304106	0.005527489	0.0453444444444	0.0209555555556
0.03265888	0.005481786	0.0540511111111	0.0206888888889
0.03240521	0.006086599	0.05539	0.0207
0.04268114	0.006888716	0.0700933333333	0.0220666666667
0.03458376	0.00751276	0.0440755555556	0.0210444444444
0.02643968	0.006370702	0.034	0.0233
0.04484082	0.008541203	0.0570666666667	0.0207333333333
0.03886052	0.0109141	0.0598955555556	0.0208444444444
0.03376065	0.009880497	0.0406466666667	0.0258333333333
0.06051363	0.01180834	0.0723022222222	0.0227777777778
0.03149286	0.01111201	0.0631344444444	0.0210555555556
0.02923518	0.008341218	0.0339533333333	0.0232666666667
0.04662039	0.005515853	0.0730411111111	0.0238888888889
0.04497043	0.005561139	0.0675444444444	0.0215555555556
0.02789171	0.008110499	0.0342177777778	0.0242222222222
0.04246927	0.004147826	0.0517222222222	0.0206777777778
0.03679698	0.01291451	0.0527644444444	0.0265555555556
0.05195609	0.006125255	0.0684111111111	0.0216888888889
0.04950685	0.00714822	0.0665988888889	0.0214111111111
0.03909204	0.01007107	0.0482544444444	0.0264555555556
0.03713817	0.01049337	0.0450122222222	0.0262777777778
0.04304844	0.005866747	0.0587333333333	0.0207666666667
0.02523717	0.008213997	0.0338888888889	0.0232111111111
0.03325509	0.008189796	0.0337488888889	0.0234111111111
0.04744972	0.006747941	0.0729333333333	0.0230666666667
0.04982471	0.01146907	0.07312	0.024
0.02499218	0.01013447	0.0436566666667	0.0210333333333
0.03578531	0.008199928	0.0625133333333	0.0209666666667
0.03398998	0.007779344	0.0524055555556	0.0206444444444
0.04617153	0.005140126	0.06005	0.0208
0.03878078	0.01010629	0.0542666666667	0.0206333333333
0.04602177	0.008452703	0.07343	0.0235
0.03656746	0.00985122	0.0409111111111	0.0212888888889
0.03508963	0.009379946	0.0726366666667	0.0227333333333
0.04240816	0.006593334	0.0575655555556	0.0265444444444
0.02217751	0.01037235	0.0342022222222	0.0227777777778
0.02437223	0.007950487	0.0615833333333	0.0208666666667
0.04005894	0.006409422	0.0594055555556	0.0207444444444
0.03200335	0.007974207	0.04353	0.021
0.02635044	0.01244303	0.0556577777778	0.0206222222222
0.02775568	0.006729752	0.0479888888889	0.0207111111111
0.04636578	0.005427486	0.05606	0.0266
0.02854381	0.004775705	0.0704322222222	0.0219777777778
0.03025627	0.01342254	0.03829	0.0256
0.03886021	0.006416147	0.0611777777778	0.0208222222222
0.02919897	0.009636449	0.0355688888889	0.0222111111111
0.02637036	0.006241318	0.0397	0.0214
0.03665803	0.009366984	0.05172	0.0206
0.04511383	0.01153455	0.0675666666667	0.0214333333333
0.02645328	0.007570298	0.0384933333333	0.0215666666667
0.0350569	0.008058757	0.0715177777778	0.0222222222222
0.04197485	0.007269934	0.07377	0.0236
