root_height	pop_size	pi_net	pi_within
0.03249679	0.00291128	0.0584222222222	0.00507777777778
0.03373901	0.002185428	0.0584222222222	0.00507777777778
0.03547678	0.003220748	0.0584111111111	0.00508888888889
0.03222544	0.003733816	0.0584666666667	0.00503333333333
0.02379197	0.005411428	0.0585888888889	0.00511111111111
0.03179699	0.003739989	0.0588444444444	0.00505555555556
0.03025483	0.002478076	0.0587666666667	0.00503333333333
0.03815702	0.003490655	0.0588	0.0051
0.0220663	0.003040146	0.0582177777778	0.00502222222222
0.03186263	0.002432177	0.0584	0.005
0.02903067	0.002937595	0.0587666666667	0.00513333333333
0.0284009	0.002625486	0.0584655555556	0.00514444444444
0.03349972	0.005272742	0.0584111111111	0.00498888888889
0.02338261	0.003285	0.0589777777778	0.00502222222222
0.03134011	0.003382389	0.0583111111111	0.00498888888889
0.0245119	0.00594776	0.0590666666667	0.00503333333333
0.03293182	0.003148308	0.0589888888889	0.00501111111111
0.02559829	0.004587632	0.0591233333333	0.00506666666667
0.02538152	0.002808984	0.0584444444444	0.00515555555556
0.01999894	0.004089003	0.0583444444444	0.00515555555556
0.02669045	0.004481793	0.0579122222222	0.00507777777778
0.03005031	0.006252837	0.0579688888889	0.00511111111111
0.01953102	0.003560939	0.0580666666667	0.00513333333333
0.03622054	0.004255639	0.0583333333333	0.00496666666667
0.03239139	0.004238975	0.0581133333333	0.00516666666667
0.03095836	0.005346288	0.0588444444444	0.00495555555556
0.02867893	0.002586511	0.0577133333333	0.00506666666667
0.03505007	0.00535796	0.0584555555556	0.00494444444444
0.01776093	0.002584791	0.0583355555556	0.00494444444444
0.03264057	0.003223232	0.0583111111111	0.00518888888889
0.0365642	0.003443402	0.0582111111111	0.00518888888889
0.03078128	0.00365308	0.0588555555556	0.00494444444444
0.02682551	0.002290506	0.0576555555556	0.00504444444444
0.03197293	0.003407115	0.0589555555556	0.00494444444444
0.02802586	0.004494439	0.0593011111111	0.00498888888889
0.01443909	0.005583187	0.0591222222222	0.00517777777778
0.02023865	0.002287369	0.0594666666667	0.00503333333333
0.02794308	0.003570052	0.0584888888889	0.00521111111111
0.04025767	0.003382619	0.0593555555556	0.00514444444444
0.03401094	0.0043759	0.0595222222222	0.00507777777778
0.02837822	0.003949776	0.0593444444444	0.00515555555556
0.02736229	0.003805008	0.0575222222222	0.00507777777778
0.02910531	0.003935538	0.0578222222222	0.00517777777778
0.03422596	0.002899779	0.0590577777778	0.00492222222222
0.03471458	0.001500175	0.0574333333333	0.00506666666667
0.03369616	0.004695338	0.0593444444444	0.00495555555556
0.03053724	0.002857698	0.0574322222222	0.00507777777778
0.03582179	0.004133934	0.0596088888889	0.00511111111111
0.02792519	0.003507697	0.0584	0.0049
0.03817876	0.004551682	0.05926	0.0052
0.03315339	0.006492451	0.0576444444444	0.00495555555556
0.03264907	0.002942129	0.0574177777778	0.00512222222222
0.03130186	0.004219333	0.0579777777778	0.00522222222222
0.03081147	0.002924772	0.0579777777778	0.00522222222222
0.02730514	0.003458863	0.0573888888889	0.00511111111111
0.03551288	0.002859542	0.0575333333333	0.00516666666667
0.03079968	0.00246728	0.059	0.0049
0.02639767	0.002934339	0.0573111111111	0.00508888888889
0.03184743	0.002057416	0.0579666666667	0.00523333333333
0.03191659	0.0041313	0.0581411111111	0.00488888888889
0.02427096	0.002158568	0.0596622222222	0.00497777777778
0.02961628	0.004229244	0.0592777777778	0.00522222222222
0.03974189	0.003300664	0.0591666666667	0.00523333333333
0.02641321	0.005958761	0.0572444444444	0.00505555555556
0.03021083	0.002921798	0.0578666666667	0.00523333333333
0.0391988	0.003557502	0.0582222222222	0.00487777777778
0.03246205	0.003571088	0.0575111111111	0.00518888888889
0.03050338	0.004341598	0.0573	0.005
0.02738906	0.002449844	0.0598444444444	0.00505555555556
0.03025589	0.003444605	0.0581222222222	0.00487777777778
0.02734644	0.00290171	0.0597033333333	0.00516666666667
0.02734317	0.00308419	0.0594777777778	0.00492222222222
0.03329243	0.004182257	0.0590444444444	0.00525555555556
0.0427258	0.002854376	0.0595666666667	0.00493333333333
0.03304571	0.00334876	0.0599111111111	0.00508888888889
0.02987953	0.004443456	0.0571444444444	0.00505555555556
0.02274153	0.00327616	0.0579444444444	0.00525555555556
0.02354809	0.002820661	0.0586222222222	0.00527777777778
0.03199487	0.0045797	0.0597555555556	0.00494444444444
0.03718716	0.004551611	0.0599777777778	0.00502222222222
0.02591184	0.00303951	0.0570666666667	0.00503333333333
0.0373035	0.005732089	0.0585111111111	0.00528888888889
0.02447139	0.005781042	0.0600222222222	0.00507777777778
0.02638489	0.002945282	0.0599555555556	0.00514444444444
0.03197433	0.005730742	0.0582011111111	0.00528888888889
0.03101694	0.004205379	0.0596	0.0049
0.02146916	0.004675485	0.0572666666667	0.00493333333333
0.03346816	0.001967746	0.0572111111111	0.00518888888889
0.03207972	0.006321578	0.0582666666667	0.00483333333333
0.02687967	0.003259748	0.0600888888889	0.00501111111111
0.03897808	0.003433934	0.0569333333333	0.00506666666667
0.03723116	0.002527523	0.0601333333333	0.00506666666667
0.02788556	0.003724663	0.0599111111111	0.00518888888889
0.03658018	0.00551816	0.0569688888889	0.00501111111111
0.03354169	0.002830122	0.0589666666667	0.00483333333333
0.03115219	0.004077754	0.0570333333333	0.00496666666667
0.02252949	0.005410236	0.0592555555556	0.00484444444444
0.01280488	0.005876496	0.0587777777778	0.00482222222222
0.01683661	0.003591122	0.0569555555556	0.00514444444444
0.03680297	0.004443925	0.0595333333333	0.00486666666667
0.03617572	0.001506836	0.0602222222222	0.00507777777778
0.03459826	0.003879318	0.0602222222222	0.00507777777778
0.03474972	0.005621109	0.0584888888889	0.00481111111111
0.03400688	0.001347933	0.0590588888889	0.00531111111111
0.03378672	0.004584324	0.0570777777778	0.00492222222222
0.0348125	0.002439116	0.0598555555556	0.00524444444444
0.03692299	0.003198766	0.0602888888889	0.00511111111111
0.02551218	0.003138212	0.0580177777778	0.00532222222222
0.02442853	0.00240343	0.0584	0.0048
0.02921084	0.0020807	0.0568	0.005
0.03130775	0.005350495	0.0602666666667	0.00513333333333
0.02919785	0.003472949	0.0597333333333	0.00486666666667
0.0265802	0.004651853	0.05679	0.005
0.03009934	0.005159262	0.0602233333333	0.00496666666667
0.03792961	0.003164453	0.0594666666667	0.00483333333333
0.03573715	0.002816438	0.0594666666667	0.00483333333333
0.03474165	0.00308863	0.0591777777778	0.00532222222222
0.02923845	0.00360152	0.0595	0.0053
0.03076931	0.004139309	0.0568444444444	0.00495555555556
0.02502295	0.002180866	0.0573444444444	0.00485555555556
0.03564689	0.002588523	0.0573222222222	0.00527777777778
0.03047722	0.003208477	0.0569388888889	0.00521111111111
0.03973495	0.003234765	0.0579666666667	0.00533333333333
0.03179627	0.002339426	0.0572233333333	0.00526666666667
0.03940732	0.006661792	0.0604111111111	0.00508888888889
0.03615569	0.003210713	0.0567444444444	0.00515555555556
0.03436457	0.003896155	0.0603555555556	0.00514444444444
0.02938758	0.002920963	0.05686	0.0052
0.03075162	0.002636485	0.0589111111111	0.00478888888889
0.04552246	0.002597319	0.0604333333333	0.00506666666667
0.04206144	0.001686704	0.0602555555556	0.00494444444444
0.03469905	0.004002606	0.0601777777778	0.00492222222222
0.02320409	0.005119294	0.0568777777778	0.00492222222222
0.03040301	0.00334634	0.0604	0.005
0.03263453	0.002168826	0.0597555555556	0.00484444444444
0.0400918	0.00640626	0.0604555555556	0.00504444444444
0.02684878	0.002261946	0.0603222222222	0.00517777777778
0.03435078	0.003670243	0.0583444444444	0.00535555555556
0.03293502	0.002999683	0.0588222222222	0.00477777777778
0.03454771	0.002953699	0.0568777777778	0.00522222222222
0.02804755	0.005703579	0.0588444444444	0.00535555555556
0.03042323	0.003210678	0.0575777777778	0.00532222222222
0.02876713	0.004139293	0.0581444444444	0.00535555555556
0.0297992	0.00356647	0.0603	0.0052
0.02926008	0.002574651	0.0568488888889	0.00491111111111
0.0279249	0.002970113	0.0565555555556	0.00504444444444
0.03731831	0.00387585	0.0597666666667	0.00483333333333
0.02352381	0.003934948	0.0604888888889	0.00501111111111
0.03450509	0.00347099	0.0605333333333	0.00506666666667
0.02799052	0.002911954	0.0566222222222	0.00497777777778
0.03185074	0.001601511	0.0574888888889	0.00481111111111
0.02819088	0.003031277	0.0589333333333	0.00536666666667
0.03519121	0.004376756	0.0566555555556	0.00494444444444
0.03147524	0.002793916	0.0600444444444	0.00485555555556
0.0331163	0.002907421	0.0570044444444	0.00485555555556
0.03856523	0.001812434	0.0565	0.005
0.03004516	0.00521458	0.0584222222222	0.00537777777778
0.03062014	0.003357697	0.0605555555556	0.00514444444444
0.03652688	0.001498049	0.0583444444444	0.00475555555556
0.03136384	0.002840693	0.0593444444444	0.00535555555556
0.02881628	0.001441306	0.0572888888889	0.00481111111111
0.03565996	0.004301916	0.0572888888889	0.00481111111111
0.02931575	0.003781339	0.0572777777778	0.00532222222222
0.03719453	0.001729487	0.0606555555556	0.00504444444444
0.03708221	0.003802063	0.0604388888889	0.00521111111111
0.02436019	0.004302797	0.0565555555556	0.00494444444444
0.0308729	0.003729654	0.0606111111111	0.00498888888889
0.03805148	0.003924011	0.0603666666667	0.00523333333333
0.02069233	0.00293725	0.0603666666667	0.00523333333333
0.0350544	0.002136233	0.0585555555556	0.00474444444444
0.03134478	0.003845327	0.0606222222222	0.00497777777778
0.03099311	0.002617764	0.0563888888889	0.00501111111111
0.02819634	0.003108458	0.0578922222222	0.00537777777778
0.03131435	0.00198659	0.0570777777778	0.00482222222222
0.02980435	0.003548104	0.0564333333333	0.00496666666667
0.02973681	0.003836259	0.0604777777778	0.00522222222222
0.03165123	0.002063106	0.0580555555556	0.00474444444444
0.02642544	0.00283746	0.0564444444444	0.00495555555556
0.02602125	0.002052312	0.0566555555556	0.00524444444444
0.03668353	0.002262136	0.0566	0.0049
0.0284035	0.003158803	0.0577222222222	0.00537777777778
0.03653276	0.003882809	0.0567333333333	0.00486666666667
0.03579364	0.00198822	0.0588	0.0054
0.02868808	0.004818253	0.0569888888889	0.00531111111111
0.02009534	0.002179205	0.0570688888889	0.00481111111111
0.03438159	0.002578455	0.0605777777778	0.00492222222222
0.03344971	0.0029018	0.0564777777778	0.00492222222222
0.03439361	0.006353274	0.0564777777778	0.00492222222222
0.02909548	0.002203569	0.0576222222222	0.00537777777778
0.03417686	0.005579645	0.0604222222222	0.00487777777778
0.04236745	0.004190853	0.0565955555556	0.00524444444444
0.03046609	0.00354133	0.0564111111111	0.00518888888889
0.02374477	0.002879201	0.0571	0.0048
0.03493091	0.004078006	0.0599666666667	0.00533333333333
0.03764339	0.00280665	0.0604444444444	0.00525555555556
0.03193596	0.002188982	0.0564166666667	0.00493333333333
0.03654533	0.003920001	0.0579666666667	0.00473333333333
0.03415937	0.003412043	0.0562666666667	0.00513333333333
0.03344834	0.004355214	0.0591666666667	0.00473333333333
0.02704593	0.002961183	0.0578666666667	0.00473333333333
0.03148688	0.004833859	0.0599555555556	0.00534444444444
0.02089701	0.00402741	0.0580777777778	0.00472222222222
0.03959234	0.004596037	0.0606788888889	0.00521111111111
0.03535304	0.002855122	0.0563111111111	0.00518888888889
0.04058535	0.002199301	0.0579888888889	0.00541111111111
0.03428857	0.004170844	0.0604444444444	0.00485555555556
0.03174644	0.002783092	0.0586888888889	0.00471111111111
0.03489115	0.006264922	0.0582888888889	0.00471111111111
0.04114988	0.003083407	0.0581888888889	0.00471111111111
0.04167609	0.006432275	0.0573222222222	0.00537777777778
0.03637255	0.004764049	0.0609444444444	0.00505555555556
0.0381935	0.002030205	0.0589777777778	0.00542222222222
0.03177978	0.003238457	0.0580788888889	0.00471111111111
0.03643141	0.002789878	0.0575666666667	0.00473333333333
0.02912785	0.001992612	0.05637	0.0049
0.03518476	0.002440608	0.0609111111111	0.00498888888889
0.03427491	0.003236532	0.0607	0.0049
0.03244496	0.005082308	0.0590777777778	0.00542222222222
0.03216895	0.003095599	0.0562888888889	0.00521111111111
0.02032514	0.003369167	0.0586	0.0047
0.03137072	0.0057447	0.0609777777778	0.00502222222222
0.03454258	0.002833447	0.0603777777778	0.00482222222222
0.02466578	0.002380195	0.0563555555556	0.00524444444444
0.03601985	0.004683303	0.0606333333333	0.00526666666667
0.03478369	0.002973216	0.0572755555556	0.00474444444444
0.02952447	0.002209318	0.0560333333333	0.00506666666667
0.04304217	0.003095744	0.0560666666667	0.00513333333333
0.02965029	0.003031988	0.0572511111111	0.00538888888889
0.02953015	0.00228477	0.0565111111111	0.00528888888889
0.0340912	0.003452762	0.0610444444444	0.00505555555556
0.02760942	0.003576312	0.0566888888889	0.00481111111111
0.02412255	0.004696271	0.0605066666667	0.00483333333333
0.03376968	0.002710623	0.0563111111111	0.00488888888889
0.03299974	0.00446715	0.0574888888889	0.00541111111111
0.0318655	0.004962409	0.0602555555556	0.00534444444444
0.02050649	0.004559164	0.0587555555556	0.00544444444444
0.02963095	0.003100113	0.0610222222222	0.00497777777778
0.03377219	0.002619483	0.0593	0.0047
0.03296565	0.004040259	0.0610777777778	0.00512222222222
0.03432291	0.002403471	0.0603111111111	0.00478888888889
0.03116001	0.002246449	0.0610666666667	0.00513333333333
0.03012734	0.003210877	0.0559777777778	0.00502222222222
0.02673914	0.00344651	0.0568222222222	0.00477777777778
0.03454086	0.003169147	0.0566666666667	0.00533333333333
0.03192951	0.001907505	0.0577	0.0047
0.03201743	0.003942678	0.0572	0.0054
0.02746141	0.003268917	0.0586222222222	0.00467777777778
0.03378276	0.00387217	0.0586222222222	0.00467777777778
0.02970266	0.002081043	0.0559222222222	0.00507777777778
0.0332714	0.005438808	0.0562444444444	0.00525555555556
0.04460945	0.002914181	0.0571666666667	0.00473333333333
0.03037955	0.003370227	0.0563222222222	0.00527777777778
0.0325079	0.003531243	0.0575666666667	0.00543333333333
0.03572423	0.002199706	0.0606666666667	0.00483333333333
0.02781933	0.002951294	0.0590444444444	0.00545555555556
0.0315604	0.003181226	0.0560888888889	0.00491111111111
0.02831432	0.003830314	0.0560777777778	0.00522222222222
0.03264683	0.001645631	0.0570666666667	0.00473333333333
0.02062267	0.002756828	0.0601111111111	0.00538888888889
0.02966609	0.00302463	0.0604555555556	0.00534444444444
0.02980482	0.002055601	0.0576555555556	0.00544444444444
0.02624172	0.003864608	0.0566644444444	0.00535555555556
0.03367726	0.004625248	0.05703	0.0054
0.04222807	0.002243222	0.0592222222222	0.00467777777778
0.03592114	0.00455395	0.0582333333333	0.00546666666667
0.03256364	0.006533703	0.05608	0.0049
0.02941506	0.002981043	0.0578022222222	0.00467777777778
0.02369726	0.004884084	0.0595211111111	0.00468888888889
0.02848313	0.003444337	0.0566222222222	0.00477777777778
0.0206059	0.003816587	0.0561222222222	0.00487777777778
0.02510349	0.00499198	0.0609444444444	0.00525555555556
0.03725149	0.004047662	0.0597166666667	0.00543333333333
0.03496189	0.002506325	0.0612111111111	0.00498888888889
0.03051933	0.001950891	0.0610888888889	0.00521111111111
0.02640268	0.003397522	0.0571888888889	0.00471111111111
0.0326756	0.003236721	0.0598888888889	0.00471111111111
0.03184583	0.004159147	0.0563288888889	0.00531111111111
0.03086855	0.002394742	0.0606888888889	0.00481111111111
0.03352861	0.002606401	0.0612222222222	0.00497777777778
0.02646545	0.005508679	0.0587444444444	0.00465555555556
0.02731445	0.002642444	0.0583222222222	0.00547777777778
0.03015921	0.003710015	0.0569	0.0054
0.03261723	0.002239203	0.0558	0.005
0.03631057	0.003013182	0.0612777777778	0.00512222222222
0.03327616	0.00334506	0.0558111111111	0.00498888888889
0.04410244	0.003842102	0.0588822222222	0.00547777777778
0.03322198	0.002264752	0.0592633333333	0.00546666666667
0.03240383	0.005225935	0.0569888888889	0.00541111111111
0.03558809	0.00539684	0.0557555555556	0.00504444444444
0.03129489	0.002882656	0.0570777777778	0.00542222222222
0.02137803	0.004277405	0.0561222222222	0.00527777777778
0.03145446	0.002583587	0.0595522222222	0.00467777777778
0.02857223	0.004392834	0.0607488888889	0.00481111111111
0.03149125	0.004517106	0.0559911111111	0.00488888888889
0.04010606	0.004435558	0.0612	0.0052
0.03410889	0.004082252	0.0579444444444	0.00465555555556
0.02731442	0.004301417	0.05681	0.0054
0.02990588	0.005131211	0.0612922222222	0.00497777777778
0.02922842	0.006063707	0.0586555555556	0.00464444444444
0.03802379	0.002969632	0.0587111111111	0.00548888888889
0.02505964	0.003664839	0.0563955555556	0.00534444444444
0.03397367	0.005148135	0.0560333333333	0.00526666666667
0.02740696	0.005971772	0.0569888888889	0.00471111111111
0.03269563	0.003354309	0.0611111111111	0.00488888888889
0.02832393	0.004203816	0.0609555555556	0.00484444444444
0.03397248	0.003258171	0.0558111111111	0.00518888888889
0.02927025	0.002470529	0.0567666666667	0.00473333333333
0.0299279	0.004321553	0.0559066666667	0.00523333333333
0.03150744	0.003720281	0.0595333333333	0.00466666666667
0.03171538	0.00404288	0.0595333333333	0.00546666666667
0.03112125	0.006178765	0.0608888888889	0.00531111111111
0.02696042	0.002658958	0.0608888888889	0.00531111111111
0.02826714	0.004840007	0.0613666666667	0.00513333333333
0.03129589	0.003889574	0.0613777777778	0.00512222222222
0.03560729	0.005790155	0.0613888888889	0.00511111111111
0.03354285	0.001903388	0.0557333333333	0.00516666666667
0.02472455	0.003399381	0.0560222222222	0.00527777777778
0.02940341	0.003358129	0.0561	0.0053
0.02970701	0.003292326	0.0557555555556	0.00494444444444
0.03012238	0.003416975	0.0613111111111	0.00518888888889
0.03028344	0.003688535	0.0588	0.0055
0.02886292	0.003096821	0.0598444444444	0.00545555555556
0.02526858	0.00352248	0.0598444444444	0.00545555555556
0.03362825	0.003529382	0.0588666666667	0.00463333333333
0.0353741	0.001681129	0.0557688888889	0.00521111111111
0.03371529	0.0040471	0.0593555555556	0.00464444444444
0.02716466	0.003568372	0.0566977777778	0.00472222222222
0.02709317	0.004219273	0.0557488888889	0.00521111111111
0.03802423	0.002244833	0.0563733333333	0.00476666666667
0.03466572	0.002938121	0.06135	0.0052
0.02684549	0.002215451	0.0567777777778	0.00542222222222
0.03511275	0.004483678	0.0607133333333	0.00476666666667
0.03527713	0.005370134	0.0614666666667	0.00513333333333
0.03388285	0.003601909	0.0612222222222	0.00487777777778
0.034683	0.00287581	0.0592	0.0055
0.03447101	0.004050356	0.0598333333333	0.00466666666667
0.03690624	0.003807022	0.0614333333333	0.00516666666667
0.02783089	0.002808426	0.0614333333333	0.00516666666667
0.03434374	0.002246171	0.0614333333333	0.00516666666667
0.03098149	0.006818507	0.0556444444444	0.00495555555556
0.03960823	0.002899227	0.0560888888889	0.00481111111111
0.02884027	0.005260401	0.0582888888889	0.00551111111111
0.03228231	0.003259058	0.05924	0.0055
0.03546378	0.005541621	0.0606111111111	0.00538888888889
0.03021631	0.002709066	0.0581777777778	0.00462222222222
0.02893265	0.002860755	0.0603777777778	0.00542222222222
0.03671866	0.003819116	0.0561555555556	0.00534444444444
0.03141731	0.00254185	0.0555555555556	0.00514444444444
0.02768427	0.005850646	0.0555177777778	0.00502222222222
0.03633033	0.005370372	0.0610888888889	0.00531111111111
0.03366775	0.003506003	0.0574111111111	0.00548888888889
0.03492466	0.003193548	0.0615666666667	0.00503333333333
0.03278748	0.004140004	0.061	0.0048
0.0266636	0.004350302	0.0585777777778	0.00552222222222
0.03141242	0.00174613	0.0584777777778	0.00552222222222
0.03516553	0.002783107	0.05606	0.0048
0.0303242	0.001883093	0.0583777777778	0.00552222222222
0.03364182	0.002357951	0.0608333333333	0.00476666666667
0.02484722	0.002619634	0.0587977777778	0.00552222222222
0.03180219	0.003090699	0.0560466666667	0.00533333333333
0.03697144	0.001583947	0.0597111111111	0.00548888888889
0.02483634	0.00514404	0.0558555555556	0.00484444444444
0.02478653	0.004274236	0.0559888888889	0.00481111111111
0.04097923	0.003522585	0.0565888888889	0.00471111111111
0.02834959	0.002630223	0.0575	0.0055
0.0260604	0.004544051	0.0611477777778	0.00482222222222
0.03086813	0.002279535	0.0572755555556	0.00464444444444
0.03053435	0.004709452	0.0556466666667	0.00523333333333
0.03165513	0.004433664	0.0563111111111	0.00538888888889
0.02762305	0.004165493	0.0615	0.0052
0.03483101	0.004619927	0.0554333333333	0.00506666666667
0.03441757	0.005155058	0.0569333333333	0.00466666666667
0.02779599	0.001481829	0.0575888888889	0.00551111111111
0.03244048	0.003060483	0.0594888888889	0.00551111111111
0.03287979	0.003893332	0.0575777777778	0.00462222222222
0.02707971	0.004212358	0.0583666666667	0.00553333333333
0.0253439	0.002854994	0.0605777777778	0.00542222222222
0.03213692	0.005197586	0.0577777777778	0.00552222222222
0.02998263	0.001783059	0.0564777777778	0.00542222222222
0.03651913	0.004635335	0.0565666666667	0.00543333333333
0.04025037	0.004644634	0.0589666666667	0.00553333333333
0.03344515	0.003688359	0.0602133333333	0.00546666666667
0.02319726	0.004363668	0.0554	0.005
0.03731173	0.004311235	0.0610955555556	0.00534444444444
0.03359616	0.002972342	0.0608555555556	0.00474444444444
0.02796548	0.002166576	0.0555666666667	0.00523333333333
0.02850038	0.006352319	0.0614444444444	0.00525555555556
0.03959269	0.003307791	0.0614444444444	0.00525555555556
0.03132812	0.002942153	0.0611666666667	0.00533333333333
0.03699011	0.003079658	0.0583111111111	0.00458888888889
0.03611183	0.002640341	0.0582811111111	0.00458888888889
0.03327311	0.005119511	0.0606	0.0047
0.02767835	0.003426012	0.0616922222222	0.00497777777778
0.03391251	0.001823696	0.0604222222222	0.00467777777778
0.02439711	0.005801001	0.0589111111111	0.00458888888889
0.02847075	0.004037892	0.0615666666667	0.00523333333333
0.03228351	0.002623811	0.0563377777778	0.00542222222222
0.0390526	0.002269724	0.0612888888889	0.00481111111111
0.03727575	0.002472072	0.0576	0.0046
0.03255883	0.004093331	0.0553122222222	0.00497777777778
0.04173273	0.003726448	0.0607888888889	0.00471111111111
0.03187427	0.00381785	0.0613777777778	0.00482222222222
0.0311055	0.005006976	0.0555333333333	0.00526666666667
0.03033376	0.006065445	0.0602111111111	0.00548888888889
0.04266047	0.003774719	0.0556777777778	0.00482222222222
0.03277534	0.001474666	0.0589222222222	0.00457777777778
0.03197991	0.002028813	0.0561777777778	0.00472222222222
0.03071789	0.002548388	0.0615222222222	0.00527777777778
0.03458516	0.002153213	0.0559544444444	0.00475555555556
0.02718499	0.004140199	0.0556888888889	0.00481111111111
0.0223914	0.004110611	0.0554	0.0049
0.03067834	0.004389332	0.05532	0.0052
0.0377531	0.003333333	0.0618666666667	0.00503333333333
0.02737322	0.001656305	0.0592222222222	0.00457777777778
0.02636063	0.004400055	0.0578422222222	0.00457777777778
0.03676344	0.002969938	0.0592344444444	0.00555555555556
0.0300653	0.003209259	0.0583333333333	0.00456666666667
0.02474995	0.00467359	0.0575111111111	0.00458888888889
0.03891225	0.002592628	0.0609777777778	0.00472222222222
0.01840101	0.003745026	0.06105	0.0054
0.04395942	0.002693313	0.06178	0.0052
0.04025276	0.002550489	0.0618333333333	0.00516666666667
0.03708274	0.003862872	0.0615555555556	0.00484444444444
0.03617828	0.004291273	0.0577222222222	0.00457777777778
0.03011889	0.002805243	0.0552444444444	0.00495555555556
0.02991898	0.002531158	0.0616333333333	0.00486666666667
0.02820303	0.003933253	0.0552555555556	0.00494444444444
0.03028918	0.003381712	0.0618111111111	0.00518888888889
0.02989583	0.003615152	0.0552888888889	0.00521111111111
0.02233536	0.0035153	0.0603	0.0055
0.03481111	0.005757825	0.0617888888889	0.00521111111111
0.03294472	0.004024593	0.0601777777778	0.00462222222222
0.0288961	0.003564978	0.0565222222222	0.00547777777778
0.02941482	0.005460334	0.0604555555556	0.00464444444444
0.03755725	0.004545969	0.0616111111111	0.00528888888889
0.03368542	0.003619076	0.0612444444444	0.00475555555556
0.03194272	0.004991627	0.0584444444444	0.00455555555556
0.02930763	0.002394036	0.0569777777778	0.00552222222222
0.02976692	0.003023913	0.0569777777778	0.00552222222222
0.02668737	0.003736691	0.0568377777778	0.00462222222222
0.02311208	0.003129827	0.0587222222222	0.00557777777778
0.0274225	0.004820742	0.0562111111111	0.00468888888889
0.02587006	0.002141464	0.0559888888889	0.00541111111111
0.03604071	0.00235038	0.0553111111111	0.00488888888889
0.03494672	0.002794167	0.0612111111111	0.00538888888889
0.03088113	0.004557461	0.0577333333333	0.00456666666667
0.04021665	0.004144824	0.0598111111111	0.00458888888889
0.03370679	0.002859211	0.0581022222222	0.00557777777778
0.03080797	0.002713711	0.0567888888889	0.00551111111111
0.02440919	0.002515268	0.0565555555556	0.00464444444444
0.02642666	0.005217694	0.0567777777778	0.00462222222222
0.03497875	0.003081815	0.0550888888889	0.00511111111111
0.03085472	0.002900645	0.0617333333333	0.00486666666667
0.02155335	0.002113904	0.0619222222222	0.00517777777778
0.02649437	0.003173565	0.0551555555556	0.00494444444444
0.02592983	0.003773134	0.0566	0.0055
0.02823797	0.002693283	0.0550577777778	0.00502222222222
0.02963575	0.003874033	0.0578444444444	0.00455555555556
0.04224845	0.002957765	0.0562022222222	0.00467777777778
0.02556606	0.003546617	0.0603688888889	0.00551111111111
0.02439818	0.002508771	0.0571055555556	0.00554444444444
0.03880626	0.002589291	0.0611777777778	0.00472222222222
0.03210591	0.002835246	0.0577444444444	0.00455555555556
0.02549182	0.003556842	0.0552155555556	0.00524444444444
0.03483935	0.00432388	0.0552111111111	0.00488888888889
0.03593994	0.004465193	0.0608333333333	0.00546666666667
0.03359397	0.004220149	0.0601111111111	0.00458888888889
0.03290259	0.00524956	0.0607111111111	0.00548888888889
0.03867201	0.004388375	0.0586	0.0056
0.02473766	0.004078136	0.0602666666667	0.00553333333333
0.0152051	0.005214086	0.05878	0.0056
0.03435935	0.004712533	0.0615444444444	0.00535555555556
0.0262171	0.003169162	0.0593111111111	0.00558888888889
0.03421943	0.004328221	0.05498	0.005
0.03607708	0.005033808	0.0588666666667	0.00453333333333
0.03129346	0.004272391	0.0569111111111	0.00458888888889
0.03557891	0.004973956	0.0619888888889	0.00521111111111
0.03565319	0.003928816	0.0552555555556	0.00484444444444
0.03517819	0.001804948	0.0606666666667	0.00463333333333
0.02315866	0.002316198	0.0570222222222	0.00457777777778
0.03213284	0.003560204	0.0576111111111	0.00558888888889
0.03236661	0.003621197	0.0619555555556	0.00524444444444
0.02284694	0.004270993	0.0558666666667	0.00543333333333
0.03558058	0.003647984	0.0611355555556	0.00544444444444
0.03671107	0.002416896	0.0573222222222	0.00557777777778
0.02829513	0.001777009	0.0566666666667	0.00553333333333
0.02959737	0.003726036	0.0584777777778	0.00452222222222
0.0323384	0.003536862	0.0619333333333	0.00486666666667
0.03457171	0.002487996	0.0598222222222	0.00557777777778
0.03952956	0.002299597	0.0581777777778	0.00452222222222
0.03269748	0.003579413	0.0619955555556	0.00524444444444
0.04333817	0.003557729	0.0616444444444	0.00535555555556
0.02995226	0.003176576	0.0593666666667	0.00453333333333
0.02795592	0.001948559	0.0570333333333	0.00456666666667
0.02617766	0.00292902	0.0611222222222	0.00467777777778
0.03606761	0.003005285	0.0548777777778	0.00512222222222
0.0274852	0.002620524	0.0621	0.0052
0.03597038	0.005445677	0.0617666666667	0.00533333333333
0.04047586	0.002749919	0.0618177777778	0.00532222222222
0.02804963	0.005220233	0.0549777777778	0.00522222222222
0.03121086	0.005187658	0.0566555555556	0.00554444444444
0.02849378	0.002371951	0.0622111111111	0.00498888888889
0.03117726	0.002007879	0.0550111111111	0.00488888888889
0.03764389	0.001429689	0.0618	0.0048
0.03216452	0.004854522	0.0581777777778	0.00562222222222
0.03056987	0.00472661	0.0603444444444	0.00555555555556
0.03738369	0.003163618	0.0570122222222	0.00557777777778
0.02432821	0.002084134	0.0562388888889	0.00551111111111
0.02779507	0.005046709	0.0579888888889	0.00451111111111
0.03222866	0.004688235	0.0579777777778	0.00562222222222
0.03371285	0.002717639	0.0622333333333	0.00516666666667
0.03748453	0.002887972	0.0622333333333	0.00516666666667
0.03301841	0.004734195	0.0571111111111	0.00558888888889
0.03026685	0.003703912	0.0569222222222	0.00557777777778
0.02864978	0.004796431	0.0578377777778	0.00562222222222
0.03730604	0.003947216	0.0555888888889	0.00471111111111
0.02608192	0.003918872	0.0614777777778	0.00542222222222
0.035447	0.004225794	0.0610555555556	0.00464444444444
0.03675505	0.002773014	0.0604444444444	0.00555555555556
0.02850616	0.002181741	0.0592777777778	0.00562222222222
0.03285758	0.001974643	0.0570555555556	0.00454444444444
0.02666843	0.002489095	0.05838	0.0045
0.03707605	0.003401048	0.062	0.0053
0.03084384	0.003286492	0.0556911111111	0.00468888888889
0.02605704	0.003915058	0.0582	0.0045
0.02620494	0.005872671	0.0551666666667	0.00533333333333
0.03509352	0.004514825	0.0547733333333	0.00496666666667
0.02949937	0.001827074	0.0580666666667	0.00563333333333
0.02754275	0.002880418	0.059	0.0045
0.02951018	0.004892786	0.0579666666667	0.00563333333333
0.03602785	0.003615889	0.0560988888889	0.00551111111111
0.02500336	0.003020269	0.0552533333333	0.00476666666667
0.03542918	0.003972382	0.0558444444444	0.00465555555556
0.02777261	0.002116325	0.0566333333333	0.00556666666667
0.03115177	0.00449572	0.0552922222222	0.00537777777778
0.02929014	0.001615151	0.0586111111111	0.00448888888889
0.03784421	0.0022961	0.0608266666667	0.00553333333333
0.03061189	0.002738308	0.0576666666667	0.00563333333333
0.02464824	0.005606764	0.0580555555556	0.00564444444444
0.03077278	0.001661089	0.0622888888889	0.00491111111111
0.02436816	0.003981837	0.0601	0.0056
0.03110969	0.004407183	0.0553888888889	0.00541111111111
0.02072382	0.003369446	0.0620777777778	0.00482222222222
0.03408378	0.004611725	0.0579555555556	0.00564444444444
0.03843701	0.006076838	0.0594966666667	0.00563333333333
0.03154115	0.002660684	0.0549777777778	0.00482222222222
0.02816486	0.002396498	0.0561666666667	0.00553333333333
0.03070632	0.004346618	0.0603111111111	0.00558888888889
0.03853099	0.005481991	0.0559777777778	0.00462222222222
0.02997278	0.003686503	0.0558111111111	0.00548888888889
0.02981112	0.002696985	0.0616	0.0047
0.02788513	0.003342988	0.0548044444444	0.00525555555556
0.03862843	0.003845436	0.0577755555556	0.00564444444444
0.03485218	0.007103976	0.0616777777778	0.00542222222222
0.02098632	0.008659446	0.0562111111111	0.00458888888889
0.02772032	0.003078587	0.0577111111111	0.00448888888889
0.03938613	0.004158644	0.0619822222222	0.00477777777778
0.03390357	0.002480227	0.0618	0.0054
0.0249315	0.0052794	0.06024	0.0056
0.03036138	0.003746618	0.0571777777778	0.00562222222222
0.02820251	0.003450839	0.0569888888889	0.00561111111111
0.0334107	0.003243034	0.0596666666667	0.00563333333333
0.02683833	0.003949019	0.0613111111111	0.00548888888889
0.0378089	0.001650153	0.0565222222222	0.00557777777778
0.0272612	0.001287822	0.0546666666667	0.00493333333333
0.02942715	0.002577739	0.0546666666667	0.00493333333333
0.03331835	0.002397068	0.0624	0.0052
0.0285798	0.002771275	0.0551444444444	0.00475555555556
0.02615151	0.003210788	0.0554	0.0047
0.03463904	0.002727264	0.0555222222222	0.00467777777778
0.04022215	0.002458198	0.0610977777778	0.00552222222222
0.03172896	0.00225092	0.0558777777778	0.00462222222222
0.02848808	0.003452019	0.0621	0.0048
0.02138074	0.004301836	0.0622355555556	0.00484444444444
0.03758594	0.002233814	0.0599888888889	0.00451111111111
0.03757441	0.00272639	0.0619111111111	0.00538888888889
0.02916347	0.002346613	0.0549366666667	0.00533333333333
0.03345832	0.00401008	0.0593222222222	0.00447777777778
0.03525749	0.004026024	0.0615333333333	0.00466666666667
0.01997931	0.003518605	0.0555333333333	0.00546666666667
0.03554731	0.003401009	0.0555333333333	0.00546666666667
0.0378188	0.005639802	0.0593444444444	0.00565555555556
0.02450225	0.005065371	0.0546666666667	0.00523333333333
0.02998841	0.006122484	0.0621111111111	0.00478888888889
0.03307799	0.004453522	0.0614111111111	0.00548888888889
0.03083429	0.003301885	0.0558888888889	0.00461111111111
0.02216682	0.003358489	0.0625355555556	0.00514444444444
0.03488945	0.002595865	0.0616222222222	0.00467777777778
0.03172076	0.003496446	0.0623222222222	0.00527777777778
0.02781017	0.003253849	0.0548	0.0053
0.03236735	0.002764174	0.0557888888889	0.00551111111111
0.04058978	0.002612895	0.0609222222222	0.00457777777778
0.03229698	0.005057754	0.0625777777778	0.00502222222222
0.03748118	0.005888289	0.0545333333333	0.00496666666667
0.02774638	0.005181327	0.0554222222222	0.00467777777778
0.02849069	0.002846872	0.0614455555556	0.00464444444444
0.02516124	0.002117906	0.0625666666667	0.00513333333333
0.02737774	0.002398248	0.0579333333333	0.00446666666667
0.03596873	0.00441494	0.0607222222222	0.00557777777778
0.02705297	0.008275406	0.0544666666667	0.00503333333333
0.03568462	0.002958347	0.0626	0.0051
0.03524909	0.003627638	0.0626	0.0051
0.02872065	0.002667444	0.0560055555556	0.00554444444444
0.02335675	0.003967759	0.0555222222222	0.00547777777778
0.03906194	0.003339038	0.0555222222222	0.00547777777778
0.03639708	0.004305445	0.0550222222222	0.00537777777778
0.02468308	0.004077992	0.0611666666667	0.00553333333333
0.02804665	0.002915958	0.0565366666667	0.00453333333333
0.03069652	0.002905336	0.0547777777778	0.00482222222222
0.03821837	0.003344768	0.06197	0.0054
0.02657277	0.002632559	0.0557888888889	0.00461111111111
0.03589378	0.004369589	0.0599111111111	0.00448888888889
0.03649661	0.002927624	0.0621233333333	0.00476666666667
0.02803995	0.002554221	0.0599555555556	0.00564444444444
0.04008517	0.003023808	0.0571111111111	0.00448888888889
0.0261627	0.002072903	0.0556066666667	0.00463333333333
0.03257464	0.004570398	0.0573222222222	0.00447777777778
0.0382314	0.002769618	0.0547777777778	0.00532222222222
0.03354931	0.003301023	0.0611555555556	0.00554444444444
0.03184587	0.004875265	0.0575333333333	0.00566666666667
0.03432538	0.003017038	0.0546444444444	0.00485555555556
0.03511272	0.004310427	0.0546555555556	0.00484444444444
0.03064816	0.002078465	0.0584355555556	0.00444444444444
0.03193259	0.004429254	0.0619	0.0047
0.0438215	0.005321225	0.0587555555556	0.00444444444444
0.03235914	0.002517538	0.0549555555556	0.00474444444444
0.03323682	0.004631555	0.055	0.0054
0.03319568	0.00353628	0.0545444444444	0.00525555555556
0.02941475	0.003495305	0.0548222222222	0.00477777777778
0.04258016	0.002259096	0.0622444444444	0.00535555555556
0.02866289	0.002320285	0.0545	0.0049
0.02145258	0.00407762	0.0619777777778	0.00542222222222
0.02937996	0.003135598	0.0543444444444	0.00505555555556
0.03177255	0.003267775	0.0622911111111	0.00478888888889
0.0320444	0.002565454	0.0618222222222	0.00467777777778
0.02981118	0.003018409	0.0565888888889	0.00451111111111
0.02974648	0.003101063	0.0562111111111	0.00558888888889
0.03467706	0.003302645	0.0603666666667	0.00563333333333
0.03114434	0.003006338	0.0625333333333	0.00526666666667
0.03493804	0.003346431	0.0592111111111	0.00568888888889
0.02965612	0.002115484	0.0619111111111	0.00468888888889
0.0281272	0.004767362	0.0544	0.0052
0.03522798	0.002586167	0.0611333333333	0.00556666666667
0.02840413	0.00362818	0.0611333333333	0.00556666666667
0.01970537	0.003549892	0.0555888888889	0.00461111111111
0.02871785	0.002576098	0.0564888888889	0.00451111111111
0.02634693	0.004543604	0.0588166666667	0.00443333333333
0.02642454	0.003222155	0.0618333333333	0.00466666666667
0.03150038	0.006612622	0.0567655555556	0.00564444444444
0.03413788	0.002892478	0.0613355555556	0.00554444444444
0.02698899	0.003949517	0.0561111111111	0.00558888888889
0.04304956	0.003741186	0.0571333333333	0.00446666666667
0.02771175	0.005484385	0.0581866666667	0.00443333333333
0.0312034	0.002856242	0.0589666666667	0.00443333333333
0.03370055	0.003805126	0.0621666666667	0.00473333333333
0.02440173	0.004751555	0.0594555555556	0.00444444444444
0.04144042	0.006057804	0.0613555555556	0.00554444444444
0.03134823	0.003186506	0.0616666666667	0.00463333333333
0.03964412	0.002635365	0.0607777777778	0.00452222222222
0.03205472	0.003283255	0.0542555555556	0.00504444444444
0.02980111	0.001997904	0.0628111111111	0.00508888888889
0.02229066	0.003797306	0.0560555555556	0.00454444444444
0.02520409	0.004332616	0.0591666666667	0.00443333333333
0.02657275	0.003438095	0.0618222222222	0.00547777777778
0.02972493	0.003407978	0.0592	0.0057
0.03367659	0.003507684	0.0559422222222	0.00557777777778
0.0313199	0.003682232	0.0622	0.0054
0.02723658	0.00411122	0.0606888888889	0.00451111111111
0.03461269	0.001703554	0.0547333333333	0.00476666666667
0.0249764	0.002584251	0.0547333333333	0.00536666666667
0.04126613	0.005525588	0.0604111111111	0.00448888888889
0.03340874	0.007400142	0.0620666666667	0.00543333333333
0.03323631	0.003736487	0.0552222222222	0.00547777777778
0.03900983	0.004031286	0.05776	0.0057
0.02943007	0.002467936	0.0558133333333	0.00556666666667
0.02841351	0.003529056	0.0621777777778	0.00472222222222
0.02275876	0.002844381	0.0586677777778	0.00442222222222
0.01789668	0.006648715	0.0566111111111	0.00448888888889
0.0329637	0.002761816	0.0599222222222	0.00567777777778
0.03147525	0.004834629	0.0623222222222	0.00537777777778
0.02939867	0.002034474	0.0581888888889	0.00571111111111
0.03876526	0.002405861	0.0573555555556	0.00444444444444
0.02923723	0.003080218	0.0619333333333	0.00466666666667
0.03447348	0.005352912	0.0553888888889	0.00551111111111
0.03155732	0.00587358	0.0550111111111	0.00468888888889
0.0280929	0.003091104	0.0567222222222	0.00447777777778
0.03476292	0.003125295	0.0608888888889	0.00561111111111
0.03158168	0.003834192	0.0623833333333	0.00536666666667
0.02859098	0.002953569	0.0607777777778	0.00562222222222
0.02516507	0.003075685	0.0612222222222	0.00557777777778
0.03072313	0.002328478	0.0548888888889	0.00471111111111
0.02585193	0.003781596	0.0542888888889	0.00521111111111
0.02941991	0.00417818	0.0556444444444	0.00555555555556
0.03930001	0.002540575	0.0628888888889	0.00511111111111
0.03464305	0.002061307	0.0629	0.0051
0.03370306	0.002909407	0.0622577777778	0.00472222222222
0.04111425	0.002643759	0.0583888888889	0.00441111111111
0.01813938	0.002909932	0.0601444444444	0.00445555555556
0.02922975	0.002833649	0.0611	0.0056
0.03020036	0.003983343	0.0593977777778	0.00442222222222
0.03657183	0.00206966	0.0567333333333	0.00446666666667
0.03274172	0.002727957	0.0589677777778	0.00572222222222
0.02774181	0.003058614	0.0552777777778	0.00462222222222
0.03403634	0.002547372	0.0626911111111	0.00528888888889
0.02481548	0.004776733	0.0579777777778	0.00572222222222
0.03077489	0.003348638	0.0602222222222	0.00567777777778
0.03393698	0.002128485	0.0613444444444	0.00455555555556
0.03179566	0.00574003	0.0578888888889	0.00441111111111
0.02544582	0.006444537	0.0544666666667	0.00533333333333
0.02756307	0.002497765	0.0543222222222	0.00527777777778
0.03337277	0.002936305	0.0567822222222	0.00567777777778
0.03031592	0.002777945	0.0549222222222	0.00467777777778
0.03637004	0.002552917	0.0608666666667	0.00563333333333
0.02917502	0.002718807	0.0541111111111	0.00498888888889
0.03549341	0.003073407	0.0560777777778	0.00562222222222
0.03567304	0.002831352	0.0552777777778	0.00552222222222
0.02924589	0.002515782	0.0593777777778	0.00572222222222
0.0314188	0.004370138	0.0548	0.0047
0.03082482	0.002085192	0.0582	0.0044
0.03682912	0.001999794	0.0625333333333	0.00536666666667
0.03302258	0.003321769	0.0565333333333	0.00446666666667
0.03260036	0.002327659	0.0575777777778	0.00572222222222
0.02020756	0.003133734	0.0623	0.0047
0.02662167	0.002860633	0.0616222222222	0.00457777777778
0.02582251	0.003385219	0.0559888888889	0.00451111111111
0.03580251	0.002530226	0.0602555555556	0.00444444444444
0.03467846	0.005411559	0.0622222222222	0.00467777777778
0.02771106	0.005300955	0.0548444444444	0.00545555555556
0.0318423	0.001570092	0.0548444444444	0.00545555555556
0.03249966	0.003115294	0.0546888888889	0.00471111111111
0.03635515	0.003443884	0.0626555555556	0.00534444444444
0.01999718	0.00398343	0.0541	0.0052
0.026237	0.003289067	0.0540444444444	0.00515555555556
0.03387884	0.002215466	0.0541555555556	0.00524444444444
0.02997583	0.002639094	0.0584111111111	0.00438888888889
0.02948646	0.004480009	0.0553111111111	0.00458888888889
0.02511729	0.003045712	0.0553111111111	0.00458888888889
0.03542963	0.002996944	0.0617555555556	0.00554444444444
0.03065269	0.005820705	0.0623111111111	0.00468888888889
0.0250858	0.003357214	0.0582255555556	0.00574444444444
0.03066489	0.003621112	0.0608044444444	0.00565555555556
0.03428754	0.003593572	0.0617711111111	0.00458888888889
0.02179709	0.003211781	0.0545666666667	0.00473333333333
0.02582553	0.002600261	0.0589111111111	0.00438888888889
0.03507731	0.004618998	0.0630555555556	0.00514444444444
0.0309793	0.002217189	0.0613666666667	0.00453333333333
0.03861558	0.004187745	0.0608222222222	0.00447777777778
0.02894279	0.005232356	0.0630911111111	0.00508888888889
0.03027038	0.00366823	0.0580555555556	0.00574444444444
0.03326243	0.003428209	0.0590311111111	0.00438888888889
0.03691885	0.002034623	0.0597888888889	0.00441111111111
0.02868272	0.002043492	0.0628555555556	0.00484444444444
0.03475749	0.00280516	0.0631	0.0051
0.02893207	0.004282489	0.0549311111111	0.00548888888889
0.04120981	0.003525349	0.0624	0.0047
0.03522355	0.004435223	0.06276	0.0048
0.02749477	0.003059317	0.0571888888889	0.00441111111111
0.02291498	0.003918391	0.0539666666667	0.00513333333333
0.03298358	0.001922892	0.06277	0.0048
0.02780678	0.002232552	0.0548444444444	0.00465555555556
0.03223608	0.003537914	0.0622222222222	0.00547777777778
0.03325513	0.004781201	0.0622222222222	0.00547777777778
0.03555072	0.004663671	0.05674	0.0057
0.04101569	0.002622771	0.0596666666667	0.00573333333333
0.03683392	0.002685689	0.0631111111111	0.00498888888889
0.03927436	0.003730394	0.0626111111111	0.00538888888889
0.03285372	0.002009606	0.0623444444444	0.00545555555556
0.02267942	0.003792046	0.0582344444444	0.00575555555556
0.02581326	0.004987385	0.0588344444444	0.00575555555556
0.03854276	0.002296047	0.0581822222222	0.00437777777778
0.03716484	0.001730605	0.0629111111111	0.00528888888889
0.03573299	0.002435174	0.0573	0.0044
0.02878919	0.00215171	0.0598	0.0044
0.03452972	0.003532616	0.0580222222222	0.00437777777778
0.02188813	0.003737864	0.0607422222222	0.00567777777778
0.0328085	0.003230389	0.0623333333333	0.00546666666667
0.02635708	0.003932427	0.0539555555556	0.00494444444444
0.03465396	0.001829392	0.0626555555556	0.00474444444444
0.04430853	0.003499181	0.0628888888889	0.00531111111111
0.03969642	0.003482989	0.0627333333333	0.00536666666667
0.02147011	0.003492679	0.0554555555556	0.00454444444444
0.022695	0.002931026	0.0578444444444	0.00575555555556
0.03141437	0.003262609	0.0606555555556	0.00444444444444
0.03069333	0.003500169	0.0548666666667	0.00463333333333
0.02504813	0.004483996	0.0593222222222	0.00437777777778
0.02494947	0.002835911	0.0541777777778	0.00532222222222
0.02951232	0.002272054	0.0586333333333	0.00576666666667
0.03537945	0.004125174	0.0631177777778	0.00492222222222
0.03987142	0.00446526	0.0632	0.005
0.03177858	0.001887317	0.0594222222222	0.00437777777778
0.03126955	0.002362268	0.0544	0.0054
0.03217251	0.005317507	0.0573111111111	0.00438888888889
0.03412619	0.00323601	0.0608444444444	0.00445555555556
0.03218448	0.002904475	0.0554666666667	0.00453333333333
0.03108972	0.003628136	0.0619222222222	0.00457777777778
0.04239247	0.003249064	0.0625111111111	0.00468888888889
0.03577347	0.004418076	0.0614377777778	0.00562222222222
0.03178818	0.003409496	0.0630111111111	0.00528888888889
0.0334638	0.003480355	0.0630111111111	0.00528888888889
0.03047011	0.00283394	0.0551222222222	0.00457777777778
0.03431065	0.004395482	0.0604777777778	0.00442222222222
0.03031406	0.003875083	0.0542844444444	0.00475555555556
0.03239869	0.002049255	0.0565777777778	0.00442222222222
0.03550686	0.001993015	0.0609222222222	0.00567777777778
0.0250467	0.003823552	0.0543111111111	0.00538888888889
0.02751706	0.00133067	0.0552444444444	0.00455555555556
0.02861182	0.003210625	0.0562555555556	0.00444444444444
0.02842359	0.003618734	0.0538444444444	0.00495555555556
0.03541658	0.00339997	0.0548888888889	0.00461111111111
0.02505617	0.002360442	0.05566	0.0045
0.0274807	0.003432721	0.0548777777778	0.00552222222222
0.02692957	0.004571674	0.0582922222222	0.00577777777778
0.01780594	0.003834074	0.0631666666667	0.00523333333333
0.03137697	0.002631912	0.0615177777778	0.00562222222222
0.03767895	0.002494676	0.0562111111111	0.00568888888889
0.03438338	0.003479369	0.0617	0.0056
0.03432445	0.003167469	0.0633	0.0051
0.02910544	0.006093769	0.0550544444444	0.00555555555556
0.02998415	0.00413284	0.0538144444444	0.00495555555556
0.0229928	0.005182242	0.0616277777778	0.00452222222222
0.03469332	0.003078139	0.0632844444444	0.00515555555556
0.0375844	0.005029002	0.0626888888889	0.00471111111111
0.0316775	0.003887398	0.0626888888889	0.00471111111111
0.03266102	0.004796932	0.0552555555556	0.00454444444444
0.03290327	0.002015457	0.0549555555556	0.00554444444444
0.04179103	0.00324176	0.0610444444444	0.00445555555556
0.02206776	0.004665385	0.0560222222222	0.00567777777778
0.02954967	0.003034658	0.06148	0.0045
0.03209678	0.001954523	0.0633111111111	0.00498888888889
0.03300042	0.004957361	0.0547	0.0055
0.03380653	0.001770846	0.0544	0.0047
0.03191767	0.002006601	0.0626666666667	0.00543333333333
0.03569602	0.00436962	0.063	0.0048
0.03469404	0.004509402	0.0624311111111	0.00548888888889
0.0377002	0.002418424	0.0577944444444	0.00435555555556
0.03945872	0.00266081	0.0632666666667	0.00493333333333
0.04318219	0.003053327	0.0632666666667	0.00493333333333
0.02843165	0.002428353	0.0606888888889	0.00571111111111
0.0403366	0.003171887	0.0552111111111	0.00558888888889
0.03747815	0.003598902	0.0621555555556	0.00554444444444
0.02242759	0.003138299	0.0546111111111	0.00548888888889
0.02960799	0.003135045	0.0573333333333	0.00576666666667
0.02236606	0.003103981	0.0629333333333	0.00536666666667
0.02516183	0.003117511	0.0587555555556	0.00434444444444
0.03685215	0.003937527	0.0612333333333	0.00446666666667
0.0249633	0.002896213	0.0559444444444	0.00445555555556
0.02599049	0.002290291	0.0605888888889	0.00441111111111
0.03357349	0.003724334	0.0630111111111	0.00478888888889
0.03369996	0.003703179	0.0632888888889	0.00521111111111
0.0238584	0.002105818	0.0536888888889	0.00511111111111
0.03192171	0.001877148	0.0633777777778	0.00502222222222
0.03393597	0.00313723	0.0536888888889	0.00501111111111
0.02407283	0.003833401	0.0545222222222	0.00547777777778
0.0287237	0.002560637	0.0537244444444	0.00495555555556
0.03176295	0.002380784	0.0591111111111	0.00578888888889
0.03524287	0.002166818	0.0633888888889	0.00501111111111
0.02927786	0.004408819	0.0603111111111	0.00438888888889
0.03637453	0.002702121	0.0630666666667	0.00533333333333
0.02680864	0.001773631	0.0616	0.0045
0.03286079	0.002508706	0.0550444444444	0.00455555555556
0.02973479	0.00379641	0.0614222222222	0.00447777777778
0.03321661	0.00124873	0.0609666666667	0.00443333333333
0.02239709	0.002768374	0.0537111111111	0.00518888888889
0.03269036	0.003318388	0.0544333333333	0.00466666666667
0.03610171	0.004701418	0.0611111111111	0.00568888888889
0.02775589	0.002232245	0.0577111111111	0.00578888888889
0.0286938	0.002614573	0.0546888888889	0.00461111111111
0.02529889	0.003152591	0.0604111111111	0.00438888888889
0.03422709	0.003498369	0.0602222222222	0.00437777777778
0.03285269	0.004002908	0.0588266666667	0.00433333333333
0.03117056	0.004157376	0.0538666666667	0.00483333333333
0.04074326	0.003119872	0.0633477777778	0.00522222222222
0.02370641	0.003735424	0.0602722222222	0.00437777777778
0.03091107	0.006626472	0.0548444444444	0.00555555555556
0.02036862	0.003636185	0.0624777777778	0.00462222222222
0.04296565	0.003035442	0.0601033333333	0.00576666666667
0.03280782	0.004425643	0.0567444444444	0.00575555555556
0.03351765	0.002687111	0.0564	0.0044
0.02711195	0.002778543	0.0624888888889	0.00551111111111
0.0239625	0.003022443	0.0567222222222	0.00437777777778
0.03051517	0.003908572	0.0571444444444	0.00435555555556
0.03035577	0.003577835	0.0622622222222	0.00457777777778
0.02344144	0.003694432	0.0630444444444	0.00475555555556
0.03334753	0.005252844	0.05634	0.0044
0.04066557	0.002568866	0.0608777777778	0.00572222222222
0.03325541	0.006034927	0.0597111111111	0.00578888888889
0.03454915	0.004044312	0.0558111111111	0.00568888888889
0.01801513	0.004435648	0.0627333333333	0.00546666666667
0.01983337	0.002661509	0.0585777777778	0.00432222222222
0.02943149	0.00567789	0.0630933333333	0.00536666666667
0.04076199	0.003914061	0.0635	0.005
0.0300702	0.005546529	0.0582888888889	0.00581111111111
0.0262515	0.003300877	0.0587777777778	0.00432222222222
0.02064122	0.003645155	0.0563	0.0044
0.04172344	0.002327286	0.0566222222222	0.00437777777778
0.03168498	0.004178513	0.0538666666667	0.00533333333333
0.02791471	0.009142336	0.0572555555556	0.00434444444444
0.03059531	0.00420353	0.0589777777778	0.00432222222222
0.04348059	0.003185715	0.0610688888889	0.00571111111111
0.03599403	0.003001766	0.0629	0.0047
0.02895341	0.005812838	0.0610888888889	0.00571111111111
0.02783856	0.004381757	0.0567333333333	0.00576666666667
0.03038093	0.002356647	0.0567333333333	0.00576666666667
0.02935492	0.002740395	0.0537888888889	0.00531111111111
0.03067053	0.002717502	0.0556222222222	0.00567777777778
0.03270832	0.006253918	0.055	0.0056
0.02975931	0.004916113	0.0591777777778	0.00432222222222
0.02100036	0.005367732	0.0557111111111	0.00568888888889
0.0355759	0.003146554	0.0562	0.0044
0.03890613	0.003466257	0.0596866666667	0.00433333333333
0.02913972	0.002603351	0.0613755555556	0.00444444444444
0.02452236	0.00273073	0.0540888888889	0.00471111111111
0.03312412	0.001626276	0.0535333333333	0.00516666666667
0.02824185	0.002663442	0.0634666666667	0.00523333333333
0.02758355	0.003467663	0.0583777777778	0.00582222222222
0.03134489	0.002068572	0.0635766666667	0.00513333333333
0.03635354	0.003615065	0.0634555555556	0.00524444444444
0.02726446	0.004214972	0.0553444444444	0.00565555555556
0.02350929	0.004670458	0.0534777777778	0.00512222222222
0.03033191	0.007885433	0.0606444444444	0.00575555555556
0.03533672	0.002528377	0.0553344444444	0.00565555555556
0.02292692	0.004708495	0.0559788888889	0.00441111111111
0.0379947	0.002592133	0.0610888888889	0.00441111111111
0.03323391	0.00377543	0.0623533333333	0.00456666666667
0.03853519	0.002233658	0.0609666666667	0.00573333333333
0.02001977	0.005575873	0.05436	0.0055
0.03009259	0.001952743	0.0622944444444	0.00455555555556
0.02989487	0.002052351	0.0590888888889	0.00431111111111
0.03648399	0.003891869	0.0569455555556	0.00434444444444
0.04016039	0.00177951	0.0632444444444	0.00535555555556
0.03161792	0.003552012	0.0605333333333	0.00436666666667
0.03157686	0.003499387	0.0599	0.0058
0.02810565	0.001778578	0.0635944444444	0.00515555555556
0.03581722	0.003154618	0.0541444444444	0.00545555555556
0.03107054	0.005146553	0.0634444444444	0.00485555555556
0.03810882	0.002800948	0.0632333333333	0.00536666666667
0.03420268	0.002613437	0.0635666666667	0.00493333333333
0.03223384	0.003037335	0.0614	0.0057
0.03113051	0.003366829	0.0538911111111	0.00538888888889
0.03706721	0.00209722	0.0633111111111	0.00478888888889
0.03479455	0.006412698	0.0624233333333	0.00556666666667
0.02724032	0.0027668	0.0564333333333	0.00576666666667
0.03668326	0.003638147	0.0587666666667	0.00583333333333
0.04164098	0.00286035	0.0588666666667	0.00583333333333
0.03398483	0.003535826	0.0600666666667	0.00433333333333
0.03288083	0.002784527	0.0630111111111	0.00468888888889
0.03832255	0.003898809	0.0620888888889	0.00451111111111
0.02801749	0.004226365	0.0534888888889	0.00491111111111
0.03979666	0.003715734	0.0636777777778	0.00502222222222
0.03801352	0.003793204	0.0621777777778	0.00452222222222
0.03758315	0.003093641	0.0609855555556	0.00574444444444
0.03874575	0.004238363	0.0590566666667	0.00583333333333
0.03549279	0.004705856	0.0574988888889	0.00431111111111
0.02818589	0.002372621	0.0636444444444	0.00495555555556
0.03035369	0.00340739	0.05593	0.0044
0.03233023	0.003516752	0.0613777777778	0.00442222222222
0.02525791	0.002179509	0.0636888888889	0.00501111111111
0.03487589	0.003986688	0.0629222222222	0.00547777777778
0.03496125	0.002832289	0.0637111111111	0.00508888888889
0.0258595	0.00262906	0.0538888888889	0.00541111111111
0.03280705	0.002693508	0.0606222222222	0.00577777777778
0.03381743	0.005389622	0.0593666666667	0.00583333333333
0.0362619	0.003056619	0.0550555555556	0.00564444444444
0.03132714	0.002954819	0.0540222222222	0.00467777777778
0.0254213	0.001794764	0.0542377777778	0.00462222222222
0.0345434	0.003432932	0.0556888888889	0.00441111111111
0.02662035	0.003797497	0.0539555555556	0.00544444444444
0.03581426	0.003070402	0.0620555555556	0.00564444444444
0.02640397	0.001999974	0.0558	0.0044
0.02959112	0.00335541	0.0630333333333	0.00466666666667
0.0261738	0.003922904	0.0540333333333	0.00466666666667
0.03440404	0.003541734	0.0637222222222	0.00517777777778
0.02479814	0.004226172	0.0535777777778	0.00532222222222
0.0327086	0.003872061	0.0634888888889	0.00481111111111
0.02487073	0.005300582	0.0568888888889	0.00581111111111
0.03449716	0.003308936	0.0568888888889	0.00581111111111
0.03027388	0.003266052	0.0568888888889	0.00581111111111
0.02693315	0.002676222	0.0541111111111	0.00548888888889
0.03085815	0.003168376	0.0552444444444	0.00445555555556
0.03107626	0.003227085	0.05667	0.0058
0.02339047	0.003196709	0.0574	0.0043
0.02994728	0.002335538	0.0544222222222	0.00457777777778
0.02546075	0.003779337	0.0545444444444	0.00455555555556
0.02808901	0.002788878	0.0532888888889	0.00501111111111
0.04589041	0.002604059	0.0637777777778	0.00512222222222
0.03837963	0.006415273	0.0637777777778	0.00512222222222
0.03742294	0.002734281	0.0636888888889	0.00491111111111
0.02881935	0.003818025	0.0627666666667	0.00553333333333
0.03327685	0.003231595	0.0619333333333	0.00566666666667
0.02878242	0.004073307	0.0550444444444	0.00565555555556
0.02562893	0.00382103	0.0541888888889	0.00551111111111
0.03224762	0.002029141	0.0628777777778	0.00462222222222
0.03309319	0.002902046	0.0570488888889	0.00431111111111
0.03196641	0.002085771	0.0532644444444	0.00505555555556
0.03177914	0.003334607	0.0636333333333	0.00526666666667
0.02756318	0.002172141	0.0604666666667	0.00433333333333
0.03446908	0.002593182	0.0597666666667	0.00583333333333
0.03157779	0.003199391	0.0547888888889	0.00451111111111
0.04056117	0.00461388	0.0615777777778	0.00442222222222
0.03223531	0.003736005	0.0585444444444	0.00585555555556
