root_height	pop_size	pi_net	pi_within
0.05475058	0.006842472	0.09078	0.024
0.04979906	0.006709078	0.0910733333333	0.0239666666667
0.06008443	0.007964199	0.0897877777778	0.0239222222222
0.06285436	0.008998336	0.0899788888889	0.0240111111111
0.06280005	0.006679954	0.0896955555556	0.0240444444444
0.0425376	0.00716661	0.0893955555556	0.0239444444444
0.04630949	0.009380644	0.08943	0.024
0.0640327	0.005782139	0.09	0.0241
0.05038305	0.005966029	0.0892611111111	0.0239888888889
0.05351719	0.006920532	0.0914733333333	0.0237666666667
0.05883755	0.009406787	0.0897044444444	0.0237555555556
0.04015073	0.006613945	0.0916622222222	0.0237777777778
0.04958792	0.009044405	0.0920744444444	0.0239555555556
0.04897106	0.01666424	0.0909422222222	0.0241777777778
0.05248522	0.008409316	0.0894066666667	0.0241333333333
0.04768366	0.01205439	0.0890022222222	0.0237777777778
0.05676987	0.006085675	0.0888155555556	0.0237444444444
0.01201825	0.01240646	0.0898177777778	0.0236222222222
0.06024243	0.004748036	0.0890111111111	0.0241888888889
0.05573601	0.005052416	0.0903811111111	0.0235888888889
0.06164791	0.008651248	0.0908711111111	0.0235888888889
0.05647455	0.008421652	0.0885244444444	0.0237555555556
0.06154057	0.007040882	0.0911277777778	0.0243222222222
0.05231223	0.006760887	0.0919855555556	0.0235444444444
0.05515819	0.008218829	0.0902222222222	0.0234777777778
0.04709608	0.009548037	0.0913311111111	0.0234888888889
0.04955366	0.00621611	0.0875533333333	0.0240666666667
0.06831431	0.00824804	0.08742	0.0239
0.07375224	0.0127709	0.0928688888889	0.0236111111111
0.05721885	0.006679078	0.0937155555556	0.0238444444444
0.04758691	0.009585528	0.0874333333333	0.0237666666667
0.04610959	0.00702732	0.0881922222222	0.0235777777778
0.03058728	0.007814069	0.0881011111111	0.0242888888889
0.0566812	0.008944104	0.0897355555556	0.0244444444444
0.03481754	0.007153612	0.0877	0.0236
0.04720536	0.009309837	0.08981	0.0234
0.04728322	0.006055298	0.0916888888889	0.0234111111111
0.05388545	0.008410957	0.0934433333333	0.0235666666667
0.04574805	0.005684342	0.0867533333333	0.0239666666667
0.04838106	0.01002544	0.0867444444444	0.0239555555556
0.04471782	0.01812634	0.08835	0.0244
0.04647328	0.008664337	0.0938166666667	0.0242333333333
0.04385198	0.008316924	0.0939555555556	0.0236444444444
0.06205157	0.006788412	0.0898444444444	0.0233555555556
0.03739983	0.01642896	0.0878233333333	0.0243666666667
0.03506865	0.01065624	0.0867866666667	0.0241333333333
0.0474021	0.009027948	0.0909966666667	0.0245333333333
0.0531156	0.007007489	0.0910066666667	0.0233333333333
0.05513344	0.009332009	0.0882666666667	0.0244333333333
0.05931402	0.007446375	0.08763	0.0235
0.05108095	0.008257811	0.0864977777778	0.0238222222222
0.05490722	0.00760188	0.0874455555556	0.0243444444444
0.05249048	0.009850516	0.0884022222222	0.0244777777778
0.05654559	0.007161592	0.0931966666667	0.0234333333333
0.05567979	0.007632876	0.0935433333333	0.0234666666667
0.05953814	0.01227685	0.0899722222222	0.0245777777778
0.04549596	0.006802661	0.0867622222222	0.0242777777778
0.03723162	0.0119502	0.09498	0.0239
0.06193829	0.01232918	0.09494	0.0238
0.02863142	0.006017779	0.0863033333333	0.0236666666667
0.0594321	0.009622951	0.0949477777778	0.0237222222222
0.05141148	0.0087389	0.0922411111111	0.0232888888889
0.05220906	0.007478217	0.0895744444444	0.0232555555556
0.05282964	0.005009566	0.0950388888889	0.0241111111111
0.05209558	0.007516388	0.09452	0.0243
0.04864019	0.008431643	0.0908166666667	0.0232333333333
0.06191117	0.005060979	0.0879777777778	0.0245222222222
0.04821036	0.007614901	0.0931955555556	0.0233444444444
0.055939	0.01241508	0.0923722222222	0.0232777777778
0.04723946	0.007223049	0.0918355555556	0.0232444444444
0.04363149	0.006457293	0.0887433333333	0.0232666666667
0.04597272	0.007396975	0.0951688888889	0.0237111111111
0.04290413	0.008296509	0.0882911111111	0.0232888888889
0.05020669	0.007432768	0.09113	0.0232
0.04131377	0.007637567	0.0881311111111	0.0232888888889
0.05191789	0.008424606	0.0903122222222	0.0246777777778
0.04801974	0.0060785	0.08829	0.0246
0.05071853	0.009349913	0.0885577777778	0.0246222222222
0.06123924	0.00719455	0.08699	0.0234
0.04967112	0.01864388	0.0896622222222	0.0246777777778
0.0585807	0.007209137	0.0907822222222	0.0231777777778
0.06044543	0.006696685	0.0925966666667	0.0246333333333
0.03842097	0.008353207	0.0862433333333	0.0243666666667
0.04501945	0.007525722	0.0890111111111	0.0246888888889
0.03677291	0.008765672	0.0855111111111	0.0241888888889
0.04361866	0.005796151	0.0940666666667	0.0233333333333
0.05220314	0.01307419	0.0941166666667	0.0233333333333
0.05621145	0.007886446	0.0900066666667	0.0247333333333
0.03319186	0.007699982	0.08717	0.0233
0.04623579	0.00867321	0.0854444444444	0.0236555555556
0.06092046	0.006343815	0.0876666666667	0.0232333333333
0.05007302	0.008888184	0.0892666666667	0.0231333333333
0.04999325	0.007881187	0.0926133333333	0.0231666666667
0.03730252	0.01364657	0.0861788888889	0.0234111111111
0.05941608	0.01155082	0.08541	0.0236
0.06805104	0.00606167	0.0873555555556	0.0246444444444
0.05471332	0.007390034	0.0865155555556	0.0245444444444
0.05519567	0.008864061	0.0955022222222	0.0243777777778
0.0586029	0.00500997	0.0880188888889	0.0247111111111
0.0562204	0.00665034	0.08516	0.0236
0.04105596	0.008854952	0.0960477777778	0.0242222222222
0.03755179	0.007056873	0.0853277777778	0.0243222222222
0.06584379	0.00713924	0.0860833333333	0.0233666666667
0.05768889	0.00675198	0.0865222222222	0.0245777777778
0.05348507	0.01026011	0.0923822222222	0.0230777777778
0.05558195	0.006336078	0.0849322222222	0.0235777777778
0.04937548	0.009821202	0.0940111111111	0.0246888888889
0.07472853	0.006161723	0.0952977777778	0.0245222222222
0.05842078	0.008283647	0.0922855555556	0.0230444444444
0.04621551	0.006091229	0.0899244444444	0.0248555555556
0.06017278	0.006825881	0.0928	0.0248
0.06667259	0.008802372	0.0910333333333	0.0248666666667
0.05624779	0.01032553	0.0861133333333	0.0232666666667
0.05171382	0.008967061	0.0889755555556	0.0248444444444
0.03257938	0.00907004	0.09164	0.023
0.05005366	0.007220586	0.0841988888889	0.0239111111111
0.05352364	0.01364653	0.0843066666667	0.0237333333333
0.05822522	0.00869559	0.0856888888889	0.0233111111111
0.03129469	0.008563346	0.0908111111111	0.0248888888889
0.06160391	0.008682439	0.09021	0.0249
0.05980672	0.01619589	0.0969644444444	0.0237555555556
0.0574776	0.01590243	0.0903388888889	0.0249111111111
0.06332722	0.009242854	0.0868888888889	0.0231111111111
0.04915092	0.005551127	0.0898255555556	0.0229444444444
0.06014962	0.007290527	0.0886622222222	0.0229777777778
0.06086529	0.007302101	0.0839688888889	0.0237111111111
0.06599135	0.009265418	0.0906555555556	0.0249444444444
0.04565996	0.00677974	0.0869022222222	0.0230777777778
0.04578458	0.006293008	0.0871444444444	0.0230555555556
0.07374662	0.006772516	0.0965388888889	0.0244111111111
0.06027415	0.008030518	0.0862055555556	0.0231444444444
0.0626532	0.01243999	0.0908644444444	0.0249555555556
0.05299373	0.006721775	0.0923377777778	0.0249222222222
0.02248984	0.008842624	0.0889666666667	0.0229333333333
0.04105516	0.009511167	0.0942533333333	0.0230666666667
0.05105409	0.005518542	0.0844155555556	0.0234444444444
0.05352852	0.007189109	0.0844055555556	0.0234444444444
0.06123301	0.007300088	0.0859077777778	0.0247222222222
0.04232237	0.007871684	0.0835977777778	0.0241222222222
0.04428225	0.007348856	0.0834977777778	0.0240222222222
0.04263337	0.006591647	0.0836733333333	0.0236666666667
0.05346314	0.007502777	0.08344	0.0239
0.06515296	0.01342585	0.0974522222222	0.0236777777778
0.06419362	0.01394148	0.09032	0.025
0.06000095	0.01329676	0.0851677777778	0.0232222222222
0.04859182	0.007282641	0.0901044444444	0.0228555555556
0.04697267	0.01534833	0.0886411111111	0.0228888888889
0.06104876	0.0123542	0.0879044444444	0.0249555555556
0.04603485	0.006211915	0.0846511111111	0.0245888888889
0.05849483	0.01289157	0.08576	0.0231
0.05952315	0.006310597	0.0888844444444	0.0228555555556
0.05382394	0.007451445	0.0953522222222	0.0247777777778
0.05882652	0.006590666	0.0965722222222	0.0232777777778
0.05134546	0.005718729	0.0898577777778	0.0228222222222
0.03837827	0.01440447	0.0834933333333	0.0235666666667
0.06211677	0.005624679	0.0968977777778	0.0245222222222
0.05802908	0.005836072	0.0975755555556	0.0235444444444
0.05520437	0.008299607	0.09786	0.0242
0.03226595	0.01035514	0.0965644444444	0.0232555555556
0.04292492	0.006351473	0.0942155555556	0.0229444444444
0.05258877	0.006440529	0.0829511111111	0.0238888888889
0.04833288	0.007025654	0.0833022222222	0.0242777777778
0.05707278	0.007556335	0.09118	0.0228
0.02665527	0.01304632	0.0976488888889	0.0235111111111
0.05228991	0.008465083	0.0832722222222	0.0235777777778
0.05808912	0.00629224	0.0865688888889	0.0249111111111
0.0534481	0.009359515	0.0931744444444	0.0228555555556
0.06618186	0.009620627	0.09829	0.0239
0.04718385	0.007961559	0.0891811111111	0.0227888888889
0.05339837	0.007579271	0.0826511111111	0.0238888888889
0.05328909	0.007714117	0.0897888888889	0.0251111111111
0.05437494	0.006676848	0.0825833333333	0.0239666666667
0.03074031	0.007507043	0.0825733333333	0.0239666666667
0.0513871	0.005589216	0.0897555555556	0.0227444444444
0.06492585	0.00827658	0.0975488888889	0.0245111111111
0.04125951	0.009001127	0.0933688888889	0.0228111111111
0.05057354	0.009537187	0.0866611111111	0.0249888888889
0.04635583	0.007174496	0.0930622222222	0.0227777777778
0.04455569	0.01010866	0.0973188888889	0.0246111111111
0.05650026	0.006361147	0.0885277777778	0.0251222222222
0.04265178	0.01284963	0.09462	0.025
0.04615059	0.008803965	0.0831044444444	0.0244555555556
0.05913679	0.00987179	0.0982955555556	0.0243444444444
0.02109987	0.007033937	0.0933522222222	0.0227777777778
0.04959339	0.006302373	0.0919877777778	0.0227222222222
0.05739238	0.007478259	0.0938111111111	0.0227888888889
0.04457766	0.00938932	0.0874411111111	0.0250888888889
0.06759194	0.01094687	0.0908822222222	0.0251777777778
0.0501614	0.005939283	0.0949711111111	0.0249888888889
0.03908741	0.009107551	0.0973644444444	0.0246555555556
0.05618706	0.005114506	0.0970944444444	0.0231555555556
0.05486611	0.004010229	0.0824166666667	0.0236333333333
0.05155822	0.007239111	0.0928877777778	0.0227222222222
0.04107419	0.01545393	0.0914611111111	0.0251888888889
0.05548707	0.01284379	0.0987033333333	0.0242666666667
0.05749207	0.007390965	0.0971755555556	0.0231444444444
0.04545756	0.007949649	0.0839155555556	0.0231444444444
0.04637316	0.009946001	0.0980955555556	0.0233444444444
0.06670921	0.008518028	0.0945788888889	0.0228111111111
0.05665189	0.0078271	0.0839066666667	0.0231333333333
0.05017303	0.01310922	0.0826	0.0244
0.04975809	0.01023017	0.0912888888889	0.0252111111111
0.04671125	0.004416258	0.0844888888889	0.0230111111111
0.06120879	0.006186432	0.0820088888889	0.0237111111111
0.05626321	0.007451731	0.0958988888889	0.0229111111111
0.05882309	0.008390624	0.0951966666667	0.0228333333333
0.04586343	0.006824976	0.0853522222222	0.0249777777778
0.04347887	0.01439515	0.0818922222222	0.0237777777778
0.04478743	0.008266298	0.0985444444444	0.0244555555556
0.05508739	0.007548051	0.0929422222222	0.0226777777778
0.04029899	0.007012319	0.0834122222222	0.0231777777778
0.0699602	0.005312952	0.0983277777778	0.0233222222222
0.03315421	0.006755497	0.0840555555556	0.0230444444444
0.05480409	0.008300209	0.0952977777778	0.0228222222222
0.01788472	0.00778316	0.08318	0.0232
0.05698525	0.008489674	0.0820844444444	0.0243555555556
0.06238626	0.01294516	0.09017	0.0226
0.05285986	0.005492889	0.08982	0.0226
0.04424237	0.01462521	0.0921344444444	0.0252555555556
0.05446172	0.009221366	0.0979688888889	0.0247111111111
0.05305902	0.01700878	0.0904311111111	0.0252888888889
0.05343429	0.006369265	0.0831577777778	0.0247222222222
0.06423539	0.007163323	0.0852266666667	0.0228333333333
0.02919137	0.009163799	0.0982033333333	0.0246666666667
0.05954017	0.007599493	0.09918	0.0235
0.03886167	0.009384851	0.0819622222222	0.0234777777778
0.05877489	0.006141141	0.0988244444444	0.0233555555556
0.04689951	0.008566009	0.0976144444444	0.0230555555556
0.05578975	0.007339954	0.0920333333333	0.0225666666667
0.05943198	0.009638707	0.0894088888889	0.0253111111111
0.06742646	0.004577083	0.0996555555556	0.0236444444444
0.05133232	0.009473411	0.0813177777778	0.0241222222222
0.04963764	0.007374752	0.09326	0.0226
0.05410048	0.009958245	0.0958711111111	0.0227888888889
0.05656597	0.01005087	0.0992977777778	0.0244222222222
0.05767022	0.008415859	0.0878711111111	0.0252888888889
0.05271411	0.009300923	0.0810955555556	0.0238444444444
0.05113686	0.005225475	0.0816477777778	0.0244222222222
0.06128662	0.009348957	0.0976222222222	0.0248777777778
0.0623278	0.008309272	0.0982533333333	0.0247666666667
0.05378028	0.008432702	0.0957677777778	0.0251222222222
0.05713526	0.01483158	0.0922666666667	0.0225333333333
0.05159264	0.01008444	0.0862	0.0252
0.04824256	0.008162046	0.0852855555556	0.0227444444444
0.05753075	0.006930766	0.0946555555556	0.0226444444444
0.05532479	0.008423237	0.09833	0.0231
0.05484551	0.005870864	0.0894444444444	0.0253555555556
0.05313506	0.007607494	0.0881577777778	0.0253222222222
0.04714385	0.006932018	0.0810244444444	0.0237555555556
0.06377874	0.01205259	0.0947955555556	0.0226444444444
0.06277113	0.007963144	0.09972	0.0235
0.0626603	0.01217771	0.0929166666667	0.0225333333333
0.06450916	0.006885125	0.0997522222222	0.0243777777778
0.05039777	0.01457472	0.0811133333333	0.0242666666667
0.06768808	0.006144828	0.0967688888889	0.0228111111111
0.05243758	0.007924415	0.0810788888889	0.0243111111111
0.02640425	0.01286507	0.0881988888889	0.0225111111111
0.0447885	0.008729008	0.0821633333333	0.0231666666667
0.05025238	0.01288272	0.0847477777778	0.0251222222222
0.04314869	0.006903358	0.0807233333333	0.0237666666667
0.04632219	0.007687361	0.0860988888889	0.0226111111111
0.04476768	0.007403957	0.0814777777778	0.0233222222222
0.05873947	0.007145593	0.08788	0.0225
0.024154	0.006749363	0.08494	0.0227
0.06411101	0.01057532	0.08651	0.0253
0.07725143	0.009307188	0.0984144444444	0.0248555555556
0.05537081	0.006471242	0.08176	0.0232
0.05174132	0.01100075	0.0820988888889	0.0231111111111
0.05945213	0.006124236	0.0815755555556	0.0232444444444
0.06187645	0.007115186	0.0989733333333	0.0247666666667
0.05760894	0.009864554	0.0929833333333	0.0224666666667
0.06315051	0.0137892	0.0831911111111	0.0228888888889
0.05597401	0.009732493	0.0992277777778	0.0247222222222
0.04393477	0.01231855	0.0859611111111	0.0252888888889
0.04989475	0.01287052	0.0968266666667	0.0251333333333
0.05314016	0.006628699	0.0851566666667	0.0226333333333
0.06221565	0.01264902	0.10078	0.0239
0.05869495	0.005096862	0.0838211111111	0.0250888888889
0.03401538	0.007959276	0.0883777777778	0.0224222222222
0.05665362	0.01074813	0.0930666666667	0.0224333333333
0.05311761	0.004680286	0.0952844444444	0.0225555555556
0.06098958	0.006837319	0.0839666666667	0.0251333333333
0.06321008	0.01118823	0.100511111111	0.0234888888889
0.05266661	0.006651744	0.0825177777778	0.0249222222222
0.04966736	0.009226788	0.08038	0.0236
0.06249853	0.006329652	0.100207777778	0.0245222222222
0.04269653	0.006111839	0.0807	0.0234
0.04189677	0.008108821	0.0801655555556	0.0241444444444
0.04282953	0.008206958	0.0820077777778	0.0230222222222
0.05133843	0.009063556	0.0842011111111	0.0251888888889
0.05634354	0.006109628	0.100093333333	0.0232666666667
0.05781681	0.007937968	0.08488	0.0226
0.04168395	0.006649682	0.0912288888889	0.0255111111111
0.04590752	0.008168842	0.0807777777778	0.0233222222222
0.06584533	0.005691922	0.100174444444	0.0232555555556
0.06125687	0.015378	0.09782	0.0251
0.05173418	0.008647839	0.0896077777778	0.0255222222222
0.05316267	0.012607	0.0967877777778	0.0226222222222
0.06774083	0.01169459	0.101072222222	0.0242777777778
0.05668892	0.003397342	0.0904777777778	0.0223222222222
0.02488774	0.01365318	0.101328888889	0.0238111111111
0.04129014	0.007515721	0.0833777777778	0.0227222222222
0.04961771	0.005756805	0.0914977777778	0.0223222222222
0.05821609	0.009434615	0.0884955555556	0.0223444444444
0.06947275	0.007711532	0.100744444444	0.0233555555556
0.04053429	0.008958618	0.0956822222222	0.0253777777778
0.04940397	0.005801027	0.0810433333333	0.0247666666667
0.05527438	0.008756789	0.0843433333333	0.0225666666667
0.04151149	0.01111092	0.0804644444444	0.0232555555556
0.04565238	0.00818462	0.0797533333333	0.0235666666667
0.05589588	0.007702515	0.0906211111111	0.0255888888889
0.05734264	0.008710228	0.0823788888889	0.0228111111111
0.05554718	0.008582717	0.0871044444444	0.0223555555556
0.04392979	0.005718357	0.0824911111111	0.0227888888889
0.04006715	0.008877625	0.0801855555556	0.0245444444444
0.03061043	0.008614945	0.0805822222222	0.0246777777778
0.03363958	0.005595922	0.0993888888889	0.0229111111111
0.04696575	0.01327819	0.0922622222222	0.0222777777778
0.06214017	0.007784964	0.09318	0.0223
0.04557611	0.005866658	0.0841977777778	0.0253222222222
0.0519992	0.007671871	0.100777777778	0.0232222222222
0.0597677	0.00505423	0.0976677777778	0.0226222222222
0.04237094	0.0129762	0.101811111111	0.0240888888889
0.04089471	0.008964894	0.0802466666667	0.0232333333333
0.04737336	0.007357435	0.0890044444444	0.0222555555556
0.06242486	0.007809931	0.101218888889	0.0245111111111
0.06552018	0.007406381	0.100947777778	0.0246222222222
0.05525207	0.007880546	0.0821222222222	0.0250777777778
0.05152457	0.007362237	0.0910266666667	0.0256333333333
0.03645019	0.009297795	0.0804377777778	0.0247222222222
0.05692623	0.006107042	0.0847888888889	0.0254111111111
0.0512287	0.005290593	0.0907777777778	0.0222222222222
0.05619368	0.008079167	0.0909955555556	0.0256444444444
0.05098046	0.006346118	0.0797244444444	0.0233555555556
0.05269684	0.005263348	0.0791333333333	0.0241666666667
0.04595505	0.0094064	0.0835544444444	0.0225555555556
0.03718276	0.009049039	0.0806877777778	0.0230222222222
0.0531574	0.008421994	0.0872733333333	0.0222666666667
0.0522186	0.007826364	0.0874844444444	0.0222555555556
0.05705883	0.009319545	0.0847555555556	0.0254444444444
0.04613126	0.00524077	0.0819588888889	0.0251111111111
0.05202396	0.01437195	0.0987222222222	0.0251777777778
0.05239836	0.007349739	0.102206666667	0.0240333333333
0.05755447	0.007077701	0.0950088888889	0.0223111111111
0.0636516	0.009958545	0.0906822222222	0.0221777777778
0.05305535	0.01236552	0.0825577777778	0.0252222222222
0.04689352	0.009261695	0.0967166666667	0.0224333333333
0.06137409	0.007141945	0.100215555556	0.0249444444444
0.05496417	0.005784689	0.0939855555556	0.0222444444444
0.06595286	0.009325259	0.101397777778	0.0232222222222
0.04626623	0.008110752	0.0818166666667	0.0227333333333
0.05645058	0.006244793	0.0813288888889	0.0228111111111
0.05146195	0.007232125	0.0812577777778	0.0228222222222
0.05916084	0.004722646	0.0786488888889	0.0239111111111
0.05868866	0.01225345	0.0919433333333	0.0221666666667
0.0452219	0.008216164	0.0786644444444	0.0240555555556
0.05902503	0.006180134	0.101495555556	0.0246444444444
0.0453318	0.006015239	0.0785722222222	0.0238777777778
0.04242408	0.007518312	0.101122222222	0.0230777777778
0.04788495	0.005604164	0.0813311111111	0.0250888888889
0.05454043	0.007790949	0.07854	0.0238
0.05940723	0.00611858	0.0980277777778	0.0225222222222
0.05150197	0.009491556	0.0983644444444	0.0225555555556
0.05740676	0.009795465	0.0922355555556	0.0221444444444
0.06088336	0.005855407	0.0977222222222	0.0224777777778
0.06517287	0.005097785	0.0934422222222	0.0221777777778
0.0436936	0.004903049	0.0788	0.0235
0.06365957	0.006994898	0.102497777778	0.0236222222222
0.05463571	0.004687672	0.0952177777778	0.0256222222222
0.05333811	0.007051101	0.0833344444444	0.0224555555556
0.0455827	0.01358186	0.0798366666667	0.0248333333333
0.05446466	0.01499192	0.0960411111111	0.0222888888889
0.0570432	0.005325876	0.0788855555556	0.0245444444444
0.04754142	0.007999181	0.0814733333333	0.0226666666667
0.03477399	0.009967902	0.0965888888889	0.0223111111111
0.06125579	0.01184269	0.0890522222222	0.0257777777778
0.0560523	0.007707673	0.0917822222222	0.0220777777778
0.05985497	0.01244718	0.0983611111111	0.0253888888889
0.04927704	0.01029003	0.0843488888889	0.0223111111111
0.03943007	0.006196943	0.0853066666667	0.0222333333333
0.06457738	0.00518941	0.102166666667	0.0232333333333
0.05521906	0.006523709	0.0841377777778	0.0223222222222
0.0619526	0.00904879	0.101362222222	0.0229777777778
0.06416979	0.01226361	0.0942366666667	0.0221333333333
0.0370354	0.01443436	0.0893144444444	0.0220555555556
0.04686074	0.01826661	0.0853888888889	0.0222111111111
0.06279651	0.01396868	0.101605555556	0.0248444444444
0.06127277	0.006224585	0.0989777777778	0.0225222222222
0.04652697	0.0103157	0.0802855555556	0.0250444444444
0.04071863	0.004572508	0.0802577777778	0.0228222222222
0.05039841	0.007226569	0.0779066666667	0.0241333333333
0.04734788	0.008113507	0.0791133333333	0.0247666666667
0.04889449	0.006715021	0.0832322222222	0.0223777777778
0.0750751	0.007303056	0.101005555556	0.0228444444444
0.04831872	0.01145685	0.101786666667	0.0230333333333
0.04508941	0.01237782	0.0820544444444	0.0253555555556
0.05823119	0.005472213	0.100064444444	0.0226555555556
0.06387532	0.009596022	0.0976066666667	0.0223333333333
0.04005273	0.006274185	0.0799755555556	0.0228444444444
0.04378476	0.008290366	0.0970422222222	0.0222777777778
0.03711086	0.01358599	0.0878144444444	0.0220555555556
0.05796922	0.008543812	0.0814311111111	0.0252888888889
0.06239999	0.01649386	0.0925866666667	0.0258333333333
0.05043451	0.006028291	0.0782755555556	0.0233444444444
0.05719054	0.006794636	0.0785344444444	0.0246555555556
0.05722311	0.005843735	0.0844777777778	0.0222222222222
0.04882816	0.01614169	0.0948033333333	0.0257666666667
0.04019956	0.01631048	0.101861111111	0.0248888888889
0.05381846	0.009117286	0.0944622222222	0.0220777777778
0.05804095	0.009052173	0.0967955555556	0.0256444444444
0.04251609	0.008745857	0.0774955555556	0.0239444444444
0.05662698	0.005380422	0.09236	0.022
0.04994577	0.01044263	0.0799422222222	0.0250777777778
0.04787932	0.01041208	0.0784822222222	0.0231777777778
0.05548953	0.01235982	0.0805122222222	0.0226777777778
0.05280418	0.008685361	0.0849	0.0257
0.07071025	0.007803733	0.103624444444	0.0237555555556
0.06506385	0.01016971	0.0869555555556	0.0220444444444
0.04654349	0.008411216	0.0775477777778	0.0242222222222
0.05846401	0.007486219	0.0862022222222	0.0220777777778
0.05319517	0.009114299	0.100544444444	0.0226555555556
0.0416314	0.009233549	0.0903233333333	0.0219666666667
0.04556037	0.007886148	0.0859711111111	0.0220888888889
0.04586393	0.006247595	0.0773522222222	0.0239777777778
0.06367376	0.00725546	0.102857777778	0.0232222222222
0.03489529	0.007353553	0.0821488888889	0.0224111111111
0.04023678	0.01035265	0.0773711111111	0.0237888888889
0.05855083	0.006435452	0.0924522222222	0.0219777777778
0.05654938	0.007616663	0.0805177777778	0.0252222222222
0.06899134	0.005020816	0.0978022222222	0.0222777777778
0.05818358	0.005678129	0.0824133333333	0.0223666666667
0.06918227	0.00545799	0.0970033333333	0.0256666666667
0.05344074	0.007644263	0.0773355555556	0.0241444444444
0.05067388	0.01016617	0.0799466666667	0.0227333333333
0.03975696	0.008317225	0.0836566666667	0.0222333333333
0.06238483	0.004424622	0.0778666666667	0.0233333333333
0.04583078	0.009771532	0.0785222222222	0.0230777777778
0.04938532	0.007733118	0.0813822222222	0.0253777777778
0.05933147	0.0106274	0.0921844444444	0.0219555555556
0.04757366	0.01454466	0.0853033333333	0.0257666666667
0.06835489	0.005591249	0.103228888889	0.0233111111111
0.04139574	0.01013344	0.0882933333333	0.0219666666667
0.04873143	0.01079535	0.09396	0.022
0.05109866	0.01343933	0.0795422222222	0.0250777777778
0.04701988	0.007383975	0.0780811111111	0.0231888888889
0.05555677	0.005145182	0.0929444444444	0.0219555555556
0.03555283	0.01073491	0.0872922222222	0.0219777777778
0.04819226	0.006223828	0.0770622222222	0.0239777777778
0.04107869	0.01281569	0.0845955555556	0.0257444444444
0.03891559	0.008911807	0.0885666666667	0.0219333333333
0.05207491	0.006655096	0.09852	0.0223
0.06481863	0.009809651	0.0853233333333	0.0220666666667
0.08212983	0.005067404	0.0922355555556	0.0259444444444
0.03219892	0.01560373	0.0775088888889	0.0245111111111
0.0553525	0.007531396	0.0833188888889	0.0222111111111
0.03316672	0.01257229	0.0813566666667	0.0254333333333
0.03769535	0.006932655	0.101158888889	0.0252111111111
0.07129813	0.01371302	0.104151111111	0.0237888888889
0.05314706	0.00541594	0.0821777777778	0.0223222222222
0.05798138	0.01069366	0.08334	0.0222
0.06079077	0.006398697	0.0945022222222	0.0219777777778
0.03434407	0.006636953	0.0848111111111	0.0257888888889
0.04172083	0.008495291	0.08606	0.022
0.06545979	0.0138305	0.09854	0.0256
0.0520725	0.008552732	0.0964511111111	0.0257888888889
0.05531223	0.007092937	0.0945533333333	0.0219666666667
0.05902993	0.009646525	0.0950822222222	0.0258777777778
0.05732826	0.008941569	0.0778066666667	0.0247333333333
0.05615157	0.01038023	0.0961555555556	0.0220444444444
0.05487404	0.008653488	0.103566666667	0.0232333333333
0.06540755	0.006112896	0.0899733333333	0.0218666666667
0.05011614	0.005871118	0.0899133333333	0.0218666666667
0.05200947	0.009774532	0.100274444444	0.0224555555556
0.04735898	0.007580584	0.0779233333333	0.0230666666667
0.06023762	0.007180211	0.101344444444	0.0252555555556
0.03614134	0.009335493	0.0787688888889	0.0228111111111
0.04803498	0.01127908	0.0919244444444	0.0218555555556
0.03019877	0.006795689	0.0842733333333	0.0220666666667
0.05499039	0.00968388	0.0848177777778	0.0220222222222
0.07506086	0.005025831	0.0886788888889	0.0260111111111
0.0430941	0.008757363	0.0777222222222	0.0230777777778
0.04416792	0.007766289	0.0945677777778	0.0219222222222
0.0537245	0.01200208	0.0854222222222	0.0219777777778
0.04482605	0.006770026	0.0771711111111	0.0232888888889
0.05214578	0.00855269	0.0784688888889	0.0250111111111
0.04940989	0.008346469	0.0764766666667	0.0240333333333
0.05848586	0.007211998	0.0844666666667	0.0220333333333
0.05942707	0.01399636	0.0949666666667	0.0259333333333
0.05659666	0.006228126	0.0942933333333	0.0259666666667
0.04157534	0.01140218	0.0890866666667	0.0260333333333
0.04355445	0.009666133	0.0797111111111	0.0252888888889
0.06111378	0.009961773	0.0991444444444	0.0222555555556
0.05732284	0.009500793	0.0866433333333	0.0259666666667
0.03726913	0.01445874	0.0764133333333	0.0237666666667
0.03733227	0.01577895	0.0837833333333	0.0220666666667
0.06720326	0.008122667	0.103513333333	0.0230666666667
0.06620343	0.004911886	0.09875	0.0222
0.05230435	0.006675559	0.0784844444444	0.0250555555556
0.05208072	0.005495495	0.07727	0.0247
0.03409882	0.005826573	0.0874844444444	0.0218555555556
0.04747717	0.004013524	0.0770233333333	0.0232666666667
0.04445227	0.008832536	0.09653	0.022
0.05835317	0.009368493	0.08368	0.0258
0.05034584	0.008999894	0.101365555556	0.0225444444444
0.053203	0.01042906	0.0811166666667	0.0223333333333
0.03541547	0.006250738	0.103593333333	0.0230666666667
0.05583576	0.006599657	0.0822711111111	0.0221888888889
0.05795425	0.007570191	0.0986333333333	0.0221666666667
0.04558521	0.006049325	0.0850444444444	0.0219555555556
0.04584151	0.009865539	0.07632	0.0242
0.05818262	0.008095276	0.0970677777778	0.0220222222222
0.03742716	0.0136637	0.0788511111111	0.0226888888889
0.04776971	0.007444498	0.0805711111111	0.0223888888889
0.03743197	0.007622669	0.0847733333333	0.0219666666667
0.05737765	0.007042448	0.0839777777778	0.0220222222222
0.05621979	0.007389195	0.104242222222	0.0232777777778
0.06249768	0.01400752	0.0961844444444	0.0219555555556
0.06758896	0.006487806	0.103091111111	0.0249888888889
0.05604971	0.007695553	0.0794	0.0253
0.05946444	0.006641129	0.0980211111111	0.0220888888889
0.05101224	0.0091273	0.08226	0.0257
0.04673236	0.005509814	0.0769244444444	0.0246555555556
0.05847656	0.007540581	0.0967122222222	0.0219777777778
0.05279279	0.0127698	0.0885511111111	0.0217888888889
0.05700473	0.004456406	0.102411111111	0.0251888888889
0.06153613	0.004768358	0.076	0.0239
0.04510802	0.006954347	0.09726	0.022
0.04565869	0.005626617	0.103768888889	0.0230111111111
0.05340351	0.008830689	0.0979688888889	0.0258111111111
0.05510118	0.008458691	0.0802422222222	0.0254777777778
0.04898638	0.01406472	0.105075555556	0.0241444444444
0.03926173	0.009606195	0.0815844444444	0.0256555555556
0.06296455	0.007294666	0.0789088888889	0.0226111111111
0.05291093	0.007368337	0.0759233333333	0.0239666666667
0.04675689	0.0134016	0.104454444444	0.0232555555556
0.05400141	0.01461164	0.08415	0.0259
0.03987906	0.01161516	0.0994833333333	0.0256666666667
0.06484285	0.009448791	0.104966666667	0.0243333333333
0.05981628	0.009445473	0.0806433333333	0.0255666666667
0.05264334	0.009207787	0.101751111111	0.0224888888889
0.060373	0.008240317	0.101888888889	0.0225111111111
0.0594008	0.007057792	0.0802866666667	0.0223333333333
0.04686426	0.00962895	0.0758	0.0237
0.05365731	0.008425712	0.0757677777778	0.0241222222222
0.0519693	0.0068975	0.0961211111111	0.0259888888889
0.05481137	0.007633009	0.0823822222222	0.0220777777778
0.0488772	0.008347867	0.0848722222222	0.0218777777778
0.05734965	0.007399707	0.08629	0.0218
0.05340289	0.009481036	0.0945511111111	0.0217888888889
0.05975364	0.006752755	0.0946222222222	0.0260777777778
0.06000917	0.006043037	0.0794866666667	0.0254333333333
0.05751443	0.007633744	0.0972366666667	0.0259333333333
0.05538231	0.0120199	0.0785133333333	0.0252666666667
0.05184976	0.008082599	0.07576	0.0243
0.06855065	0.005502112	0.10207	0.0225
0.04777237	0.007408755	0.105071111111	0.0244888888889
0.05600991	0.007773799	0.0832111111111	0.0258888888889
0.0438427	0.004957926	0.0807366666667	0.0256333333333
0.05824921	0.006013927	0.0922	0.0217
0.04237082	0.00454919	0.0846333333333	0.0218666666667
0.05287336	0.007946706	0.0981111111111	0.0219888888889
0.05784082	0.008199246	0.0823177777778	0.0258222222222
0.07206431	0.008967645	0.0891611111111	0.0216888888889
0.05092492	0.007856831	0.0817822222222	0.0257777777778
0.06614958	0.0104826	0.10462	0.0231
0.07293118	0.01349163	0.104302222222	0.0248777777778
0.04054046	0.0129305	0.0755188888889	0.0242111111111
0.04004587	0.01361251	0.10004	0.0257
0.06466446	0.01512393	0.105688888889	0.0238111111111
0.04791577	0.01053463	0.0902	0.0262
0.05153168	0.007366202	0.0952522222222	0.0217777777778
0.06502247	0.01638355	0.103087777778	0.0252222222222
0.06869851	0.005626226	0.100577777778	0.0222222222222
0.07331556	0.009964394	0.105027777778	0.0232222222222
0.06175514	0.009659531	0.105361111111	0.0233888888889
0.04715268	0.00766382	0.0771355555556	0.0228444444444
0.04678725	0.01511506	0.0779455555556	0.0226444444444
0.03481388	0.01625395	0.105695555556	0.0236444444444
0.04922248	0.008388113	0.10523	0.0233
0.05850892	0.005679166	0.0916844444444	0.0216555555556
0.05643116	0.006348854	0.0779155555556	0.0226444444444
0.05150327	0.006770913	0.103956666667	0.0250333333333
0.04801493	0.006076362	0.0816833333333	0.0220666666667
0.05266611	0.008928474	0.08832	0.0262
0.04698585	0.009626676	0.0753622222222	0.0235777777778
0.06226036	0.005789338	0.103754444444	0.0227555555556
0.0396876	0.00590453	0.0810155555556	0.0257444444444
0.0411485	0.0103102	0.0777655555556	0.0226444444444
0.05393657	0.0100628	0.0902077777778	0.0216222222222
0.05978845	0.009397115	0.105124444444	0.0231555555556
0.06733986	0.007868151	0.0967244444444	0.0260555555556
0.05791508	0.006327594	0.0788055555556	0.0254444444444
0.0340726	0.01109036	0.07702	0.0228
0.05599318	0.0158671	0.0787855555556	0.0254444444444
0.05554878	0.007973873	0.0909444444444	0.0262555555556
0.06143845	0.005180521	0.0835888888889	0.0260111111111
0.05560481	0.005985033	0.0942811111111	0.0261888888889
0.04550027	0.007521855	0.0749933333333	0.0238666666667
0.04999454	0.007399997	0.0860733333333	0.0261666666667
0.05825649	0.007555182	0.0941933333333	0.0216666666667
0.06807806	0.00778772	0.100151111111	0.0220888888889
0.04313379	0.009411675	0.0854777777778	0.0217222222222
0.06954528	0.00717684	0.0976477777778	0.0260222222222
0.05429773	0.005306132	0.0792088888889	0.0223111111111
0.04826956	0.008557089	0.0811955555556	0.0220444444444
0.03018213	0.01272759	0.07804	0.0225
0.045334	0.009888947	0.0761733333333	0.0229666666667
0.04771388	0.004619591	0.0939666666667	0.0216333333333
0.05506782	0.01002325	0.0862	0.0262
0.04716829	0.009665748	0.0793733333333	0.0222666666667
0.04105397	0.00812193	0.0923422222222	0.0262777777778
0.06084097	0.007426733	0.0998555555556	0.0258444444444
0.04521751	0.005325173	0.0802766666667	0.0221333333333
0.04428535	0.01132302	0.0754355555556	0.0246444444444
0.06348706	0.004715091	0.0984222222222	0.0218777777778
0.04763002	0.006865886	0.0794177777778	0.0256222222222
0.05297998	0.008021692	0.0853911111111	0.0216888888889
0.05600515	0.006482103	0.0818377777778	0.0259222222222
0.06470075	0.007555191	0.0962288888889	0.0217111111111
0.06120656	0.005083393	0.0898144444444	0.0215555555556
0.05921581	0.008804875	0.105853333333	0.0232666666667
0.05668929	0.00711718	0.0892844444444	0.0215555555556
0.03907251	0.008387267	0.0904777777778	0.0263222222222
0.06311438	0.006771649	0.0962333333333	0.0261666666667
0.06602616	0.009753206	0.0883033333333	0.0215666666667
0.05770266	0.01441541	0.0946955555556	0.0262444444444
0.04391123	0.01142041	0.101917777778	0.0256222222222
0.05865556	0.009917231	0.0759355555556	0.0229444444444
0.04062867	0.006383032	0.0764111111111	0.0227888888889
0.05804767	0.01153911	0.0995677777778	0.0259222222222
0.05012261	0.005470429	0.103565555556	0.0253444444444
0.05686182	0.006992996	0.106552222222	0.0241777777778
0.03835639	0.008693269	0.0768433333333	0.0226666666667
0.06194768	0.006061857	0.104253333333	0.0226666666667
0.04860022	0.01195313	0.0845133333333	0.0261666666667
0.0399022	0.00565717	0.0744633333333	0.0237666666667
0.04564534	0.008727945	0.0848711111111	0.0261888888889
0.05681047	0.008484216	0.105226666667	0.0229333333333
0.05068531	0.008440549	0.0763311111111	0.0227888888889
0.04856133	0.008437598	0.0743722222222	0.0238777777778
0.07113641	0.01201928	0.102775555556	0.0223444444444
0.03558079	0.01045425	0.0751222222222	0.0246777777778
0.03554351	0.008031414	0.0745122222222	0.0235777777778
0.03508412	0.01712502	0.0868333333333	0.0215666666667
0.04653983	0.01063867	0.0755511111111	0.0229888888889
0.04650054	0.009573436	0.0754244444444	0.0248555555556
0.05626974	0.01416321	0.105611111111	0.0229888888889
0.04220342	0.009849675	0.08184	0.026
0.06642421	0.006682483	0.103848888889	0.0225111111111
0.04906789	0.007000351	0.0742977777778	0.0242222222222
0.05991392	0.005558612	0.106446666667	0.0233333333333
0.04785846	0.01475117	0.0777822222222	0.0254777777778
0.0527618	0.01260466	0.0847966666667	0.0262333333333
0.05491302	0.007452476	0.0924222222222	0.0263777777778
0.04743808	0.006508282	0.0837311111111	0.0216888888889
0.07200572	0.006728966	0.101826666667	0.0257333333333
0.04525845	0.005704565	0.0965066666667	0.0216333333333
0.04044326	0.01623904	0.0940377777778	0.0215222222222
0.04989449	0.007686043	0.0909433333333	0.0214666666667
0.05926553	0.01309682	0.0952733333333	0.0215666666667
0.0541893	0.009792859	0.0926022222222	0.0214777777778
0.06455317	0.009098688	0.103308888889	0.0255111111111
0.06345985	0.004073762	0.1059	0.023
0.03343066	0.005844897	0.0745	0.0233
0.06764783	0.00768338	0.0983555555556	0.0217444444444
0.05704756	0.008221994	0.105717777778	0.0229222222222
0.05269808	0.008380651	0.100891111111	0.0219888888889
0.04245746	0.008114946	0.0838844444444	0.0216555555556
0.04731574	0.006762269	0.0740355555556	0.0242444444444
0.07199657	0.01004101	0.106086666667	0.0230333333333
0.06403503	0.01029677	0.107197777778	0.0238222222222
0.04209697	0.006780575	0.102382222222	0.0221777777778
0.05132453	0.006796035	0.0978011111111	0.0216888888889
0.07347467	0.01121458	0.106842222222	0.0244777777778
0.03366751	0.01197521	0.0871511111111	0.0214888888889
0.05137967	0.004425927	0.0852033333333	0.0215666666667
0.04983106	0.01390401	0.106638888889	0.0246111111111
0.05665745	0.007389931	0.0946644444444	0.0263555555556
0.04818609	0.008765351	0.0841577777778	0.0216222222222
0.06457489	0.006409634	0.0950155555556	0.0263444444444
0.04949601	0.007878401	0.0804466666667	0.0219333333333
0.04385593	0.00667899	0.0782266666667	0.0256333333333
0.04097155	0.008929208	0.0944111111111	0.0214888888889
0.05560281	0.008111299	0.0963822222222	0.0215777777778
0.05879486	0.00553394	0.0900777777778	0.0214222222222
0.05129544	0.006040015	0.0887566666667	0.0214333333333
0.05680808	0.005743991	0.0970388888889	0.0216111111111
0.06341411	0.004386195	0.1021	0.0221
0.03419161	0.01305208	0.07974	0.022
0.06441756	0.006345909	0.104228888889	0.0254111111111
0.05430601	0.008551269	0.0791022222222	0.0220777777778
0.05411923	0.008142568	0.10396	0.0224
0.04449512	0.01255615	0.0738488888889	0.0243111111111
0.04217271	0.009348255	0.0766133333333	0.0253666666667
0.04914224	0.007027813	0.0828911111111	0.0261888888889
0.04197485	0.007269934	0.07377	0.0236
0.05767254	0.007349955	0.0980733333333	0.0216666666667
0.06298349	0.007937505	0.107178888889	0.0244111111111
0.03836101	0.007064616	0.0943633333333	0.0214666666667
0.05788945	0.006904697	0.0808444444444	0.0218555555556
0.04973072	0.005873715	0.0835555555556	0.0262444444444
0.05045032	0.005386926	0.0808755555556	0.0218444444444
0.04203628	0.006086566	0.0748755555556	0.0229444444444
0.05446152	0.00510074	0.0911611111111	0.0213888888889
0.05338195	0.004632876	0.0848066666667	0.0215333333333
0.04287278	0.007545911	0.0810688888889	0.0218111111111
0.05015116	0.007029243	0.0777766666667	0.0256333333333
0.04786691	0.007972883	0.107234444444	0.0233555555556
0.05838716	0.01118456	0.0916111111111	0.0264888888889
0.05307348	0.00650376	0.0746988888889	0.0249111111111
0.04910836	0.006780464	0.0738377777778	0.0245222222222
0.05472132	0.01338435	0.107516666667	0.0243333333333
0.0713957	0.005849474	0.10773	0.0239
0.0272123	0.01131047	0.0763822222222	0.0224777777778
0.04788742	0.01490077	0.0887311111111	0.0264888888889
0.04937702	0.01284829	0.0743311111111	0.0247888888889
0.04641369	0.008432794	0.0739966666667	0.0232333333333
0.03228638	0.00834273	0.0954033333333	0.0214666666667
0.07899492	0.009051672	0.105455555556	0.0226444444444
0.04548133	0.0124878	0.08491	0.0215
0.05555123	0.006339225	0.0754511111111	0.0226888888889
0.06794822	0.006288048	0.101861111111	0.0219888888889
0.04277505	0.009141931	0.0852722222222	0.0214777777778
0.05085063	0.01249449	0.103404444444	0.0256555555556
0.04761423	0.01511106	0.101555555556	0.0219444444444
0.05466709	0.01619636	0.0867844444444	0.0264555555556
0.0554477	0.01045982	0.105126666667	0.0253333333333
0.04602177	0.008452703	0.07343	0.0235
0.05181889	0.008264787	0.0978411111111	0.0262888888889
0.02853834	0.01441566	0.0751066666667	0.0227333333333
0.04218008	0.005940506	0.0898966666667	0.0265333333333
0.04533092	0.01058208	0.0895666666667	0.0213333333333
0.04982471	0.01146907	0.07312	0.024
0.05025162	0.007995462	0.0755188888889	0.0226111111111
0.05239627	0.01013805	0.0758166666667	0.0253333333333
0.05048871	0.007723297	0.0874133333333	0.0213666666667
0.05249156	0.007421338	0.0890666666667	0.0213333333333
0.0368113	0.008956243	0.106994444444	0.0230555555556
0.05427337	0.007289393	0.0904377777778	0.0213222222222
0.06938445	0.008936244	0.0985388888889	0.0216111111111
0.05982963	0.006966544	0.0925066666667	0.0213333333333
0.04662039	0.005515853	0.0730411111111	0.0238888888889
0.0449926	0.006885854	0.0853466666667	0.0214333333333
0.06336536	0.00976186	0.108058888889	0.0238111111111
0.04309214	0.009807248	0.0750088888889	0.0227111111111
0.04586542	0.006822817	0.0887777777778	0.0213222222222
0.03967228	0.01045037	0.106988888889	0.0230111111111
0.06687927	0.006520335	0.103208888889	0.0221111111111
0.04993024	0.01004267	0.0774622222222	0.0221777777778
0.04797187	0.00483637	0.100424444444	0.0217555555556
0.05783169	0.01089798	0.100964444444	0.0260555555556
0.04764203	0.008235684	0.107912222222	0.0243777777778
0.04556244	0.008181111	0.0793533333333	0.0259666666667
0.06778106	0.005232119	0.0990877777778	0.0216222222222
0.04561089	0.006390303	0.0738333333333	0.0230666666667
0.05478035	0.01228449	0.0902422222222	0.0265777777778
0.03761046	0.006149577	0.0946344444444	0.0213555555556
0.04766578	0.01609997	0.0879188888889	0.0213111111111
0.04782625	0.00872875	0.105176666667	0.0224333333333
0.05071427	0.006348521	0.0793222222222	0.0218777777778
0.04737173	0.004472201	0.0862044444444	0.0213555555556
0.05690537	0.007251791	0.103784444444	0.0221555555556
0.03498647	0.009040822	0.0748522222222	0.0226777777778
0.0494655	0.01761691	0.0744511111111	0.0227888888889
0.06674328	0.006685816	0.10497	0.0255
0.04821858	0.007589599	0.10749	0.0231
0.06608755	0.007216856	0.0938488888889	0.0213111111111
0.07227714	0.00888869	0.107064444444	0.0249555555556
0.03882315	0.009663025	0.101971111111	0.0259888888889
0.07032451	0.00753163	0.106711111111	0.0227888888889
0.03847638	0.008184587	0.0836333333333	0.0214666666667
0.04297147	0.008550265	0.0784677777778	0.0259222222222
0.06243964	0.005732105	0.0920844444444	0.0212555555556
0.04675012	0.008710502	0.0766066666667	0.0222333333333
0.06756288	0.01118027	0.09301	0.0266
0.05320137	0.01261792	0.0791677777778	0.0260222222222
0.05611453	0.007346059	0.0894355555556	0.0212444444444
0.05448815	0.00789515	0.102666666667	0.0259333333333
0.05569714	0.008341042	0.0725522222222	0.0241777777778
0.03676105	0.01419648	0.0803433333333	0.0261666666667
0.03193654	0.00688752	0.10172	0.0218
0.05759688	0.01170795	0.0824244444444	0.0263555555556
0.07017075	0.01211505	0.108577777778	0.0236222222222
0.03990145	0.006029121	0.0879155555556	0.0212444444444
0.05491038	0.007961764	0.0799755555556	0.0261444444444
0.03286622	0.006671259	0.10786	0.0231
0.04207106	0.01236179	0.0764544444444	0.0256555555556
0.04545154	0.008778643	0.0876755555556	0.0212444444444
0.04506612	0.01021253	0.0923277777778	0.0212222222222
0.03593605	0.009012228	0.0765422222222	0.0256777777778
0.05640594	0.01073931	0.0848455555556	0.0213444444444
0.0364839	0.005888729	0.0875655555556	0.0212444444444
0.05942455	0.01036458	0.0863011111111	0.0265888888889
0.04822495	0.009584687	0.0803233333333	0.0216666666667
0.0713974	0.005926946	0.10329	0.0259
0.04212443	0.01229846	0.0931455555556	0.0266444444444
0.06580583	0.007474027	0.106472222222	0.0225777777778
0.05015182	0.005834214	0.102227777778	0.0218222222222
0.05621433	0.007613625	0.101971111111	0.0217888888889
0.04203228	0.007666732	0.0754411111111	0.0254888888889
0.04767555	0.01208763	0.103501111111	0.0219888888889
0.06255638	0.01413347	0.0901822222222	0.0266777777778
0.03763519	0.0101529	0.0809811111111	0.0215888888889
0.06206268	0.009249942	0.104298888889	0.0221111111111
0.05927141	0.009756889	0.0799422222222	0.0261777777778
0.05207732	0.005330613	0.105006666667	0.0222333333333
0.06766784	0.004020507	0.103433333333	0.0219666666667
0.06321376	0.006222615	0.100835555556	0.0216444444444
0.04483046	0.008498576	0.0721055555556	0.0237444444444
0.0342414	0.008582617	0.102576666667	0.0218333333333
0.05617556	0.01438965	0.104067777778	0.0258222222222
0.04653235	0.007081102	0.0856033333333	0.0212666666667
0.04153184	0.008263711	0.0752311111111	0.0254888888889
0.05844124	0.00631733	0.100163333333	0.0215666666667
0.04217766	0.01752128	0.0880822222222	0.0266777777778
0.05296471	0.005303808	0.0896733333333	0.0211666666667
0.02937524	0.01317181	0.0895133333333	0.0211666666667
0.04744972	0.006747941	0.0729333333333	0.0230666666667
0.05816132	0.00948811	0.0863666666667	0.0212333333333
0.04884796	0.00621023	0.102666666667	0.0218333333333
0.03478116	0.008662209	0.0941144444444	0.0266555555556
0.06623474	0.007397158	0.108193333333	0.0230666666667
0.04683525	0.007070676	0.0722777777778	0.0234222222222
0.04589045	0.00924676	0.07366	0.0251
0.06636591	0.01356905	0.106791111111	0.0252888888889
0.05512628	0.005606253	0.0875311111111	0.0211888888889
0.06983138	0.008295693	0.09826	0.0214
0.05554562	0.008082404	0.0833133333333	0.0213666666667
0.05917152	0.006287317	0.0964222222222	0.0265777777778
0.05296399	0.01004054	0.0946444444444	0.0266555555556
0.0524053	0.005985923	0.0815311111111	0.0214888888889
0.05436082	0.009631457	0.108935555556	0.0234444444444
0.06018682	0.01514171	0.103891111111	0.0258888888889
0.0661723	0.01061666	0.107533333333	0.0227666666667
0.06390223	0.01313949	0.102451111111	0.0260888888889
0.03113285	0.01564712	0.0737533333333	0.0251666666667
0.05213074	0.007992381	0.0959644444444	0.0212555555556
0.0331254	0.006527121	0.0882444444444	0.0211555555556
0.0515226	0.004792651	0.0778222222222	0.0218777777778
0.05355505	0.01372813	0.0872111111111	0.0266888888889
0.04406386	0.01108414	0.0734111111111	0.0227888888889
0.05483246	0.007105117	0.0821777777778	0.0214222222222
0.04528921	0.00662567	0.0723666666667	0.0232333333333
0.07255669	0.007778362	0.107712222222	0.0250777777778
0.05207851	0.01378535	0.108304444444	0.0248555555556
0.05848213	0.004815275	0.0942222222222	0.0211777777778
0.07202301	0.00693877	0.0952788888889	0.0212111111111
0.0654645	0.007663723	0.109326666667	0.0241333333333
0.0588124	0.007222411	0.0931955555556	0.0211444444444
0.06669901	0.007004477	0.107935555556	0.0228444444444
0.0296845	0.01481883	0.0718677777778	0.0243222222222
0.03235674	0.005898023	0.0733422222222	0.0227777777778
0.04229874	0.004187249	0.0775522222222	0.0259777777778
0.03262531	0.01517738	0.0768033333333	0.0258666666667
0.05568015	0.007793761	0.09885	0.0214
0.05510223	0.004964493	0.0929366666667	0.0211333333333
0.03750268	0.0102763	0.0801222222222	0.0215777777778
0.08323962	0.008638122	0.109277777778	0.0243222222222
0.04020306	0.01347286	0.07211	0.0233
0.04545756	0.01182801	0.0726066666667	0.0248333333333
0.04924902	0.008697253	0.0805266666667	0.0215333333333
0.04613057	0.00858533	0.10126	0.0216
0.03817528	0.01005557	0.0751822222222	0.0222777777778
0.04408682	0.008991834	0.0733866666667	0.0251333333333
0.06078798	0.007620301	0.0921888888889	0.0211111111111
0.04325745	0.008255333	0.0724511111111	0.0230888888889
0.05161421	0.005989817	0.08206	0.0214
0.05857341	0.006971401	0.08355	0.0213
0.04540656	0.008156026	0.10752	0.0252
0.04305061	0.01435166	0.0715666666667	0.0239333333333
0.05777085	0.007771848	0.0885988888889	0.0211111111111
0.06624152	0.009757219	0.104016666667	0.0259333333333
0.07413333	0.01563629	0.1087	0.0231
0.04628038	0.01339833	0.0926144444444	0.0267555555556
0.05492177	0.009332795	0.0794855555556	0.0262444444444
0.05307421	0.006384433	0.0808511111111	0.0214888888889
0.06107496	0.009685249	0.0969188888889	0.0266111111111
0.05204432	0.006666598	0.0822111111111	0.0264888888889
0.05714383	0.01196243	0.0997555555556	0.0214444444444
0.05722951	0.007491339	0.0876277777778	0.0211222222222
0.05826272	0.007721477	0.106235555556	0.0255444444444
0.07568191	0.005371502	0.10147	0.0216
0.0501462	0.008324783	0.0807711111111	0.0214888888889
0.06255025	0.007506288	0.0966566666667	0.0212333333333
0.04754151	0.009687518	0.0716455555556	0.0235444444444
0.04849529	0.007736813	0.0823844444444	0.0213555555556
0.04799458	0.007418432	0.0845955555556	0.0266444444444
0.05417752	0.006929858	0.0826266666667	0.0265333333333
0.05247	0.004002647	0.0782555555556	0.0217444444444
0.05656974	0.007861826	0.0844955555556	0.0266444444444
0.06302878	0.01366321	0.102847777778	0.0261222222222
0.04667417	0.005350615	0.0719644444444	0.0232555555556
0.05497624	0.0133286	0.0944266666667	0.0211333333333
0.05385065	0.009629617	0.0810977777778	0.0264222222222
0.05731842	0.006498898	0.09335	0.0211
0.06800354	0.01306361	0.0983444444444	0.0265555555556
0.04953461	0.01234908	0.0879622222222	0.0267777777778
0.04936519	0.006086181	0.0725366666667	0.0249333333333
0.05980233	0.00686907	0.103575555556	0.0260444444444
0.03226261	0.00948926	0.0731155555556	0.0251444444444
0.03788748	0.007404709	0.106516666667	0.0255333333333
0.05955993	0.01004693	0.10268	0.0217
0.05378042	0.006352482	0.106935555556	0.0254444444444
0.05300462	0.01189359	0.0761888888889	0.0220111111111
0.04178825	0.009145653	0.0767255555556	0.0259444444444
0.05430363	0.009915419	0.109611111111	0.0234888888889
0.05632137	0.006776186	0.108857777778	0.0230222222222
0.03151327	0.007839353	0.0819355555556	0.0213444444444
0.05717222	0.008072954	0.0972755555556	0.0266444444444
0.05813046	0.007907741	0.0895177777778	0.0268222222222
0.05519507	0.005478911	0.0830033333333	0.0212666666667
0.03612424	0.0139119	0.0751311111111	0.0256888888889
0.06458153	0.009798555	0.102336666667	0.0216333333333
0.03238753	0.01059114	0.0852555555556	0.0211444444444
0.04498958	0.009161524	0.0965711111111	0.0266888888889
0.04224021	0.01565031	0.0791322222222	0.0262777777778
0.05480558	0.00675956	0.0763544444444	0.0219555555556
0.05254763	0.006258387	0.0857777777778	0.0211222222222
0.0238389	0.01286427	0.0842311111111	0.0211888888889
0.05358915	0.007813694	0.0978955555556	0.0212444444444
0.06147554	0.003901903	0.0802833333333	0.0214666666667
0.04277119	0.009244631	0.0789533333333	0.0262666666667
0.0441518	0.006925035	0.0788188888889	0.0216111111111
0.03908851	0.008120208	0.0718266666667	0.0231333333333
0.03628471	0.008368642	0.0775433333333	0.0217666666667
0.02661323	0.01417568	0.0746855555556	0.0222444444444
0.0613561	0.009611869	0.100457777778	0.0214222222222
0.0415725	0.007745172	0.0801333333333	0.0214666666667
0.04188152	0.00757078	0.0735911111111	0.0224888888889
0.05320174	0.008458068	0.109877777778	0.0235222222222
0.03806292	0.007380044	0.0794266666667	0.0215333333333
0.05212688	0.009273652	0.0986822222222	0.0212777777778
0.04645189	0.01791289	0.105071111111	0.0258888888889
0.03187007	0.004231475	0.0722044444444	0.0249555555556
0.04420301	0.01419246	0.0710577777778	0.0242222222222
0.03647094	0.008229894	0.0768866666667	0.0218333333333
0.05232798	0.01333957	0.1099	0.0244
0.03508963	0.009379946	0.0726366666667	0.0227333333333
0.0591256	0.007500585	0.108435555556	0.0251444444444
0.0668825	0.01042678	0.109973333333	0.0243666666667
0.05745234	0.006789221	0.09136	0.021
0.04948555	0.006553569	0.0802066666667	0.0214333333333
0.06462336	0.01255061	0.109413333333	0.0247666666667
0.04443983	0.007757976	0.0812055555556	0.0213444444444
0.05503289	0.01156058	0.0997866666667	0.0213333333333
0.06193846	0.005477861	0.0996777777778	0.0213222222222
0.06682369	0.005848713	0.105391111111	0.0219888888889
0.05015477	0.0105336	0.0921422222222	0.0268777777778
0.06115535	0.005654496	0.107068888889	0.0223111111111
0.05109528	0.01290693	0.0756911111111	0.0258888888889
0.04999762	0.008196738	0.10403	0.0261
0.05632569	0.005331886	0.0765866666667	0.0218333333333
0.05716871	0.008392565	0.0792633333333	0.0263666666667
0.07506959	0.006241056	0.1103	0.0237
0.06051363	0.01180834	0.0723022222222	0.0227777777778
0.06247487	0.008935948	0.0919511111111	0.0268888888889
0.03469661	0.007456099	0.0740511111111	0.0222888888889
0.06185928	0.008901119	0.0966188888889	0.0211111111111
0.0548878	0.007094896	0.0730077777778	0.0253222222222
0.0719006	0.0120344	0.105305555556	0.0219444444444
0.06380313	0.01190818	0.108455555556	0.0226444444444
0.05836849	0.005858742	0.0796855555556	0.0214444444444
0.03155466	0.00949073	0.0813	0.0213
0.06030017	0.008311216	0.0976644444444	0.0211555555556
0.05792429	0.009843744	0.0946377777778	0.0210222222222
0.04483826	0.01572718	0.08898	0.0269
0.05222954	0.00663683	0.0882222222222	0.0209777777778
0.03914141	0.009805816	0.0772177777778	0.0217222222222
0.06489088	0.009905836	0.0987855555556	0.0266444444444
0.06347442	0.009320125	0.0768011111111	0.0260888888889
0.03518769	0.009289977	0.0908688888889	0.0269111111111
0.05380353	0.005105112	0.0909788888889	0.0269111111111
0.05534461	0.007654221	0.0971755555556	0.0267444444444
0.04858743	0.004861474	0.0885333333333	0.0209666666667
0.06267608	0.01062066	0.0949655555556	0.0268444444444
0.05947879	0.005462667	0.0830133333333	0.0211666666667
0.04550981	0.01368446	0.0943433333333	0.0268666666667
0.05811949	0.008685786	0.0953566666667	0.0210333333333
0.03722639	0.009331917	0.08672	0.021
0.05874505	0.01004258	0.101576666667	0.0214333333333
0.04118786	0.00738969	0.0711422222222	0.0231777777778
0.04256053	0.005622799	0.0748533333333	0.0220666666667
0.06116801	0.0078997	0.0860788888889	0.0210111111111
0.04952834	0.006484485	0.0730333333333	0.0224666666667
0.04964505	0.00807604	0.0763444444444	0.0260555555556
0.0465928	0.00650688	0.07091	0.0233
0.04685975	0.007849753	0.0712111111111	0.0230888888889
0.0463428	0.008564687	0.0814555555556	0.0212444444444
0.05127376	0.01105456	0.0945322222222	0.0209777777778
0.05412329	0.005539449	0.0840322222222	0.0210777777778
0.06318709	0.00465553	0.0961866666667	0.0268333333333
0.05818384	0.01311236	0.0921555555556	0.0269444444444
0.0730378	0.008297207	0.0993688888889	0.0212111111111
0.054944	0.008819321	0.106591111111	0.0220888888889
0.05278423	0.00579598	0.0972522222222	0.0210777777778
0.05604121	0.01358274	0.0732033333333	0.0223666666667
0.04324201	0.005727272	0.0735111111111	0.0222888888889
0.05967919	0.009783537	0.107238888889	0.0222111111111
0.06775064	0.006278211	0.10404	0.0262
0.02845262	0.01231109	0.110595555556	0.0234444444444
