root_height	pop_size	pi_net	pi_within
0.0529831	0.003990751	0.1033	0.0072
0.05948262	0.002936088	0.103638888889	0.00721111111111
0.05320035	0.003979204	0.103088888889	0.00721111111111
0.05974033	0.007486742	0.103111111111	0.00718888888889
0.05752546	0.002645729	0.103184444444	0.00725555555556
0.06196921	0.00298244	0.10302	0.0072
0.05593284	0.004200135	0.103788888889	0.00721111111111
0.05607273	0.003290629	0.103788888889	0.00721111111111
0.05870559	0.00524138	0.102877777778	0.00722222222222
0.05899485	0.006374944	0.103722222222	0.00727777777778
0.05079865	0.007413678	0.103377777778	0.00712222222222
0.06502497	0.003288759	0.104	0.0072
0.06113323	0.005926109	0.103721111111	0.00728888888889
0.06043606	0.004956957	0.102766666667	0.00723333333333
0.06512667	0.003481974	0.102915555556	0.00714444444444
0.06167426	0.006630194	0.103178888889	0.00731111111111
0.06006604	0.002468778	0.102705555556	0.00724444444444
0.0520998	0.00441973	0.103668888889	0.00731111111111
0.06511862	0.001993054	0.103577777778	0.00732222222222
0.05877349	0.004630724	0.102644444444	0.00725555555556
0.05550996	0.003498239	0.103366666667	0.00733333333333
0.0554753	0.002906172	0.103311111111	0.00708888888889
0.03178729	0.00621037	0.103291111111	0.00708888888889
0.06587336	0.005581106	0.104201111111	0.00718888888889
0.06627695	0.004315553	0.1028	0.0073
0.04846633	0.003814523	0.104246666667	0.00723333333333
0.0514511	0.004368324	0.102808888889	0.00711111111111
0.05967718	0.002623373	0.102522222222	0.00717777777778
0.05403545	0.004754164	0.103988888889	0.00731111111111
0.05539751	0.003043372	0.102533333333	0.00716666666667
0.05545324	0.004189468	0.103433333333	0.00706666666667
0.06005987	0.006017742	0.104211111111	0.00728888888889
0.05543542	0.007354035	0.102522222222	0.00727777777778
0.05507792	0.003371817	0.103971111111	0.00708888888889
0.05402787	0.004700261	0.102577777778	0.00712222222222
0.05012386	0.007130398	0.103855555556	0.00734444444444
0.04952835	0.007491975	0.102377777778	0.00722222222222
0.06211825	0.003916316	0.104271111111	0.00728888888889
0.04852511	0.004072312	0.102455555556	0.00714444444444
0.05486284	0.002632159	0.102355555556	0.00724444444444
0.0515056	0.005824574	0.102711111111	0.00708888888889
0.0553589	0.003524973	0.102373333333	0.00726666666667
0.06124852	0.004224163	0.103924444444	0.00735555555556
0.04480217	0.004637991	0.104433333333	0.00726666666667
0.06487148	0.00425367	0.102833333333	0.00706666666667
0.0524853	0.005477336	0.102355555556	0.00714444444444
0.05082239	0.00852511	0.104435555556	0.00714444444444
0.04653166	0.002881238	0.103466666667	0.00703333333333
0.05978062	0.00248737	0.104544444444	0.00725555555556
0.05521795	0.002527889	0.104182222222	0.00707777777778
0.05706546	0.005313404	0.103511111111	0.00738888888889
0.04817803	0.003829452	0.103822222222	0.00737777777778
0.06324744	0.002045034	0.104388888889	0.00731111111111
0.06285629	0.006728587	0.102244444444	0.00715555555556
0.05269956	0.004265076	0.103855555556	0.00704444444444
0.05619043	0.002025713	0.102168888889	0.00721111111111
0.05345308	0.003491941	0.103011111111	0.00738888888889
0.05575257	0.003409977	0.103377777778	0.00702222222222
0.05025059	0.005492729	0.10322	0.0074
0.05662034	0.00595623	0.104488888889	0.00731111111111
0.04961435	0.005290099	0.104633333333	0.00726666666667
0.05269543	0.005754698	0.104633333333	0.00726666666667
0.0535014	0.004848691	0.102866666667	0.00703333333333
0.03233373	0.0065526	0.104072222222	0.00737777777778
0.05431504	0.004645293	0.102133333333	0.00726666666667
0.05558977	0.005881892	0.1038	0.0074
0.05704454	0.004568036	0.1038	0.0074
0.05829272	0.004100942	0.102444444444	0.00735555555556
0.04604114	0.00429743	0.104646666667	0.00713333333333
0.06551315	0.004783386	0.103688888889	0.00701111111111
0.05331398	0.004160856	0.102111111111	0.00728888888889
0.05252062	0.004409529	0.102111111111	0.00728888888889
0.04534112	0.004468854	0.102302222222	0.00707777777778
0.03133233	0.007488202	0.103377777778	0.00742222222222
0.04506969	0.003963426	0.10336	0.007
0.05366271	0.003938561	0.1033	0.007
0.07054038	0.003675159	0.101957777778	0.00722222222222
0.05767841	0.003224077	0.102211111111	0.00708888888889
0.06861439	0.005891899	0.10365	0.007
0.05245309	0.006459404	0.104077777778	0.00702222222222
0.07197923	0.002596675	0.102255555556	0.00734444444444
0.04263458	0.007211591	0.103777777778	0.00742222222222
0.0622453	0.005440728	0.102788888889	0.00741111111111
0.0456769	0.003717314	0.104137777778	0.00702222222222
0.05383769	0.00426045	0.103166666667	0.00743333333333
0.05516742	0.002089372	0.102688888889	0.00701111111111
0.04786676	0.002409434	0.10254	0.0074
0.04571951	0.004567226	0.104574444444	0.00735555555556
0.04811372	0.003715805	0.103977777778	0.00742222222222
0.05104416	0.003976637	0.101922222222	0.00727777777778
0.06167151	0.005490281	0.102628888889	0.00741111111111
0.03930837	0.005124842	0.104	0.007
0.05245242	0.006660911	0.104277777778	0.00702222222222
0.0612435	0.001625587	0.102122222222	0.00707777777778
0.05452509	0.004651354	0.104788888889	0.00711111111111
0.04974071	0.00326363	0.102066666667	0.00733333333333
0.05461496	0.007235349	0.104188888889	0.00701111111111
0.05439248	0.006796469	0.102144444444	0.00735555555556
0.06000379	0.002952581	0.103112222222	0.00697777777778
0.05798347	0.005655792	0.101855555556	0.00714444444444
0.07005322	0.002189797	0.104877777778	0.00712222222222
0.05169177	0.003769062	0.101871111111	0.00728888888889
0.05643875	0.003816131	0.103775555556	0.00744444444444
0.05479737	0.004923245	0.105011111111	0.00718888888889
0.06178908	0.003618786	0.103333333333	0.00696666666667
0.06450009	0.004042688	0.105024444444	0.00725555555556
0.05634527	0.008007415	0.102388888889	0.00701111111111
0.05746666	0.003683681	0.102477777778	0.00742222222222
0.04142655	0.005516595	0.101755555556	0.00714444444444
0.05077087	0.007231209	0.105044444444	0.00715555555556
0.05237946	0.002659442	0.104082222222	0.00697777777778
0.05580795	0.005309446	0.103333333333	0.00746666666667
0.04555827	0.006141172	0.102685555556	0.00744444444444
0.05890885	0.002168263	0.103933333333	0.00696666666667
0.0510179	0.003226895	0.104122222222	0.00697777777778
0.05693583	0.002817443	0.102833333333	0.00696666666667
0.0383797	0.006143142	0.102004444444	0.00705555555556
0.05489302	0.00505562	0.102377777778	0.00742222222222
0.05539944	0.004037821	0.102555555556	0.00744444444444
0.05296172	0.0040903	0.105144444444	0.00725555555556
0.05611398	0.005162576	0.104588888889	0.00701111111111
0.05069596	0.004082411	0.101844444444	0.00735555555556
0.06090786	0.004034487	0.101893333333	0.00736666666667
0.05304721	0.002952504	0.104033333333	0.00746666666667
0.06158267	0.002398606	0.104355555556	0.00744444444444
0.05369243	0.00331486	0.102882222222	0.00747777777778
0.04904566	0.00457216	0.101951111111	0.00738888888889
0.05403443	0.006458395	0.104422222222	0.00697777777778
0.04228361	0.007104003	0.104432222222	0.00697777777778
0.06050034	0.005564	0.105233333333	0.00726666666667
0.05431879	0.002949147	0.105266666667	0.00723333333333
0.05511675	0.003690604	0.105244444444	0.00715555555556
0.0568709	0.002769871	0.104233333333	0.00746666666667
0.06093819	0.004533397	0.103866666667	0.00693333333333
0.0725333	0.003826444	0.102911111111	0.00748888888889
0.05324142	0.003972006	0.1047	0.007
0.04611868	0.00370011	0.102655555556	0.00694444444444
0.05702306	0.004958471	0.104911111111	0.00738888888889
0.05918307	0.004913066	0.101988888889	0.00701111111111
0.05260019	0.002857223	0.105322222222	0.00717777777778
0.05091348	0.002859853	0.10144	0.0072
0.05522498	0.001938861	0.104333333333	0.00746666666667
0.04691753	0.00388934	0.105333333333	0.00726666666667
0.05906007	0.00625573	0.101444444444	0.00715555555556
0.04489396	0.004100612	0.101411111111	0.00718888888889
0.04229238	0.005320858	0.102877777778	0.00692222222222
0.06169963	0.003238919	0.103508888889	0.00691111111111
0.04630405	0.005629425	0.103628888889	0.00691111111111
0.05805839	0.004766014	0.101366666667	0.00723333333333
0.06072439	0.003583579	0.105225555556	0.00734444444444
0.06304375	0.00411157	0.101355555556	0.00724444444444
0.05209725	0.004549564	0.104811111111	0.00698888888889
0.05138081	0.004923287	0.102342222222	0.00747777777778
0.05079703	0.002445923	0.102022222222	0.00697777777778
0.04894098	0.003525458	0.101333333333	0.00716666666667
0.0490791	0.003310129	0.103377777778	0.00752222222222
0.06155163	0.004552283	0.104177777778	0.00692222222222
0.05032022	0.004230647	0.105155555556	0.00704444444444
0.04538711	0.004887771	0.1032	0.0069
0.05897572	0.004659924	0.103177777778	0.00752222222222
0.04909488	0.00553919	0.102788888889	0.00751111111111
0.05282495	0.003444888	0.1054	0.0073
0.05270854	0.003550338	0.102411111111	0.00748888888889
0.05975312	0.004262449	0.103077777778	0.00752222222222
0.05511284	0.003869837	0.101553333333	0.00736666666667
0.06371058	0.005045123	0.1038	0.0069
0.05641413	0.003359521	0.104088888889	0.00691111111111
0.05159043	0.004565606	0.1025	0.0075
0.05798505	0.0053481	0.1043	0.0075
0.05274418	0.006212363	0.102321111111	0.00748888888889
0.05849299	0.00408792	0.105222222222	0.00737777777778
0.05650356	0.003256396	0.1028	0.0069
0.06013526	0.004497248	0.104961111111	0.00698888888889
0.04909394	0.003469647	0.103611111111	0.00688888888889
0.05092666	0.004609783	0.101277777778	0.00712222222222
0.06029145	0.004318196	0.1017	0.007
0.05326127	0.006984734	0.104942222222	0.00697777777778
0.04711655	0.002277516	0.104695555556	0.00694444444444
0.05544511	0.005040583	0.105168888889	0.00741111111111
0.06615558	0.005373663	0.103452222222	0.00687777777778
0.06230104	0.002865874	0.101944444444	0.00695555555556
0.05430941	0.003988496	0.104651111111	0.00748888888889
0.04723569	0.004892813	0.101924444444	0.00695555555556
0.06163713	0.003623226	0.105646666667	0.00723333333333
0.04969557	0.004745035	0.10433	0.0069
0.05779816	0.004392136	0.104347777778	0.00752222222222
0.05571667	0.003001942	0.103935555556	0.00754444444444
0.05529249	0.00472188	0.1052	0.007
0.06112159	0.003308046	0.101467777778	0.00702222222222
0.048388	0.004865244	0.101626666667	0.00743333333333
0.04093044	0.00315733	0.104944444444	0.00695555555556
0.057045	0.005496859	0.102228888889	0.00751111111111
0.05985161	0.006712871	0.1021	0.0075
0.05739931	0.002775237	0.101177777778	0.00732222222222
0.03932183	0.004309869	0.105122222222	0.00697777777778
0.05930109	0.002261563	0.101366666667	0.00703333333333
0.054375	0.004085235	0.105411111111	0.00738888888889
0.06545843	0.003691869	0.105155555556	0.00744444444444
0.05064502	0.004550744	0.101397777778	0.00702222222222
0.05743413	0.004712309	0.104861111111	0.00748888888889
0.06304495	0.00720598	0.101071111111	0.00728888888889
0.05798393	0.003960689	0.103344444444	0.00685555555556
0.04904342	0.003120609	0.103333333333	0.00756666666667
0.05163421	0.004237586	0.105766666667	0.00723333333333
0.05248128	0.002571999	0.105533333333	0.00736666666667
0.05891535	0.004121881	0.104688888889	0.00691111111111
0.04777291	0.00305842	0.101024444444	0.00715555555556
0.0463096	0.005012717	0.101255555556	0.00704444444444
0.04864674	0.003538583	0.101022222222	0.00727777777778
0.05761475	0.005937712	0.1046	0.0069
0.05449512	0.00501759	0.101856666667	0.00693333333333
0.06033963	0.004637558	0.101015555556	0.00714444444444
0.04976071	0.005022536	0.101066666667	0.00733333333333
0.06066712	0.003892658	0.101482222222	0.00697777777778
0.04712326	0.005309823	0.103155555556	0.00684444444444
0.05648707	0.002905589	0.103655555556	0.00684444444444
0.06240163	0.003644731	0.103655555556	0.00684444444444
0.04977337	0.003746893	0.103702222222	0.00757777777778
0.04819003	0.003871005	0.101533333333	0.00696666666667
0.04739507	0.003131397	0.105822222222	0.00727777777778
0.04709185	0.003020777	0.101411111111	0.00698888888889
0.05046462	0.0043504	0.102166666667	0.00753333333333
0.03309614	0.003551334	0.100933333333	0.00726666666667
0.0621809	0.004314095	0.102444444444	0.00755555555556
0.04275878	0.003593997	0.102633333333	0.00756666666667
0.05580398	0.003499927	0.102126666667	0.00753333333333
0.05099194	0.003691824	0.104164444444	0.00685555555556
0.04435424	0.003511649	0.101888888889	0.00751111111111
0.04495862	0.006092819	0.105873333333	0.00726666666667
0.05659198	0.003282114	0.103982222222	0.00757777777778
0.0570474	0.004043002	0.100948888889	0.00711111111111
0.06047128	0.004841984	0.103256666667	0.00683333333333
0.06321843	0.003509001	0.104444444444	0.00755555555556
0.03522086	0.005937366	0.102333333333	0.00686666666667
0.04799411	0.006195652	0.101277777778	0.00742222222222
0.06191439	0.003397494	0.104655555556	0.00754444444444
0.04419619	0.00463178	0.102615555556	0.00684444444444
0.06949119	0.004176176	0.105588888889	0.00701111111111
0.05107804	0.004797666	0.101404444444	0.00695555555556
0.05102855	0.003179694	0.103777777778	0.00682222222222
0.05564372	0.002801234	0.101597777778	0.00692222222222
0.04485445	0.003418359	0.105464444444	0.00745555555556
0.04837683	0.003462423	0.106022222222	0.00717777777778
0.05706958	0.001596313	0.100933333333	0.00736666666667
0.05447162	0.004009209	0.106055555556	0.00724444444444
0.05040853	0.00532798	0.104311111111	0.00758888888889
0.04864821	0.003535227	0.101411111111	0.00748888888889
0.05812472	0.003345267	0.103848888889	0.00761111111111
0.05807735	0.003970182	0.103858888889	0.00681111111111
0.04359607	0.01102394	0.103908888889	0.00761111111111
0.05249446	0.004208061	0.102366666667	0.00683333333333
0.05334123	0.004355557	0.102044444444	0.00685555555556
0.05237799	0.00258441	0.101193333333	0.00696666666667
0.05022261	0.004071256	0.10252	0.0076
0.05636399	0.005015337	0.100988888889	0.00701111111111
0.05167686	0.004238632	0.106136666667	0.00723333333333
0.05605219	0.003849561	0.103477777778	0.00762222222222
0.05482072	0.004374774	0.103177777778	0.00762222222222
0.06426449	0.003252329	0.105111111111	0.00688888888889
0.05172048	0.004820828	0.103677777778	0.00762222222222
0.05039538	0.005444884	0.100666666667	0.00713333333333
0.02432687	0.007503496	0.101144444444	0.00745555555556
0.06810859	0.003655673	0.103	0.0068
0.05113347	0.004790313	0.106022222222	0.00707777777778
0.04308511	0.003928706	0.106166666667	0.00723333333333
0.0539633	0.005662133	0.102377777778	0.00682222222222
0.04377885	0.00530587	0.106172222222	0.00717777777778
0.05616644	0.004854656	0.102055555556	0.00684444444444
0.0576251	0.003212368	0.100793333333	0.00736666666667
0.06700217	0.005820455	0.106066666667	0.00733333333333
0.0527927	0.004855427	0.105722222222	0.00697777777778
0.039067	0.002909811	0.10058	0.0072
0.05967956	0.005351568	0.1061	0.0071
0.04719398	0.004830112	0.106166666667	0.00713333333333
0.06145413	0.003949002	0.106211111111	0.00718888888889
0.04913366	0.004598329	0.103511111111	0.00678888888889
0.05262142	0.002378314	0.100782222222	0.00737777777778
0.05268497	0.00577434	0.105755555556	0.00744444444444
0.06250294	0.006604512	0.1041	0.0068
0.05245368	0.004385421	0.1013	0.0075
0.05383305	0.004101411	0.105477777778	0.00692222222222
0.05629114	0.00503162	0.105673333333	0.00746666666667
0.04043534	0.002882489	0.101093333333	0.00746666666667
0.04879463	0.007548749	0.102866666667	0.00763333333333
0.0453736	0.004556724	0.104438888889	0.00761111111111
0.0701961	0.006101408	0.101328888889	0.00751111111111
0.05540027	0.002560495	0.1008	0.0074
0.06344972	0.002802304	0.1059	0.007
0.05357109	0.004882335	0.1025	0.0068
0.05360052	0.003859139	0.105143333333	0.00686666666667
0.06002472	0.003179473	0.105733333333	0.00746666666667
0.06341777	0.003036542	0.103522222222	0.00677777777778
0.05801299	0.003702976	0.103222222222	0.00677777777778
0.06177683	0.005302881	0.100702222222	0.00737777777778
0.05607202	0.003940611	0.103675555556	0.00764444444444
0.05721243	0.00544299	0.106305555556	0.00724444444444
0.05648418	0.005295267	0.100466666667	0.00723333333333
0.06183635	0.00564488	0.106211111111	0.00708888888889
0.06019621	0.005618871	0.104767777778	0.00682222222222
0.05130529	0.004146257	0.102822222222	0.00677777777778
0.05998921	0.00248191	0.102755555556	0.00764444444444
0.04660463	0.004333033	0.102466666667	0.00763333333333
0.05854006	0.003159064	0.102466666667	0.00763333333333
0.06256696	0.003569677	0.106155555556	0.00704444444444
0.06289128	0.003177564	0.100622222222	0.00737777777778
0.05583059	0.005795952	0.100944444444	0.00695555555556
0.03400937	0.007095794	0.103134444444	0.00765555555556
0.05759802	0.006250091	0.102655555556	0.00764444444444
0.06347013	0.006563837	0.100544444444	0.00735555555556
0.058661	0.00459023	0.101444444444	0.00755555555556
0.05496153	0.004353398	0.102555555556	0.00764444444444
0.06831166	0.004988188	0.105766666667	0.00693333333333
0.05030307	0.003181665	0.1012	0.0069
0.05938485	0.002451387	0.103933333333	0.00676666666667
0.05545635	0.003042678	0.105066666667	0.00683333333333
0.05233032	0.00518395	0.100782222222	0.00697777777778
0.0517931	0.006687263	0.103583333333	0.00766666666667
0.05236017	0.005975199	0.103633333333	0.00766666666667
0.06400726	0.00588448	0.100344444444	0.00725555555556
0.05283701	0.00604713	0.105	0.0076
0.06626915	0.003888248	0.102211111111	0.00678888888889
0.06409339	0.005323397	0.101888888889	0.00761111111111
0.05200571	0.0045273	0.102984444444	0.00675555555556
0.06359034	0.005271149	0.106255555556	0.00704444444444
0.05676519	0.005500509	0.102	0.0068
0.04582313	0.003645377	0.106477777778	0.00722222222222
0.04838447	0.005269732	0.100911111111	0.00748888888889
0.0560222	0.004997998	0.102833333333	0.00766666666667
0.06983368	0.003518883	0.106491111111	0.00718888888889
0.05914291	0.005927498	0.106344444444	0.00735555555556
0.04637425	0.003319353	0.100444444444	0.00705555555556
0.0511362	0.004044615	0.104555555556	0.00764444444444
0.05659451	0.002953784	0.100927777778	0.00692222222222
0.05186952	0.003318049	0.103665555556	0.00674444444444
0.05357355	0.007071875	0.100455555556	0.00704444444444
0.04808358	0.005670083	0.100577777778	0.00742222222222
0.05099711	0.004152026	0.100744444444	0.00695555555556
0.05028245	0.003411801	0.104811111111	0.00678888888889
0.05524431	0.002151211	0.102544444444	0.00675555555556
0.05357155	0.004914163	0.106053333333	0.00746666666667
0.05789511	0.006178292	0.1065	0.0073
0.0540468	0.004136513	0.106355555556	0.00704444444444
0.04922162	0.004185206	0.100288888889	0.00711111111111
0.05404944	0.005716743	0.106555555556	0.00724444444444
0.05472796	0.003072206	0.106155555556	0.00744444444444
0.05741082	0.001123232	0.100811111111	0.00748888888889
0.06020988	0.005628353	0.106346666667	0.00703333333333
0.05119916	0.003611747	0.102233333333	0.00676666666667
0.0501674	0.002153561	0.100277777778	0.00732222222222
0.03517618	0.006322439	0.103566666667	0.00673333333333
0.05215503	0.003269844	0.106055555556	0.00694444444444
0.05428501	0.004387648	0.106011111111	0.00748888888889
0.05443775	0.003168145	0.102364444444	0.00675555555556
0.05944072	0.001966641	0.105644444444	0.00755555555556
0.04375065	0.006506544	0.100266666667	0.00733333333333
0.05884148	0.003319055	0.102133333333	0.00676666666667
0.05765956	0.003553743	0.105411111111	0.00758888888889
0.0554745	0.004269595	0.1009	0.0069
0.05666633	0.00380393	0.105755555556	0.00754444444444
0.05658619	0.004541796	0.101756666667	0.00763333333333
0.04965852	0.004084338	0.100655555556	0.00694444444444
0.05342706	0.0055546	0.1034	0.0077
0.05632489	0.005091883	0.101222222222	0.00757777777778
0.05384458	0.006016625	0.100111111111	0.00718888888889
0.05681079	0.005103296	0.105988888889	0.00751111111111
0.06103252	0.005218272	0.101357777778	0.00682222222222
0.05762702	0.004590967	0.10664	0.0073
0.0585244	0.005478903	0.105957777778	0.00752222222222
0.05319718	0.004261566	0.100077777778	0.00722222222222
0.06142716	0.003831697	0.100084444444	0.00725555555556
0.05429215	0.004078956	0.100544444444	0.00695555555556
0.05165407	0.005399318	0.100071111111	0.00718888888889
0.05332341	0.004435038	0.102466666667	0.00673333333333
0.05858361	0.003706233	0.106695555556	0.00714444444444
0.06569265	0.003999567	0.106722222222	0.00717777777778
0.05298816	0.005237219	0.104077777778	0.00672222222222
0.05755309	0.002618636	0.104366666667	0.00673333333333
0.05548744	0.003572133	0.101722222222	0.00677777777778
0.04906818	0.004135757	0.100422222222	0.00697777777778
0.05557268	0.003446183	0.106232222222	0.00747777777778
0.05761148	0.005189107	0.100944444444	0.00755555555556
0.06433755	0.003693047	0.104426666667	0.00673333333333
0.05954296	0.005143997	0.100077777778	0.00712222222222
0.0603512	0.003608716	0.102122222222	0.00767777777778
0.05213937	0.003241043	0.100033333333	0.00726666666667
0.05790445	0.004253605	0.100033333333	0.00726666666667
0.04852952	0.005079799	0.106488888889	0.00741111111111
0.05547693	0.005272221	0.100078888889	0.00711111111111
0.05936422	0.002943737	0.1006	0.0075
0.05549614	0.004906883	0.1014	0.0068
0.05498957	0.005300151	0.1003	0.007
0.05484172	0.003171054	0.105745555556	0.00684444444444
0.06240262	0.004173813	0.105488888889	0.00681111111111
0.06206205	0.003791363	0.100144444444	0.00705555555556
0.05853241	0.003858246	0.1068	0.0072
0.03581647	0.003340891	0.100104444444	0.00735555555556
0.04911793	0.004252522	0.106577777778	0.00702222222222
0.0580761	0.004490257	0.101228888889	0.00761111111111
0.06085539	0.004676135	0.104666666667	0.00673333333333
0.05348338	0.002801678	0.100055555556	0.00734444444444
0.05419341	0.005439957	0.1029	0.0067
0.05891289	0.006274047	0.106434444444	0.00745555555556
0.06304975	0.003569631	0.105275555556	0.00764444444444
0.06662731	0.004153937	0.104268888889	0.00771111111111
0.05712903	0.003173716	0.105588888889	0.00681111111111
0.05360014	0.005192396	0.100188888889	0.00741111111111
0.05388703	0.006226808	0.106588888889	0.00741111111111
0.0511283	0.004330894	0.1028	0.0067
0.05313029	0.003009914	0.100722222222	0.00687777777778
0.0521944	0.002992908	0.102757777778	0.00772222222222
0.06254776	0.004796175	0.104348888889	0.00771111111111
0.06578551	0.003815662	0.102011111111	0.00768888888889
0.05187042	0.003421622	0.101544444444	0.00765555555556
0.04919534	0.003789698	0.105355555556	0.00764444444444
0.05516591	0.004229836	0.103671111111	0.00668888888889
0.06379181	0.002171955	0.103096666667	0.00773333333333
0.06024353	0.003645008	0.104667777778	0.00672222222222
0.0491687	0.003919534	0.1021	0.0077
0.03955262	0.003778055	0.105144444444	0.00675555555556
0.05304385	0.003346572	0.105144444444	0.00675555555556
0.05484988	0.004407018	0.100862222222	0.00757777777778
0.06120791	0.003285959	0.104277777778	0.00772222222222
0.05635134	0.004275485	0.106793333333	0.00706666666667
0.0484939	0.00231266	0.1043	0.0067
0.05728923	0.004724251	0.0998488888889	0.00721111111111
0.04615431	0.003253033	0.100366666667	0.00693333333333
0.05388727	0.003815498	0.106152222222	0.00687777777778
0.05239663	0.005182387	0.102	0.0077
0.05587266	0.005469647	0.09988	0.0073
0.05621169	0.003817637	0.104066666667	0.00773333333333
0.05650827	0.004758074	0.1004	0.0075
0.05833672	0.003911664	0.0998888888889	0.00711111111111
0.05407437	0.004883274	0.101811111111	0.00768888888889
0.05977084	0.006458957	0.101635555556	0.00674444444444
0.04599202	0.008274244	0.106955555556	0.00714444444444
0.05314264	0.004349707	0.1045	0.0067
0.06207486	0.003328038	0.1067	0.007
0.05152867	0.004442168	0.106988888889	0.00721111111111
0.06496878	0.00224303	0.106984444444	0.00725555555556
0.05574303	0.003321182	0.106822222222	0.00737777777778
0.05697672	0.003853274	0.106655555556	0.00744444444444
0.06220675	0.003164782	0.106624444444	0.00745555555556
0.06326751	0.004718976	0.106311111111	0.00688888888889
0.04479593	0.007939906	0.0999322222222	0.00737777777778
0.05520247	0.00448691	0.10181	0.0077
0.05058374	0.004489095	0.103424444444	0.00775555555556
0.06828025	0.004837435	0.104132222222	0.00667777777778
0.04867342	0.002817697	0.106224444444	0.00755555555556
0.03670918	0.007619985	0.10175	0.0077
0.06605588	0.002141284	0.1047	0.0067
0.05007039	0.003979555	0.102266666667	0.00773333333333
0.04937335	0.002547596	0.101334444444	0.00675555555556
0.0710386	0.003114214	0.105211111111	0.00768888888889
0.06205214	0.004949565	0.104571111111	0.00668888888889
0.05559403	0.004229923	0.0999777777778	0.00742222222222
0.04501142	0.003714716	0.100288888889	0.00751111111111
0.05879391	0.00421015	0.0997222222222	0.00727777777778
0.04908251	0.002540751	0.106991111111	0.00708888888889
0.0584698	0.001826192	0.102422222222	0.00667777777778
0.04911276	0.00310287	0.102733333333	0.00666666666667
0.06233955	0.0040087	0.104053333333	0.00666666666667
0.05985247	0.003428257	0.0998666666667	0.00703333333333
0.0575138	0.005667274	0.104666666667	0.00773333333333
0.05518831	0.00563216	0.106704444444	0.00695555555556
0.03939375	0.005194024	0.100788888889	0.00681111111111
0.05177499	0.002669663	0.101233333333	0.00766666666667
0.06319688	0.006497342	0.102933333333	0.00776666666667
0.05731459	0.00320825	0.101557777778	0.00672222222222
0.05340208	0.003910688	0.101688888889	0.00771111111111
0.04423823	0.007101523	0.102011111111	0.00668888888889
0.05203235	0.00405078	0.107133333333	0.00716666666667
0.05301168	0.004649623	0.106733333333	0.00746666666667
0.0558447	0.004381804	0.105366666667	0.00673333333333
0.05913425	0.003718426	0.101411111111	0.00768888888889
0.05086762	0.003063844	0.107122222222	0.00727777777778
0.05495568	0.005079591	0.0999	0.007
0.05685149	0.003709361	0.106666666667	0.00693333333333
0.05894976	0.004215069	0.107155555556	0.00724444444444
0.05404433	0.003096163	0.0997222222222	0.00707777777778
0.05227534	0.004043614	0.107055555556	0.00734444444444
0.057888	0.004818123	0.102733333333	0.00776666666667
0.05795403	0.003718892	0.0996233333333	0.00716666666667
0.0395138	0.008035536	0.0996077777778	0.00722222222222
0.0691048	0.005365488	0.106804444444	0.00745555555556
0.04592597	0.004626672	0.1053	0.0077
0.05079769	0.004831127	0.0996	0.0072
0.06184943	0.005661517	0.104134444444	0.00665555555556
0.0558735	0.004100065	0.106773333333	0.00746666666667
0.05156921	0.005045318	0.100004444444	0.00695555555556
0.03252494	0.00598784	0.100777777778	0.00762222222222
0.06344501	0.002943956	0.106938888889	0.00741111111111
0.05060039	0.00178503	0.101911111111	0.00668888888889
0.05348925	0.005744665	0.103212222222	0.00777777777778
0.05030403	0.006117957	0.100066666667	0.00693333333333
0.05267045	0.00461334	0.100022222222	0.00747777777778
0.04510254	0.002589453	0.107111111111	0.00708888888889
0.05377138	0.002597364	0.107111111111	0.00708888888889
0.05806976	0.005828139	0.101301111111	0.00768888888889
0.05394656	0.005877268	0.102932222222	0.00777777777778
0.05667122	0.002710962	0.100727777778	0.00762222222222
0.05686581	0.00504226	0.103955555556	0.00664444444444
0.04219931	0.005300063	0.1067	0.0075
0.0509929	0.006952263	0.107177777778	0.00712222222222
0.04514787	0.004464066	0.100638888889	0.00681111111111
0.0587381	0.004593719	0.106988888889	0.00701111111111
0.05747662	0.005902861	0.106522222222	0.00687777777778
0.0660196	0.003127044	0.105288888889	0.00771111111111
0.06507314	0.002375904	0.104855555556	0.00774444444444
0.04841832	0.002837168	0.100088888889	0.00691111111111
0.05930561	0.00218603	0.106311111111	0.00758888888889
0.05567272	0.003878861	0.106311111111	0.00758888888889
0.05539391	0.00547765	0.103291111111	0.00778888888889
0.05390422	0.00449882	0.102622222222	0.00777777777778
0.05415258	0.004632935	0.10674	0.0075
0.06433446	0.005938943	0.103676666667	0.00663333333333
0.05114422	0.00445117	0.107	0.007
0.0661141	0.004230284	0.103066666667	0.00663333333333
0.05804766	0.009158134	0.103711111111	0.00778888888889
0.03778276	0.005482693	0.0995777777778	0.00732222222222
0.05049472	0.007508464	0.0995777777778	0.00732222222222
0.06168201	0.00344302	0.103766666667	0.00663333333333
0.0646967	0.002670941	0.0996022222222	0.00707777777778
0.05884591	0.006430061	0.106524444444	0.00755555555556
0.05408869	0.002335315	0.101666666667	0.00773333333333
0.06365677	0.001706166	0.105722222222	0.00767777777778
0.05706579	0.004907847	0.106777777778	0.00692222222222
0.0492549	0.004597752	0.106091111111	0.00678888888889
0.05553234	0.01078281	0.1073	0.0072
0.0562451	0.002938175	0.107248888889	0.00731111111111
0.06491053	0.006320097	0.102711111111	0.00778888888889
0.05928579	0.01017645	0.107268888889	0.00731111111111
0.05657157	0.004655439	0.107077777778	0.00742222222222
0.05697178	0.006193581	0.105085555556	0.00774444444444
0.02335756	0.006662688	0.100784444444	0.00765555555556
0.03826459	0.003222869	0.105377777778	0.00772222222222
0.05335376	0.002925425	0.0994888888889	0.00731111111111
0.06833948	0.002580923	0.107277777778	0.00732222222222
0.0425865	0.00285751	0.102235555556	0.00664444444444
0.05590655	0.004201184	0.104266666667	0.00663333333333
0.05769545	0.005661108	0.101506666667	0.00773333333333
0.05153864	0.003584437	0.0994866666667	0.00733333333333
0.0588956	0.005405828	0.102777777778	0.00662222222222
0.05763714	0.00420006	0.0994	0.0072
0.0551565	0.006213508	0.104386666667	0.00663333333333
0.0567285	0.003497721	0.105697777778	0.00672222222222
0.06167934	0.004727143	0.102677777778	0.00662222222222
0.06472556	0.003394263	0.104456666667	0.00663333333333
0.06273894	0.004944374	0.106388888889	0.00681111111111
0.05354866	0.001722264	0.102577777778	0.00662222222222
0.06089991	0.004372807	0.100144444444	0.00685555555556
0.0496026	0.005082703	0.106266666667	0.00763333333333
0.06092379	0.004765035	0.106898888889	0.00691111111111
0.06550788	0.003762623	0.107177777778	0.00742222222222
0.06927687	0.002752621	0.0997555555556	0.00694444444444
0.05772579	0.003952414	0.107356666667	0.00733333333333
0.04920499	0.003741531	0.100633333333	0.00676666666667
0.05688599	0.00454484	0.100886666667	0.00673333333333
0.06483456	0.003323409	0.101088888889	0.00771111111111
0.0492457	0.0051433	0.0993333333333	0.00716666666667
0.05748157	0.003677181	0.102377777778	0.00662222222222
0.06456392	0.003955174	0.100693333333	0.00766666666667
0.05704119	0.00401315	0.102688888889	0.00781111111111
0.05549647	0.005083578	0.104088888889	0.00781111111111
0.05653518	0.005153371	0.0995388888889	0.00741111111111
0.05929468	0.004321233	0.106977777778	0.00692222222222
0.0512802	0.003153739	0.0998	0.0075
0.04394731	0.004439099	0.106802222222	0.00687777777778
0.05729243	0.003520133	0.1064	0.0068
0.04284555	0.004547621	0.0993777777778	0.00732222222222
0.04736583	0.003822862	0.100122222222	0.00757777777778
0.0405394	0.007322253	0.1023	0.0078
0.05075884	0.003315138	0.107277777778	0.00702222222222
0.05709878	0.003629004	0.1034	0.0066
0.05957171	0.003000845	0.102277777778	0.00662222222222
0.06241873	0.005901694	0.0997777777778	0.00692222222222
0.04923184	0.003734487	0.0997777777778	0.00692222222222
0.06285274	0.006515492	0.101375555556	0.00774444444444
0.05012193	0.006574956	0.102031111111	0.00778888888889
0.05424627	0.004774659	0.1031	0.0066
0.06028122	0.004421644	0.104766666667	0.00663333333333
0.05783602	0.008072727	0.105133333333	0.00776666666667
0.0672826	0.004956107	0.107133333333	0.00746666666667
0.05584881	0.003877375	0.0996444444444	0.00695555555556
0.06766372	0.004051865	0.105566666667	0.00773333333333
0.05993601	0.004501858	0.105566666667	0.00773333333333
0.04558656	0.002517562	0.101966666667	0.00663333333333
0.05450134	0.004073612	0.106988888889	0.00691111111111
0.0532558	0.005324738	0.10569	0.0067
0.05157987	0.003654439	0.100386666667	0.00763333333333
0.05878604	0.005343844	0.0996044444444	0.00745555555556
0.0597986	0.005589931	0.10286	0.0066
0.06284339	0.007132779	0.107071111111	0.00748888888889
0.06074075	0.003368246	0.104388888889	0.00661111111111
0.05616652	0.004764791	0.0996555555556	0.00694444444444
0.04923594	0.003354192	0.0995555555556	0.00744444444444
0.04226971	0.006127125	0.104901111111	0.00778888888889
0.05325458	0.003959861	0.101255555556	0.00774444444444
0.06010587	0.002552175	0.100402222222	0.00677777777778
0.0527537	0.002193347	0.107455555556	0.00734444444444
0.06171302	0.003818668	0.0992333333333	0.00716666666667
0.05671235	0.006287962	0.0997777777778	0.00752222222222
0.05475548	0.004371568	0.100544444444	0.00675555555556
0.05558125	0.003997358	0.107286666667	0.00743333333333
0.04522587	0.004433528	0.100188888889	0.00681111111111
0.05652292	0.004691004	0.100888888889	0.00671111111111
0.06490547	0.008660974	0.100444444444	0.00765555555556
0.05245237	0.004468747	0.101977777778	0.00662222222222
0.05727976	0.006102123	0.1048	0.0078
0.05070626	0.00370328	0.106833333333	0.00756666666667
0.05557743	0.007525218	0.107577777778	0.00722222222222
0.05579617	0.005290914	0.0993666666667	0.00703333333333
0.05488195	0.003146326	0.0999333333333	0.00756666666667
0.04748693	0.004307767	0.101937777778	0.00662222222222
0.05420635	0.004805458	0.101746666667	0.00663333333333
0.05603673	0.005308758	0.105484444444	0.00775555555556
0.0596685	0.005730567	0.106904444444	0.00755555555556
0.0411713	0.004961842	0.107233333333	0.00746666666667
0.06877792	0.005532061	0.107088888889	0.00751111111111
0.05872709	0.006366248	0.0991822222222	0.00717777777778
0.05987792	0.004854474	0.100927777778	0.00772222222222
0.05016805	0.004088252	0.102088888889	0.00781111111111
0.04210266	0.005599546	0.102686666667	0.00783333333333
0.07462715	0.004783158	0.101233333333	0.00666666666667
0.04707378	0.003117254	0.102611111111	0.00658888888889
0.06030761	0.003726362	0.105988888889	0.00771111111111
0.0598801	0.005365751	0.106845555556	0.00684444444444
0.05814513	0.004605251	0.102566666667	0.00783333333333
0.06192041	0.00570874	0.106852222222	0.00757777777778
0.06032306	0.002109175	0.100768888889	0.00671111111111
0.05893766	0.003041518	0.100966666667	0.00773333333333
0.05727934	0.004907995	0.0993488888889	0.00701111111111
0.05756383	0.004530588	0.105	0.0078
0.05175194	0.004894577	0.102177777778	0.00782222222222
0.05720522	0.003483392	0.0991333333333	0.00716666666667
0.05529287	0.004557114	0.10613	0.0077
0.06255732	0.002697439	0.101164444444	0.00775555555556
0.07513157	0.00432241	0.106454444444	0.00765555555556
0.04674872	0.003892322	0.0995777777778	0.00692222222222
0.0687043	0.004260514	0.1076	0.0071
0.05293366	0.002758283	0.101032222222	0.00667777777778
0.03221099	0.004883777	0.0993	0.0074
0.05260185	0.004584423	0.0991111111111	0.00718888888889
0.0632319	0.00297162	0.107575555556	0.00734444444444
0.04889773	0.002429493	0.1017	0.0078
0.05675647	0.004922179	0.101233333333	0.00776666666667
0.05004495	0.005801645	0.101511111111	0.00778888888889
0.07254148	0.002886076	0.107688888889	0.00721111111111
0.06985815	0.002735495	0.102311111111	0.00658888888889
0.05164704	0.002671649	0.105911111111	0.00668888888889
0.06460989	0.004018346	0.10515	0.0078
0.05453303	0.005129566	0.101466666667	0.00663333333333
0.05219296	0.003350737	0.103133333333	0.00656666666667
0.04192738	0.005884068	0.101315555556	0.00664444444444
0.05296337	0.00490474	0.0996	0.0069
0.04527045	0.005353658	0.0993	0.007
0.04629328	0.004545864	0.103034444444	0.00785555555556
0.05614298	0.003500538	0.104275555556	0.00784444444444
0.05284073	0.004053997	0.102944444444	0.00785555555556
0.05966214	0.003636116	0.100233333333	0.00676666666667
0.05311381	0.004479939	0.103844444444	0.00785555555556
0.05912757	0.0039008	0.103844444444	0.00785555555556
0.05132519	0.005098374	0.107466666667	0.00743333333333
0.04823144	0.003878345	0.106622222222	0.00677777777778
0.04971956	0.004378577	0.0997044444444	0.00755555555556
0.05059273	0.004586094	0.102422222222	0.00657777777778
0.06282316	0.001832268	0.105515555556	0.00664444444444
0.04866025	0.003978866	0.0990888888889	0.00731111111111
0.05606394	0.003842913	0.0999	0.0076
0.06392402	0.003013461	0.107455555556	0.00744444444444
0.04361115	0.005830051	0.1061	0.0067
0.05274202	0.00442692	0.0996355555556	0.00754444444444
0.07112321	0.004024965	0.105555555556	0.00664444444444
0.06067382	0.005217609	0.100411111111	0.00768888888889
0.05359417	0.005455179	0.0995866666667	0.00753333333333
0.05894249	0.00326175	0.102295555556	0.00784444444444
0.04556037	0.004118147	0.104144444444	0.00785555555556
0.05014828	0.003557388	0.102633333333	0.00656666666667
0.0494806	0.004082752	0.107762222222	0.00717777777778
0.04036693	0.006813514	0.107558888889	0.00741111111111
0.06410601	0.003012617	0.0990111111111	0.00718888888889
0.06088952	0.003344781	0.0990111111111	0.00718888888889
0.05916201	0.005594683	0.103444444444	0.00655555555556
0.0580921	0.004846152	0.104977777778	0.00782222222222
0.0565235	0.004394378	0.100305555556	0.00674444444444
0.0705092	0.006936447	0.0995666666667	0.00753333333333
0.05903395	0.00196759	0.105466666667	0.00663333333333
0.04455019	0.004326313	0.103644444444	0.00655555555556
0.04864391	0.009646951	0.0990155555556	0.00714444444444
0.06223602	0.003052911	0.107133333333	0.00686666666667
0.05402481	0.003117657	0.100082222222	0.00677777777778
0.06132709	0.003502187	0.103763333333	0.00786666666667
0.04596562	0.003282159	0.100011111111	0.00678888888889
0.04716975	0.003201536	0.0991888888889	0.00741111111111
0.04644001	0.004631795	0.0994588888889	0.00751111111111
0.06481387	0.004631832	0.104344444444	0.00785555555556
0.05371424	0.002431668	0.10042	0.0077
0.0612241	0.005033563	0.0996644444444	0.00685555555556
0.05457374	0.003648696	0.107577777778	0.00742222222222
0.06367995	0.003269545	0.104662222222	0.00657777777778
0.05506483	0.006835575	0.106106666667	0.00773333333333
0.05941432	0.004003906	0.107411111111	0.00748888888889
0.04432295	0.004327386	0.107133333333	0.00756666666667
0.06005616	0.005189925	0.105566666667	0.00663333333333
0.05172432	0.004815476	0.10639	0.0077
0.06045829	0.00325896	0.102062222222	0.00657777777778
0.05407507	0.00604649	0.0992222222222	0.00697777777778
0.05095169	0.003877186	0.100833333333	0.00666666666667
0.05691144	0.003067452	0.106633333333	0.00766666666667
0.06054342	0.004340012	0.102624444444	0.00655555555556
0.04789528	0.0044097	0.0996133333333	0.00756666666667
0.05471292	0.003489177	0.102922222222	0.00787777777778
0.05188609	0.003524663	0.106988888889	0.00681111111111
0.05399155	0.004172168	0.105666666667	0.00663333333333
0.05102829	0.002827693	0.100477777778	0.00772222222222
0.05947836	0.004550778	0.107111111111	0.00758888888889
0.04935774	0.003883583	0.107755555556	0.00704444444444
0.04841969	0.004476363	0.0989111111111	0.00728888888889
0.05944397	0.002415255	0.107496666667	0.00693333333333
0.0455796	0.004471107	0.104935555556	0.00784444444444
0.0449606	0.003570297	0.1079	0.0072
0.04480876	0.004112209	0.106155555556	0.00774444444444
0.05485687	0.003673972	0.101457777778	0.00782222222222
0.04500042	0.003774009	0.100922222222	0.00777777777778
0.0542026	0.002620385	0.107877777778	0.00712222222222
0.05181037	0.005482996	0.107195555556	0.00684444444444
0.06289267	0.002125549	0.107146666667	0.00683333333333
0.05556983	0.005855244	0.0990777777778	0.00742222222222
0.04749153	0.005755407	0.107878888889	0.00711111111111
0.06626562	0.00333617	0.1075	0.0075
0.05446483	0.00421771	0.107633333333	0.00696666666667
0.06951434	0.004035259	0.103011111111	0.00788888888889
0.05689047	0.004064289	0.107922222222	0.00727777777778
0.04504809	0.004665555	0.0994155555556	0.00754444444444
0.04694022	0.00298648	0.0995355555556	0.00684444444444
0.03164218	0.006587953	0.1002	0.0077
0.05004342	0.005957763	0.106793333333	0.00766666666667
0.06405381	0.003454102	0.107944444444	0.00715555555556
0.0520385	0.00465635	0.107255555556	0.00684444444444
0.06072829	0.003767272	0.107811111111	0.00738888888889
0.04876492	0.005527557	0.101466666667	0.00783333333333
0.0595386	0.003060106	0.102666666667	0.00653333333333
0.06346629	0.00396727	0.0991233333333	0.00746666666667
0.06396474	0.005661775	0.107988888889	0.00721111111111
0.0461064	0.004101127	0.104784444444	0.00655555555556
0.05448233	0.004743231	0.104186666667	0.00653333333333
0.05859593	0.002764392	0.107777777778	0.00742222222222
0.06292999	0.005493106	0.107344444444	0.00685555555556
0.05432963	0.003174888	0.100977777778	0.00662222222222
0.0639265	0.006770695	0.102977777778	0.00652222222222
0.06177255	0.004852881	0.105255555556	0.00784444444444
0.0589943	0.004607333	0.107322222222	0.00757777777778
0.04002566	0.004517354	0.0994555555556	0.00684444444444
0.0551454	0.003664289	0.0994555555556	0.00684444444444
0.05394811	0.003102948	0.1039	0.0079
0.06080728	0.005408684	0.100331111111	0.00668888888889
0.06180279	0.002801802	0.0988111111111	0.00708888888889
0.05251381	0.004069319	0.0987666666667	0.00713333333333
0.04837731	0.006120142	0.0990244444444	0.00745555555556
0.05647413	0.004365343	0.107482222222	0.00687777777778
0.05491229	0.003989445	0.0989	0.0074
0.05821596	0.003873726	0.108043333333	0.00716666666667
0.04467885	0.005810789	0.10764	0.0075
0.05815519	0.003765478	0.108044444444	0.00715555555556
0.05156526	0.004001392	0.106011111111	0.00778888888889
0.05416478	0.003811809	0.100655555556	0.00664444444444
0.04581806	0.005847112	0.100988888889	0.00781111111111
0.04623646	0.003256957	0.0988888888889	0.00741111111111
0.04036961	0.005809527	0.102938888889	0.00651111111111
0.0640711	0.002347139	0.102111111111	0.00788888888889
0.05744475	0.003314354	0.107317777778	0.00682222222222
0.05453431	0.004931959	0.101322222222	0.00657777777778
0.05425036	0.005277968	0.09889	0.007
0.05438415	0.004781222	0.107555555556	0.00754444444444
0.05984831	0.00335172	0.101151111111	0.00658888888889
0.05839765	0.004137194	0.105888888889	0.00661111111111
0.05620489	0.004776327	0.107855555556	0.00744444444444
0.0571641	0.002751208	0.0998222222222	0.00767777777778
0.05071347	0.007155669	0.09882	0.0074
0.05322912	0.003521218	0.10228	0.0079
0.05725628	0.004690347	0.100344444444	0.00775555555556
0.06392112	0.002571255	0.0993222222222	0.00757777777778
0.07241618	0.002297539	0.108133333333	0.00726666666667
0.0654259	0.004189252	0.106166666667	0.00663333333333
0.05932486	0.0035727	0.107277777778	0.00762222222222
0.05283963	0.006185641	0.103157777778	0.00792222222222
0.05420469	0.005687591	0.1081	0.0071
0.04523234	0.003594277	0.101911111111	0.00788888888889
0.04489645	0.005184603	0.106788888889	0.00771111111111
0.0525278	0.003654899	0.106555555556	0.00774444444444
0.0640092	0.005479786	0.105433333333	0.00656666666667
0.05649619	0.004466469	0.103017777778	0.00792222222222
0.03610571	0.00573349	0.0989044444444	0.00745555555556
0.06603046	0.002871679	0.104338888889	0.00651111111111
0.05368599	0.004304874	0.0993777777778	0.00682222222222
0.04641045	0.005032138	0.100566666667	0.00663333333333
0.05650167	0.004271531	0.108111111111	0.00708888888889
0.0648801	0.003408801	0.107922222222	0.00697777777778
0.05618676	0.005351113	0.0989666666667	0.00693333333333
0.06778089	0.0031699	0.105897777778	0.00782222222222
0.05578102	0.003893234	0.1027	0.0065
0.05398741	0.003692057	0.104478888889	0.00651111111111
0.05665273	0.005649605	0.102677777778	0.00792222222222
0.04664352	0.005269985	0.106444444444	0.00665555555556
0.04560123	0.005299737	0.0988111111111	0.00698888888889
0.05351872	0.004580572	0.0992455555556	0.00684444444444
0.05764012	0.00747604	0.10414	0.0065
0.06208917	0.003058358	0.102248888889	0.00651111111111
0.06217716	0.00464883	0.101555555556	0.00654444444444
0.06244826	0.003809743	0.100946666667	0.00783333333333
0.0397613	0.00718938	0.0989888888889	0.00691111111111
0.05873041	0.002862033	0.101344444444	0.00655555555556
0.05936663	0.00389225	0.0991333333333	0.00686666666667
0.06422873	0.005722133	0.105444444444	0.00655555555556
0.05613826	0.004090226	0.100911111111	0.00658888888889
0.0607759	0.004261759	0.100466666667	0.00663333333333
0.03778207	0.004277829	0.0993	0.0076
0.05658742	0.00395209	0.0992055555556	0.00684444444444
0.04877889	0.004331938	0.102128888889	0.00651111111111
0.06089651	0.005106864	0.0993288888889	0.00681111111111
0.05429689	0.004841459	0.0991033333333	0.00686666666667
0.05695378	0.002631838	0.1082	0.0071
0.05388898	0.003771189	0.106148888889	0.00661111111111
0.06686918	0.002301344	0.102711111111	0.00648888888889
0.03664175	0.004536552	0.0986888888889	0.00701111111111
0.05813091	0.004794072	0.101233333333	0.00786666666667
0.06492362	0.00537916	0.100124444444	0.00775555555556
0.05584026	0.003930596	0.108282222222	0.00717777777778
0.05489582	0.004738561	0.10173	0.0079
0.06380467	0.003241434	0.0988222222222	0.00747777777778
0.05734351	0.005219648	0.107955555556	0.00694444444444
0.06191636	0.002471891	0.107955555556	0.00694444444444
0.05591977	0.003645452	0.107396666667	0.00763333333333
0.05724806	0.003424509	0.107111111111	0.00768888888889
0.04857194	0.007139784	0.103415555556	0.00794444444444
0.05500138	0.004869666	0.103635555556	0.00794444444444
0.05356272	0.004900569	0.107411111111	0.00678888888889
0.05381644	0.003647957	0.105455555556	0.00654444444444
0.05501079	0.005175355	0.1051	0.0079
0.04673234	0.005401407	0.0990333333333	0.00686666666667
0.05514012	0.006299724	0.0999111111111	0.00668888888889
0.05137392	0.00220962	0.103872222222	0.00647777777778
0.06053648	0.005756508	0.100746666667	0.00783333333333
0.06200594	0.004556365	0.105644444444	0.00655555555556
0.04805403	0.005117782	0.102391111111	0.00648888888889
0.04848138	0.005059798	0.0995044444444	0.00675555555556
0.05606078	0.006042969	0.10471	0.0065
0.05749312	0.003072953	0.106644444444	0.00665555555556
0.02570759	0.006799053	0.0985	0.0071
0.0610472	0.004742273	0.108266666667	0.00733333333333
0.0564702	0.006617634	0.104022222222	0.00647777777778
0.05141406	0.002741601	0.102311111111	0.00648888888889
0.04922852	0.005053707	0.0984422222222	0.00717777777778
0.06237504	0.003298116	0.100488888889	0.00781111111111
0.0525351	0.006473257	0.107733333333	0.00756666666667
0.05543556	0.002975867	0.0990444444444	0.00685555555556
0.04746097	0.004737907	0.108333333333	0.00716666666667
0.05629026	0.007339822	0.100822222222	0.00657777777778
0.06492069	0.00313473	0.0994244444444	0.00765555555556
0.05771241	0.005878587	0.0998	0.0067
0.0451201	0.005138078	0.105555555556	0.00654444444444
0.05265029	0.007595994	0.0999422222222	0.00667777777778
0.06165273	0.004349624	0.104122222222	0.00647777777778
0.05229097	0.001949427	0.0994733333333	0.00766666666667
0.05868122	0.005032543	0.100577777778	0.00782222222222
0.05067762	0.004326452	0.0985333333333	0.00736666666667
0.04840095	0.004218681	0.0993555555556	0.00764444444444
0.0462209	0.004382424	0.0993555555556	0.00764444444444
0.06139941	0.005310081	0.100666666667	0.00783333333333
0.05472253	0.00655306	0.106855555556	0.00774444444444
0.04483071	0.004455259	0.104255555556	0.00794444444444
0.05549916	0.004389634	0.0986555555556	0.00744444444444
0.06579167	0.00459289	0.0986555555556	0.00744444444444
0.06039467	0.007634019	0.103744444444	0.00795555555556
0.05943053	0.004407479	0.102445555556	0.00794444444444
0.04947872	0.003887529	0.0991688888889	0.00681111111111
0.05944628	0.00383055	0.0987777777778	0.00692222222222
0.05644982	0.004671505	0.0993155555556	0.00764444444444
0.05959087	0.003866921	0.0986111111111	0.00698888888889
0.0701028	0.00248622	0.108366666667	0.00713333333333
0.05511894	0.003403825	0.108326666667	0.00733333333333
0.05432076	0.007623493	0.103914444444	0.00795555555556
0.0577351	0.005293456	0.0992	0.0068
0.06118908	0.002651694	0.101095555556	0.00654444444444
0.06177379	0.005960936	0.1018	0.0065
0.04981895	0.003202961	0.0999333333333	0.00666666666667
0.04152496	0.006002119	0.100695555556	0.00784444444444
0.04942214	0.0035298	0.0988822222222	0.00687777777778
0.04756404	0.003671129	0.0986333333333	0.00696666666667
0.0794434	0.004351381	0.1054	0.0079
0.04995685	0.002348865	0.0991777777778	0.00762222222222
0.05882567	0.004748564	0.108423333333	0.00716666666667
0.03859312	0.005374534	0.0994222222222	0.00767777777778
0.05411851	0.003696561	0.0985	0.0074
0.06292887	0.007031025	0.108435555556	0.00724444444444
0.04675008	0.003370628	0.0983555555556	0.00714444444444
0.06220296	0.003811637	0.102533333333	0.00646666666667
0.05104961	0.002792595	0.102533333333	0.00646666666667
0.06018444	0.003958455	0.108444444444	0.00725555555556
0.05750478	0.002976981	0.0993444444444	0.00675555555556
0.05871734	0.005114447	0.107981111111	0.00688888888889
0.05487492	0.004852134	0.103833333333	0.00796666666667
0.058588	0.003132709	0.106933333333	0.00666666666667
0.05807367	0.009085506	0.103933333333	0.00796666666667
0.05361855	0.00451303	0.102354444444	0.00795555555556
0.05497887	0.005575741	0.0993133333333	0.00766666666667
0.05081235	0.002814943	0.0986777777778	0.00692222222222
0.04899692	0.002785265	0.101388888889	0.00791111111111
0.05581889	0.005899097	0.0990488888889	0.00761111111111
0.05501505	0.003928194	0.108488888889	0.00721111111111
0.05856013	0.003522288	0.108233333333	0.00696666666667
0.05992308	0.002940834	0.104173333333	0.00796666666667
0.05595966	0.003190456	0.100753333333	0.00786666666667
0.06233176	0.004759706	0.108366666667	0.00703333333333
0.05695449	0.003659237	0.100411111111	0.00658888888889
0.04765719	0.005672235	0.107924444444	0.00685555555556
0.05467941	0.005619385	0.106033333333	0.00786666666667
0.0482661	0.005204847	0.101691111111	0.00648888888889
0.06316361	0.007400086	0.108477777778	0.00712222222222
0.05300444	0.004770182	0.1003	0.0066
0.05084284	0.004846875	0.102544444444	0.00645555555556
0.0509366	0.002045472	0.0986111111111	0.00748888888889
0.06706086	0.005606531	0.108402222222	0.00737777777778
0.05812683	0.00560695	0.108233333333	0.00746666666667
0.05616145	0.003261854	0.1065	0.0066
0.04171019	0.004366872	0.0989111111111	0.00758888888889
0.05233203	0.004207969	0.108022222222	0.00687777777778
0.05202168	0.003705421	0.102433333333	0.00796666666667
0.06226608	0.007940812	0.108415555556	0.00704444444444
0.0673874	0.002886254	0.107788888889	0.00761111111111
0.05654853	0.004822421	0.106875555556	0.00664444444444
0.06138524	0.003936022	0.0983155555556	0.00734444444444
0.05160107	0.004116283	0.0982444444444	0.00725555555556
0.05645069	0.003272635	0.102064444444	0.00795555555556
0.0609919	0.003672315	0.103922222222	0.00797777777778
0.06583306	0.003714763	0.104733333333	0.00646666666667
0.03990041	0.005934444	0.0996555555556	0.00774444444444
0.05072496	0.004813727	0.0982777777778	0.00732222222222
0.0613337	0.006138067	0.1084	0.0074
0.05244692	0.002451944	0.102755555556	0.00644444444444
0.05318635	0.005037652	0.101755555556	0.00794444444444
0.0642865	0.004868459	0.106244444444	0.00785555555556
0.06140413	0.005870749	0.104055555556	0.00644444444444
0.03943985	0.006616487	0.0990511111111	0.00678888888889
0.04828811	0.008582751	0.100311111111	0.00658888888889
0.05590916	0.002505024	0.107277777778	0.00772222222222
0.05302892	0.004201985	0.101722222222	0.00647777777778
0.04499625	0.008034819	0.106922222222	0.00777777777778
0.06037633	0.003334883	0.108455555556	0.00704444444444
0.05515539	0.003964715	0.0990311111111	0.00678888888889
0.05739653	0.003004193	0.100382222222	0.00657777777778
0.05205195	0.004162846	0.103366666667	0.00643333333333
0.05465678	0.003540055	0.1055	0.0065
0.05791915	0.005024837	0.103166666667	0.00643333333333
0.06291235	0.002550619	0.106422222222	0.00657777777778
0.07028006	0.004769316	0.103056666667	0.00643333333333
0.06410206	0.004513061	0.108466666667	0.00703333333333
0.05281988	0.003584037	0.101844444444	0.00795555555556
0.05486209	0.003504499	0.105688888889	0.00791111111111
0.04896706	0.006289725	0.108033333333	0.00756666666667
0.06813472	0.004816565	0.108344444444	0.00745555555556
0.05922309	0.005659692	0.0986	0.0069
0.04847488	0.004410551	0.10014	0.0066
0.0540023	0.002459622	0.0982	0.0073
0.05438672	0.004574158	0.102402222222	0.00797777777778
0.04286411	0.004673769	0.0989866666667	0.00763333333333
0.05254643	0.003520152	0.0984444444444	0.00695555555556
0.04119293	0.004234897	0.0981722222222	0.00727777777778
0.0660235	0.004796732	0.108411111111	0.00698888888889
0.06191284	0.00319447	0.108286666667	0.00693333333333
0.06144937	0.00372613	0.108566666667	0.00733333333333
0.05089224	0.007057429	0.105024444444	0.00795555555556
0.07214117	0.006508678	0.102255555556	0.00644444444444
0.06465881	0.004496396	0.0998266666667	0.00663333333333
0.01955162	0.003781981	0.101311111111	0.00648888888889
0.0676782	0.003847063	0.0999888888889	0.00781111111111
0.05115832	0.002667938	0.0981333333333	0.00726666666667
0.04562016	0.006738575	0.0982888888889	0.00741111111111
0.04840455	0.00421483	0.100151111111	0.00658888888889
0.04439225	0.004286308	0.104622222222	0.00797777777778
0.06028533	0.002238558	0.108355555556	0.00694444444444
0.05686927	0.003602848	0.1034	0.008
0.05259618	0.004030535	0.106333333333	0.00786666666667
0.04951836	0.004227966	0.0996333333333	0.00776666666667
0.05515869	0.004635054	0.102466666667	0.00643333333333
0.05697384	0.005822926	0.102441111111	0.00798888888889
0.06257925	0.004213952	0.0983111111111	0.00698888888889
0.06546836	0.00445492	0.0992888888889	0.00671111111111
0.05132323	0.004650035	0.0987777777778	0.00682222222222
0.05862318	0.003876128	0.108346666667	0.00693333333333
0.03891355	0.004112281	0.108288888889	0.00691111111111
0.06587121	0.00330691	0.0995444444444	0.00775555555556
0.06387586	0.003418363	0.108612222222	0.00707777777778
0.06196809	0.003212664	0.106363333333	0.00786666666667
0.06821987	0.002580309	0.108455555556	0.00744444444444
0.06261986	0.003311293	0.106937777778	0.00662222222222
0.06978382	0.00422322	0.102291111111	0.00798888888889
0.04844882	0.005313544	0.106701111111	0.00658888888889
0.04745888	0.004249531	0.0998888888889	0.00661111111111
0.05368723	0.004288276	0.0986555555556	0.00684444444444
0.05565243	0.00483359	0.0980555555556	0.00724444444444
