root_height	pop_size	pi_net	pi_within
0.04210999	0.003263633	0.0865111111111	0.00678888888889
0.04567807	0.002846219	0.0866777777778	0.00682222222222
0.05277951	0.003407946	0.0863444444444	0.00675555555556
0.04803035	0.004258905	0.0864866666667	0.00683333333333
0.04211576	0.004016219	0.0865555555556	0.00674444444444
0.03975825	0.00496991	0.0867888888889	0.00681111111111
0.03180179	0.003463397	0.0866555555556	0.00674444444444
0.05345166	0.003230575	0.0863666666667	0.00673333333333
0.04409081	0.002557543	0.0868455555556	0.00674444444444
0.04597147	0.005172391	0.0870222222222	0.00677777777778
0.04456761	0.003079223	0.0865633333333	0.00686666666667
0.05156044	0.003608349	0.0866288888889	0.00671111111111
0.03378522	0.005787322	0.0866488888889	0.00671111111111
0.04930024	0.003279794	0.0870688888889	0.00681111111111
0.04674941	0.002734455	0.0868777777778	0.00672222222222
0.04813966	0.004928664	0.0861444444444	0.00685555555556
0.03657761	0.00554304	0.0861377777778	0.00672222222222
0.053651	0.004329388	0.0871	0.0068
0.04703178	0.002769602	0.0865	0.0067
0.04707841	0.007002617	0.0870777777778	0.00682222222222
0.05472648	0.003308435	0.0859377777778	0.00682222222222
0.05280238	0.004834102	0.0870666666667	0.00683333333333
0.02945959	0.005175579	0.0870666666667	0.00683333333333
0.05179634	0.004183356	0.0859666666667	0.00673333333333
0.05272204	0.004270314	0.0862022222222	0.00687777777778
0.0429288	0.004751691	0.0870333333333	0.00686666666667
0.05701043	0.009147893	0.0860422222222	0.00687777777778
0.04585291	0.003715508	0.0857777777778	0.00682222222222
0.04028985	0.004885951	0.0869111111111	0.00688888888889
0.03728823	0.00441955	0.0861111111111	0.00668888888889
0.03897501	0.006442101	0.0861111111111	0.00688888888889
0.04694381	0.004615763	0.0858577777778	0.00672222222222
0.04938933	0.002849403	0.0864333333333	0.00666666666667
0.04804097	0.003497482	0.0859222222222	0.00687777777778
0.04956977	0.004904759	0.0873488888889	0.00681111111111
0.05387499	0.002444853	0.0872444444444	0.00685555555556
0.03644968	0.004844214	0.0870022222222	0.00667777777778
0.05343093	0.003889246	0.0856222222222	0.00677777777778
0.03715845	0.004381966	0.0873555555556	0.00674444444444
0.04810403	0.003705903	0.0861333333333	0.00666666666667
0.0477078	0.005815768	0.0870222222222	0.00667777777778
0.04006332	0.003764993	0.0870222222222	0.00667777777778
0.04938617	0.00369858	0.0863444444444	0.00665555555556
0.04780855	0.003203462	0.0855888888889	0.00681111111111
0.04828499	0.00393061	0.0872888888889	0.00671111111111
0.04257373	0.003912303	0.0858111111111	0.00668888888889
0.04740762	0.003193583	0.0864355555556	0.00664444444444
0.0519584	0.00521624	0.0869544444444	0.00665555555556
0.04598165	0.003957231	0.0860677777778	0.00692222222222
0.04604044	0.004647328	0.0874444444444	0.00685555555556
0.04073023	0.003828108	0.0855444444444	0.00685555555556
0.05620941	0.004211174	0.0855788888889	0.00671111111111
0.05378494	0.004697837	0.0856222222222	0.00687777777778
0.05227047	0.004958842	0.0862555555556	0.00694444444444
0.05114869	0.002653142	0.0857222222222	0.00667777777778
0.04877687	0.004121337	0.0875888888889	0.00681111111111
0.04033406	0.003309912	0.0854222222222	0.00677777777778
0.05200586	0.004183475	0.0875666666667	0.00683333333333
0.05446252	0.003491196	0.0868666666667	0.00663333333333
0.03756879	0.004204946	0.0856111111111	0.00688888888889
0.04197886	0.002613473	0.0855133333333	0.00686666666667
0.03541076	0.004500819	0.0854577777778	0.00672222222222
0.05824625	0.004124658	0.0875333333333	0.00686666666667
0.0367656	0.005600395	0.0872444444444	0.00665555555556
0.03027578	0.005576138	0.0857777777778	0.00692222222222
0.04545561	0.00376809	0.0858466666667	0.00693333333333
0.04814286	0.004300398	0.0875222222222	0.00687777777778
0.04914481	0.006115326	0.0856	0.0069
0.04531227	0.004300623	0.0876833333333	0.00676666666667
0.03735589	0.004509491	0.0877	0.0068
0.04552108	0.002362388	0.0865888888889	0.00661111111111
0.05099417	0.005773123	0.0876666666667	0.00683333333333
0.04866952	0.003449406	0.0869777777778	0.00662222222222
0.04481757	0.004361864	0.0870144444444	0.00695555555556
0.03618407	0.005000218	0.0860688888889	0.00661111111111
0.04050859	0.002027648	0.0872666666667	0.00663333333333
0.04390277	0.005151848	0.0876111111111	0.00688888888889
0.03752988	0.004426966	0.0867822222222	0.00697777777778
0.03463139	0.004717568	0.0855377777778	0.00692222222222
0.04569052	0.003941992	0.0871333333333	0.00696666666667
0.03785443	0.002889509	0.0852444444444	0.00685555555556
0.03550515	0.004825381	0.0853	0.0067
0.04422362	0.006204614	0.0878666666667	0.00683333333333
0.0528201	0.003771755	0.0851222222222	0.00677777777778
0.04863061	0.004562009	0.0861111111111	0.00658888888889
0.04971879	0.002821814	0.0879111111111	0.00678888888889
0.05723171	0.002108932	0.0851111111111	0.00678888888889
0.04122618	0.003654465	0.0879222222222	0.00677777777778
0.04946487	0.004530485	0.0854666666667	0.00693333333333
0.05257457	0.002757536	0.0873233333333	0.00696666666667
0.04919016	0.003514604	0.0868222222222	0.00657777777778
0.03555633	0.003643113	0.0855444444444	0.00695555555556
0.03891836	0.003275367	0.0850333333333	0.00676666666667
0.04204921	0.004203777	0.0864688888889	0.00701111111111
0.05692843	0.003279659	0.0878022222222	0.00667777777778
0.04663793	0.004370348	0.0866088888889	0.00701111111111
0.04922457	0.003236817	0.08572	0.0066
0.05241028	0.005403676	0.0879555555556	0.00684444444444
0.04318246	0.005713393	0.0879444444444	0.00685555555556
0.05384186	0.004655186	0.0880122222222	0.00677777777778
0.05218515	0.004728226	0.0879866666667	0.00683333333333
0.04500311	0.00360678	0.0855333333333	0.00696666666667
0.05124398	0.007922934	0.0879011111111	0.00668888888889
0.04366662	0.003420273	0.0879111111111	0.00668888888889
0.04773275	0.004500057	0.0856	0.0066
0.05134315	0.003791279	0.0873111111111	0.00698888888889
0.03785481	0.004149381	0.0864444444444	0.00655555555556
0.04615895	0.004649039	0.0857011111111	0.00658888888889
0.05551082	0.002657823	0.0866777777778	0.00702222222222
0.04195076	0.004489886	0.0859888888889	0.00701111111111
0.06674819	0.002543198	0.0858	0.007
0.05106521	0.003925844	0.0849111111111	0.00678888888889
0.05574767	0.002595599	0.0869444444444	0.00655555555556
0.05519767	0.005390275	0.08506	0.0069
0.05588647	0.006060491	0.0850111111111	0.00668888888889
0.05294059	0.004763024	0.0867066666667	0.00703333333333
0.04007796	0.002738117	0.0862666666667	0.00703333333333
0.04529216	0.003822426	0.0862555555556	0.00654444444444
0.04623852	0.002796149	0.0878666666667	0.00693333333333
0.05670238	0.002395552	0.0856222222222	0.00657777777778
0.04274461	0.004258689	0.0877777777778	0.00662222222222
0.04129623	0.004732264	0.0871577777778	0.00702222222222
0.04621159	0.00350143	0.0881666666667	0.00673333333333
0.04337936	0.004039051	0.0858444444444	0.00655555555556
0.04939919	0.003205024	0.0878555555556	0.00694444444444
0.04904845	0.003834222	0.0881755555556	0.00684444444444
0.04680985	0.004821908	0.0872044444444	0.00655555555556
0.04546455	0.002898105	0.0866555555556	0.00704444444444
0.04233571	0.00480859	0.0875	0.007
0.04704664	0.002862966	0.0875	0.007
0.04292364	0.004714764	0.0856333333333	0.00656666666667
0.05005983	0.006822669	0.0859555555556	0.00654444444444
0.03366083	0.002554171	0.0854111111111	0.00698888888889
0.04167687	0.004375419	0.0868555555556	0.00704444444444
0.04352384	0.005401186	0.0861666666667	0.00653333333333
0.04927838	0.003552226	0.0849688888889	0.00691111111111
0.04070028	0.003540892	0.0856777777778	0.00702222222222
0.0450129	0.005005567	0.0847477777778	0.00682222222222
0.04668152	0.005060172	0.0847555555556	0.00674444444444
0.04993046	0.004970938	0.0876911111111	0.00698888888889
0.03117351	0.005719546	0.0853311111111	0.00698888888889
0.05004856	0.003251486	0.0847222222222	0.00677777777778
0.05285966	0.003564672	0.0848822222222	0.00667777777778
0.04934205	0.006409933	0.0859555555556	0.00704444444444
0.05712362	0.003648594	0.0882333333333	0.00686666666667
0.02567784	0.005981584	0.0862777777778	0.00652222222222
0.04456832	0.002255637	0.0862777777778	0.00652222222222
0.0540644	0.00276963	0.0852911111111	0.00658888888889
0.0412412	0.002607496	0.0851333333333	0.00696666666667
0.04620306	0.003990159	0.0871666666667	0.00653333333333
0.0416958	0.00396889	0.0856555555556	0.00654444444444
0.04950011	0.002577221	0.0847333333333	0.00686666666667
0.04156037	0.004515465	0.0857855555556	0.00704444444444
0.04363226	0.003520648	0.0864788888889	0.00651111111111
0.04887372	0.003517349	0.0866333333333	0.00706666666667
0.05048494	0.003934966	0.0853888888889	0.00701111111111
0.03556104	0.004826317	0.0867888888889	0.00651111111111
0.05402854	0.001545525	0.0848133333333	0.00666666666667
0.04288169	0.005750072	0.0855666666667	0.00703333333333
0.03951007	0.003319621	0.0874555555556	0.00654444444444
0.05657158	0.002265522	0.0875777777778	0.00702222222222
0.0507526	0.002557969	0.0883333333333	0.00686666666667
0.04057041	0.004962048	0.0873466666667	0.00653333333333
0.02706202	0.003212641	0.0869333333333	0.00706666666667
0.05899762	0.004940725	0.0846266666667	0.00683333333333
0.0396581	0.005605209	0.0846	0.0068
0.04656359	0.006765088	0.0875155555556	0.00654444444444
0.05759097	0.004214767	0.0883	0.0069
0.04754154	0.004621589	0.0863122222222	0.00707777777778
0.03225657	0.006239094	0.0867122222222	0.00707777777778
0.05178026	0.003845671	0.0870888888889	0.00651111111111
0.03858629	0.004461841	0.0873444444444	0.00705555555556
0.04350481	0.004444845	0.0861222222222	0.00707777777778
0.0538137	0.004934283	0.0845433333333	0.00676666666667
0.04170864	0.005138273	0.0845666666667	0.00673333333333
0.04058444	0.002390638	0.0845333333333	0.00676666666667
0.04368683	0.004134124	0.0845777777778	0.00672222222222
0.0463913	0.006335462	0.087	0.0065
0.04509603	0.004791038	0.0882555555556	0.00664444444444
0.04676009	0.003633349	0.0883911111111	0.00668888888889
0.02712325	0.007367751	0.0875666666667	0.00653333333333
0.04383297	0.005462848	0.0882355555556	0.00694444444444
0.04994028	0.00277877	0.0867111111111	0.00708888888889
0.04097801	0.005773763	0.0863111111111	0.00708888888889
0.05162668	0.002985956	0.0845344444444	0.00685555555556
0.04201091	0.003364662	0.0862111111111	0.00708888888889
0.05447855	0.004113267	0.0884222222222	0.00667777777778
0.05241036	0.006838641	0.0872	0.0065
0.04488271	0.005020645	0.0850933333333	0.00656666666667
0.04857334	0.003703094	0.0844666666667	0.00683333333333
0.05063483	0.003559814	0.0844444444444	0.00675555555556
0.03641415	0.006354619	0.0884333333333	0.00666666666667
0.04405634	0.002487089	0.0883666666667	0.00693333333333
0.04153447	0.006298442	0.0859111111111	0.00648888888889
0.05260612	0.004519355	0.0884077777778	0.00692222222222
0.04572577	0.006023606	0.0844111111111	0.00678888888889
0.04483778	0.008724745	0.0848911111111	0.00698888888889
0.05383576	0.00320729	0.0845111111111	0.00688888888889
0.03841915	0.005293105	0.0852666666667	0.00653333333333
0.04884617	0.003946346	0.08453	0.0069
0.04498587	0.003729088	0.0877666666667	0.00653333333333
0.04939316	0.003096146	0.0885688888889	0.00671111111111
0.04363137	0.005146206	0.0845844444444	0.00665555555556
0.03964447	0.003294105	0.0876777777778	0.00652222222222
0.05095208	0.004076596	0.0853444444444	0.00705555555556
0.05523863	0.005051374	0.0860222222222	0.00647777777778
0.05705914	0.00405288	0.0863488888889	0.00711111111111
0.03992828	0.004807123	0.0871122222222	0.00647777777778
0.04952813	0.004448194	0.0886022222222	0.00687777777778
0.0473652	0.002616172	0.0846888888889	0.00661111111111
0.04851499	0.005593944	0.0843777777778	0.00672222222222
0.04803125	0.004614605	0.0879555555556	0.00654444444444
0.05019341	0.003730806	0.0879666666667	0.00703333333333
0.0544255	0.004557624	0.0851355555556	0.00704444444444
0.04337676	0.005556587	0.0874111111111	0.00708888888889
0.03583801	0.002890194	0.0874111111111	0.00708888888889
0.03551456	0.003352862	0.0856111111111	0.00648888888889
0.03807992	0.004058549	0.0860588888889	0.00711111111111
0.04358711	0.003943915	0.0886111111111	0.00688888888889
0.05252955	0.004938075	0.0884555555556	0.00694444444444
0.04564631	0.004543178	0.0844222222222	0.00667777777778
0.04488656	0.004605264	0.0842888888889	0.00681111111111
0.05008868	0.004393616	0.0859333333333	0.00646666666667
0.03629191	0.005781801	0.0863777777778	0.00712222222222
0.04989436	0.003073124	0.0879555555556	0.00704444444444
0.04359741	0.005288097	0.0847111111111	0.00698888888889
0.05745963	0.004992817	0.0868444444444	0.00645555555556
0.04309122	0.005516166	0.0869444444444	0.00645555555556
0.04767633	0.004449651	0.0886333333333	0.00666666666667
0.05143691	0.004992073	0.0842444444444	0.00675555555556
0.0532939	0.004932466	0.0881777777778	0.00702222222222
0.0386693	0.003163913	0.0881777777778	0.00702222222222
0.0480776	0.003764827	0.0879444444444	0.00705555555556
0.04642927	0.005094216	0.0854111111111	0.00708888888889
0.0570366	0.002981119	0.0872888888889	0.00711111111111
0.04854479	0.002911724	0.0872888888889	0.00711111111111
0.04216102	0.002931897	0.0870444444444	0.00645555555556
0.03905749	0.00419798	0.0849755555556	0.00704444444444
0.0470199	0.004388045	0.0842	0.0068
0.04853405	0.00453733	0.0844777777778	0.00662222222222
0.04814811	0.003882506	0.0844777777778	0.00662222222222
0.04652828	0.003971653	0.0881555555556	0.00654444444444
0.04719112	0.005088406	0.0882277777778	0.00702222222222
0.03353925	0.006221988	0.0873888888889	0.00711111111111
0.04409791	0.003681725	0.0852	0.0065
0.04312577	0.006143047	0.0853111111111	0.00708888888889
0.03841149	0.004088335	0.0849155555556	0.00704444444444
0.05637673	0.003261734	0.0874333333333	0.00646666666667
0.04733494	0.004044382	0.0874333333333	0.00646666666667
0.05384033	0.005001865	0.0844444444444	0.00695555555556
0.04047626	0.003488702	0.0886844444444	0.00665555555556
0.04395936	0.004731847	0.0880444444444	0.00705555555556
0.04739029	0.004845313	0.0843277777778	0.00692222222222
0.04165589	0.002850698	0.0888	0.0067
0.05241376	0.005718019	0.0859755555556	0.00644444444444
0.04028726	0.006501304	0.0841888888889	0.00671111111111
0.03978431	0.005330569	0.0888666666667	0.00673333333333
0.04415348	0.006607045	0.0871666666667	0.00713333333333
0.04907502	0.003625535	0.0887688888889	0.00691111111111
0.05223736	0.005994721	0.0849888888889	0.00651111111111
0.0513815	0.00482459	0.0844622222222	0.00697777777778
0.05599755	0.002984697	0.0877222222222	0.00647777777778
0.04775255	0.003936036	0.0860255555556	0.00714444444444
0.04729552	0.00352943	0.0870066666667	0.00643333333333
0.05010498	0.005163224	0.0889155555556	0.00684444444444
0.04579733	0.003216273	0.0848377777778	0.00652222222222
0.04985679	0.004776324	0.0840688888889	0.00681111111111
0.0400025	0.004015812	0.0870955555556	0.00714444444444
0.05145093	0.005410397	0.0885811111111	0.00658888888889
0.04102981	0.004584383	0.0883555555556	0.00654444444444
0.04004846	0.005268054	0.0889444444444	0.00685555555556
0.03856902	0.005589997	0.0845333333333	0.00656666666667
0.04947385	0.003843317	0.0841	0.0067
0.03240831	0.003342733	0.0890222222222	0.00677777777778
0.05587335	0.00241027	0.0883666666667	0.00653333333333
0.04929527	0.003990215	0.0887777777778	0.00662222222222
0.05096131	0.005399096	0.0863733333333	0.00716666666667
0.04815787	0.003519111	0.0867633333333	0.00716666666667
0.04072938	0.003801824	0.0867888888889	0.00641111111111
0.05310632	0.002366934	0.0861888888889	0.00641111111111
0.0425738	0.005053373	0.0843311111111	0.00698888888889
0.0399483	0.004966412	0.0839666666667	0.00683333333333
0.04704774	0.002554715	0.0882	0.0065
0.0535218	0.003622969	0.0839666666667	0.00673333333333
0.03136729	0.004874154	0.0839555555556	0.00674444444444
0.05126932	0.002891253	0.0887111111111	0.00658888888889
0.04336091	0.004778767	0.0887111111111	0.00698888888889
0.03986837	0.002858326	0.0887111111111	0.00698888888889
0.04668135	0.00661162	0.0870333333333	0.00716666666667
0.04990266	0.004074076	0.0839333333333	0.00676666666667
0.05029232	0.004771522	0.0840111111111	0.00688888888889
0.04507411	0.002537438	0.0845666666667	0.00653333333333
0.04543232	0.002833795	0.0853266666667	0.00713333333333
0.05359853	0.004923782	0.0873744444444	0.00715555555556
0.04787631	0.004732211	0.0873777777778	0.00642222222222
0.0497616	0.004579115	0.0856444444444	0.00715555555556
0.04284726	0.001907815	0.0854555555556	0.00714444444444
0.01836631	0.006247151	0.0858688888889	0.00641111111111
0.04813219	0.005425133	0.0873977777778	0.00642222222222
0.03826991	0.004486872	0.084	0.0069
0.04587125	0.004202871	0.0852555555556	0.00644444444444
0.04016563	0.006647749	0.0843333333333	0.00656666666667
0.05948058	0.003499563	0.0891444444444	0.00675555555556
0.03984626	0.006392607	0.0843777777778	0.00702222222222
0.0463496	0.00554694	0.0883222222222	0.00707777777778
0.04265636	0.002797251	0.086	0.0064
0.03867843	0.003064747	0.0840077777778	0.00692222222222
0.04492717	0.003125868	0.0856888888889	0.00641111111111
0.04742344	0.004301124	0.0871	0.0064
0.04501618	0.004343246	0.0878555555556	0.00644444444444
0.04825808	0.002568673	0.0850444444444	0.00645555555556
0.05087312	0.004898988	0.0844566666667	0.00653333333333
0.03713013	0.002873435	0.0878666666667	0.00713333333333
0.04598194	0.005487168	0.0856333333333	0.00716666666667
0.04574381	0.003159227	0.0865111111111	0.00718888888889
0.03348133	0.004675663	0.0839	0.0067
0.05192797	0.002608379	0.0882	0.0071
0.0459586	0.005996586	0.0888511111111	0.00658888888889
0.04158551	0.002189387	0.0848888888889	0.00711111111111
0.04433472	0.003082774	0.0889	0.0066
0.04414848	0.004867439	0.0842	0.007
0.04707962	0.005111918	0.0884122222222	0.00707777777778
0.04741941	0.004564894	0.0849577777778	0.00712222222222
0.04536272	0.005146452	0.0892055555556	0.00684444444444
0.04163263	0.004091302	0.0870111111111	0.00718888888889
0.05099699	0.00453998	0.0856822222222	0.00717777777778
0.05007939	0.002129804	0.0878666666667	0.00643333333333
0.04786788	0.00189192	0.0865	0.0072
0.05177674	0.003614948	0.0863222222222	0.00637777777778
0.0458561	0.002933761	0.0846111111111	0.00708888888889
0.04392461	0.002982257	0.0848777777778	0.00712222222222
0.04455629	0.004886804	0.0842244444444	0.00655555555556
0.04566578	0.002616799	0.0892444444444	0.00685555555556
0.0517844	0.006119161	0.0892666666667	0.00673333333333
0.05099808	0.003521496	0.0878444444444	0.00715555555556
0.04980923	0.004219672	0.0877033333333	0.00716666666667
0.0434493	0.004588801	0.0838444444444	0.00665555555556
0.04674019	0.002882838	0.0883333333333	0.00646666666667
0.04746791	0.006914741	0.0866888888889	0.00721111111111
0.04831594	0.003597175	0.0881566666667	0.00713333333333
0.05879674	0.004557873	0.0840111111111	0.00698888888889
0.0523016	0.005599943	0.0848555555556	0.00644444444444
0.04321685	0.00515706	0.0893555555556	0.00674444444444
0.05652839	0.003680057	0.0893555555556	0.00674444444444
0.04674092	0.003294272	0.0893555555556	0.00674444444444
0.03545317	0.002826627	0.0840022222222	0.00657777777778
0.05663648	0.002891133	0.0870888888889	0.00721111111111
0.04610995	0.006560472	0.0881555555556	0.00714444444444
0.0461462	0.004422134	0.0887333333333	0.00706666666667
0.02454231	0.005966138	0.0866677777778	0.00722222222222
0.04317913	0.005007766	0.0844111111111	0.00708888888889
0.04413198	0.00230145	0.0846444444444	0.00645555555556
0.04287738	0.005433464	0.0862777777778	0.00722222222222
0.04536275	0.00269253	0.0892555555556	0.00664444444444
0.0362612	0.00669205	0.0841566666667	0.00653333333333
0.03834922	0.004120334	0.0848255555556	0.00714444444444
0.04191781	0.004484236	0.0872333333333	0.00636666666667
0.0550209	0.004070124	0.0872333333333	0.00636666666667
0.04648518	0.005281455	0.0891888888889	0.00661111111111
0.04254851	0.004619137	0.0869444444444	0.00635555555556
0.04695996	0.002477354	0.0840666666667	0.00703333333333
0.04886025	0.008035852	0.0894444444444	0.00675555555556
0.04397366	0.00367686	0.0840177777778	0.00702222222222
0.04759635	0.005030119	0.0859777777778	0.00722222222222
0.03973959	0.003993942	0.0894	0.0067
0.0538646	0.004812572	0.0875822222222	0.00637777777778
0.04849057	0.004714163	0.0837777777778	0.00662222222222
0.04937739	0.004859066	0.0876222222222	0.00637777777778
0.04492989	0.006111011	0.0854	0.0072
0.0538285	0.004050806	0.0888333333333	0.00706666666667
0.05717182	0.002756473	0.0888333333333	0.00706666666667
0.05229515	0.004852829	0.0835444444444	0.00675555555556
0.04028681	0.00603681	0.0836111111111	0.00688888888889
0.03831227	0.003899463	0.0881977777778	0.00642222222222
0.03906434	0.007670995	0.0835555555556	0.00684444444444
0.05014423	0.005944888	0.0880888888889	0.00641111111111
0.04827571	0.003234401	0.0855333333333	0.00636666666667
0.04884452	0.004207484	0.0894866666667	0.00673333333333
0.04837065	0.005859621	0.0848888888889	0.00641111111111
0.03973666	0.006373438	0.0881333333333	0.00716666666667
0.05086028	0.00326153	0.0860555555556	0.00634444444444
0.03230187	0.005862396	0.085	0.0064
0.05107569	0.003142514	0.0894088888889	0.00691111111111
0.02954142	0.004012863	0.0840777777778	0.00652222222222
0.04243533	0.00360929	0.0852622222222	0.00637777777778
0.04511069	0.004372036	0.0884666666667	0.00713333333333
0.0454934	0.00615287	0.0890555555556	0.00654444444444
0.04111897	0.005297745	0.0876333333333	0.00636666666667
0.04498522	0.00390429	0.0858555555556	0.00634444444444
0.02966446	0.004067066	0.0852	0.0072
0.05582555	0.006196724	0.0865555555556	0.00724444444444
0.04358123	0.00358595	0.0849022222222	0.00717777777778
0.0486922	0.002259296	0.0894444444444	0.00665555555556
0.05058189	0.004907608	0.0895666666667	0.00683333333333
0.05555933	0.003400117	0.0839555555556	0.00704444444444
0.03908641	0.002960662	0.0893777777778	0.00662222222222
0.03327681	0.004141138	0.0836633333333	0.00696666666667
0.04542194	0.003752765	0.0875777777778	0.00722222222222
0.04574539	0.002423372	0.0875777777778	0.00722222222222
0.03978676	0.00579302	0.0838444444444	0.00655555555556
0.03984375	0.002607499	0.0879222222222	0.00637777777778
0.03167769	0.007828982	0.0847233333333	0.00716666666667
0.06152764	0.002314157	0.0870666666667	0.00633333333333
0.05133749	0.004099732	0.0839777777778	0.00652222222222
0.04077973	0.004186524	0.0835	0.0069
0.04955233	0.008610432	0.0880911111111	0.00718888888889
0.0473681	0.00356037	0.0834	0.0068
0.04576156	0.003195277	0.0864444444444	0.00725555555556
0.03572425	0.004380464	0.0837222222222	0.00657777777778
0.03487656	0.005144766	0.0894666666667	0.00663333333333
0.04428305	0.00543324	0.0887888888889	0.00711111111111
0.0427702	0.002188588	0.0835777777778	0.00662222222222
0.03678082	0.0044548	0.0834044444444	0.00685555555556
0.05397885	0.003839583	0.0857455555556	0.00724444444444
0.04351213	0.004440292	0.0861377777778	0.00632222222222
0.05065864	0.003701686	0.0891555555556	0.00704444444444
0.04611235	0.00516734	0.0852777777778	0.00722222222222
0.05048343	0.005149402	0.0894333333333	0.00696666666667
0.04719097	0.004248872	0.0869644444444	0.00725555555556
0.04154119	0.007075063	0.0875666666667	0.00723333333333
0.05419981	0.003552939	0.0875666666667	0.00723333333333
0.05540707	0.005671038	0.0896555555556	0.00684444444444
0.0319263	0.004831118	0.0833555555556	0.00674444444444
0.03978378	0.005168657	0.0887777777778	0.00712222222222
0.04919997	0.00232804	0.0838777777778	0.00652222222222
0.03151024	0.007192683	0.08398	0.0065
0.05031685	0.002703005	0.0864333333333	0.00726666666667
0.03643172	0.003417308	0.0834	0.0069
0.04585463	0.005748741	0.0866888888889	0.00631111111111
0.0437824	0.004241616	0.0872544444444	0.00725555555556
0.02726479	0.005319011	0.0833	0.0068
0.03295702	0.00452315	0.0842666666667	0.00713333333333
0.0509879	0.003330856	0.0834177777778	0.00692222222222
0.04418488	0.003635361	0.0896888888889	0.00671111111111
0.0472981	0.003086605	0.0875566666667	0.00633333333333
0.04418066	0.00244281	0.0887666666667	0.00713333333333
0.03418959	0.005277442	0.0883111111111	0.00638888888889
0.05604118	0.004387911	0.0832888888889	0.00681111111111
0.0500054	0.00284093	0.0884222222222	0.00717777777778
0.04958711	0.006376119	0.0842466666667	0.00713333333333
0.04901498	0.004096072	0.0889822222222	0.00647777777778
0.05136608	0.002576404	0.0849333333333	0.00636666666667
0.04613871	0.002503644	0.0870333333333	0.00726666666667
0.04538458	0.003332962	0.0882222222222	0.00637777777778
0.04473566	0.004510232	0.0832777777778	0.00682222222222
0.05067997	0.004250813	0.0891222222222	0.00707777777778
0.04542976	0.002376018	0.08326	0.0068
0.02935676	0.004734918	0.0858788888889	0.00631111111111
0.04949241	0.002881112	0.08914	0.0065
0.04696911	0.003997301	0.0897111111111	0.00668888888889
0.04979109	0.00371534	0.0864	0.0063
0.05085419	0.004712786	0.0877255555556	0.00724444444444
0.046468	0.00693884	0.0884111111111	0.00638888888889
0.05348716	0.005433962	0.0868	0.0063
0.05125705	0.003584132	0.0862	0.0063
0.04156279	0.003672253	0.0860922222222	0.00727777777778
0.05267326	0.00444493	0.0896666666667	0.00693333333333
0.04487981	0.002200304	0.0856888888889	0.00631111111111
0.04936927	0.005747407	0.0898222222222	0.00677777777778
0.02521387	0.005084823	0.0833666666667	0.00663333333333
0.04748114	0.003616318	0.0897888888889	0.00671111111111
0.04174409	0.006692188	0.0836666666667	0.00653333333333
0.03888224	0.005184368	0.0894444444444	0.00655555555556
0.05526602	0.00484207	0.0840444444444	0.00645555555556
0.0510924	0.004271367	0.0840444444444	0.00645555555556
0.03683634	0.004617275	0.0836555555556	0.00704444444444
0.05243576	0.003524452	0.0878555555556	0.00724444444444
0.04117958	0.001376456	0.0882888888889	0.00721111111111
0.05797827	0.005210275	0.0882888888889	0.00721111111111
0.0472367	0.003941787	0.0891222222222	0.00647777777778
0.03765634	0.00358947	0.0892888888889	0.00651111111111
0.05536949	0.005442409	0.0874888888889	0.00631111111111
0.04877508	0.003251282	0.0858	0.0063
0.04447477	0.004628406	0.0894355555556	0.00654444444444
0.0507126	0.004001363	0.0863011111111	0.00728888888889
0.05557396	0.005860391	0.0894777777778	0.00702222222222
0.04683482	0.001958054	0.0862111111111	0.00628888888889
0.04445236	0.002700295	0.0862111111111	0.00628888888889
0.05558629	0.005326288	0.0892111111111	0.00648888888889
0.03922034	0.002959535	0.0873	0.0063
0.05091395	0.005175238	0.0898	0.0069
0.04021076	0.004648205	0.0879555555556	0.00724444444444
0.05502218	0.003389045	0.0875888888889	0.00631111111111
0.04824917	0.006081903	0.0854333333333	0.00726666666667
0.04240857	0.002886737	0.0878044444444	0.00725555555556
0.04821314	0.003180884	0.0873622222222	0.00727777777778
0.04240193	0.005615048	0.0890577777778	0.00712222222222
0.04235505	0.001742565	0.0832444444444	0.00665555555556
0.03779898	0.00394796	0.0879866666667	0.00633333333333
0.04235054	0.005455027	0.0856	0.0063
0.05082894	0.002578239	0.0839444444444	0.00645555555556
0.04323404	0.0029121	0.0832088888889	0.00691111111111
0.04195357	0.002168193	0.0887888888889	0.00641111111111
0.03900691	0.002955364	0.0835666666667	0.00653333333333
0.03969704	0.003779977	0.0894666666667	0.00653333333333
0.05929748	0.004704594	0.0865222222222	0.00627777777778
0.04448516	0.006238924	0.08855	0.0072
0.0520626	0.003398635	0.0863222222222	0.00627777777778
0.03202776	0.006693037	0.0832355555556	0.00694444444444
0.03803031	0.006790996	0.0891888888889	0.00711111111111
0.04183813	0.002544879	0.0838333333333	0.00646666666667
0.04742957	0.004799182	0.0877888888889	0.00631111111111
0.04576325	0.002368321	0.0882666666667	0.00723333333333
0.03692633	0.004892085	0.0899466666667	0.00673333333333
0.0499761	0.002664469	0.0899333333333	0.00686666666667
0.05042607	0.003959296	0.0886222222222	0.00637777777778
0.054029	0.001621513	0.0833111111111	0.00658888888889
0.04749799	0.002169882	0.0899	0.0069
0.0498525	0.005548263	0.0885333333333	0.00636666666667
0.03913981	0.005114921	0.0830555555556	0.00684444444444
0.05354695	0.006054449	0.0883166666667	0.00723333333333
0.04927245	0.003749788	0.0883355555556	0.00634444444444
0.04244895	0.00263674	0.0831555555556	0.00664444444444
0.05504972	0.003382138	0.0872222222222	0.00627777777778
0.04908635	0.002474385	0.0850888888889	0.00631111111111
0.04759716	0.004078963	0.0863133333333	0.00626666666667
0.04339494	0.003316423	0.0833744444444	0.00655555555556
0.04109429	0.003662764	0.08997	0.0067
0.04505828	0.002566178	0.0837977777778	0.00712222222222
0.04858504	0.006654178	0.0876111111111	0.00728888888889
0.03413047	0.004240155	0.0832222222222	0.00697777777778
0.04079597	0.003932795	0.0873622222222	0.00627777777778
0.03983494	0.006300482	0.0837777777778	0.00712222222222
0.05262877	0.002371369	0.08519	0.0063
0.04480067	0.004681581	0.0896777777778	0.00702222222222
0.04120847	0.002031192	0.0843933333333	0.00636666666667
0.03784593	0.005677523	0.0874222222222	0.00627777777778
0.04083871	0.002218492	0.0900133333333	0.00686666666667
0.04497466	0.002694573	0.0834444444444	0.00705555555556
0.03451584	0.005118553	0.0895333333333	0.00706666666667
0.04077895	0.00359613	0.0848177777778	0.00632222222222
0.0451237	0.004034901	0.0877111111111	0.00728888888889
0.04939104	0.002759285	0.0829666666667	0.00683333333333
0.04179517	0.005036275	0.0900555555556	0.00674444444444
0.03976127	0.003435235	0.0832111111111	0.00698888888889
0.04845209	0.004670524	0.0847977777778	0.00632222222222
0.05124162	0.003092828	0.0839888888889	0.00641111111111
0.04804659	0.003913521	0.0899555555556	0.00664444444444
0.03592737	0.005420152	0.0862477777778	0.00732222222222
0.04673565	0.006402655	0.0896555555556	0.00704444444444
0.03760882	0.004725313	0.0831333333333	0.00696666666667
0.03882042	0.00383436	0.0892555555556	0.00644444444444
0.05136472	0.005421207	0.0868777777778	0.00732222222222
0.0443802	0.006877308	0.0830555555556	0.00664444444444
0.05127033	0.004327572	0.0897444444444	0.00655555555556
0.03551692	0.003903932	0.0829444444444	0.00685555555556
0.05479266	0.004979141	0.0846055555556	0.00724444444444
0.0397893	0.004162106	0.0860777777778	0.00732222222222
0.04574554	0.004577036	0.0830466666667	0.00693333333333
0.03599273	0.004532641	0.0860577777778	0.00732222222222
0.04843146	0.006701775	0.0899555555556	0.00694444444444
0.01823787	0.00582024	0.0860444444444	0.00625555555556
0.0471551	0.0034692	0.0838777777778	0.00642222222222
0.04939271	0.004245639	0.0829111111111	0.00678888888889
0.06152672	0.004343111	0.0873933333333	0.00626666666667
0.05116043	0.00541124	0.0895111111111	0.00648888888889
0.05227765	0.005156755	0.0829333333333	0.00686666666667
0.04377069	0.00351531	0.0890222222222	0.00717777777778
0.0430612	0.004997255	0.0858777777778	0.00732222222222
0.05068204	0.002827884	0.0830577777778	0.00662222222222
0.04689347	0.004452167	0.0855133333333	0.00626666666667
0.05165376	0.003634583	0.0872444444444	0.00625555555556
0.0235242	0.007344995	0.0828877777778	0.00672222222222
0.05419955	0.003701142	0.0868155555556	0.00624444444444
0.04878083	0.004594532	0.0837977777778	0.00642222222222
0.04521819	0.004693709	0.0901333333333	0.00686666666667
0.04279505	0.005905969	0.0887444444444	0.00635555555556
0.05366263	0.004496948	0.0861566666667	0.00733333333333
0.04206794	0.004896403	0.0834	0.0065
0.05174825	0.002989962	0.0900466666667	0.00693333333333
0.0578323	0.003711314	0.0829333333333	0.00666666666667
0.04057155	0.004443078	0.0885555555556	0.00724444444444
0.03764757	0.005062843	0.0831222222222	0.00657777777778
0.04841088	0.003100387	0.0837777777778	0.00642222222222
0.05494351	0.004379723	0.0842444444444	0.00635555555556
0.04746723	0.002731139	0.0833333333333	0.00706666666667
0.05126549	0.00465419	0.0845444444444	0.00725555555556
0.0502762	0.003097814	0.0879	0.0073
0.04770345	0.003367958	0.0882222222222	0.00727777777778
0.04856418	0.004682317	0.0902122222222	0.00677777777778
0.05066273	0.004817618	0.0852888888889	0.00731111111111
0.03950717	0.003393128	0.0828511111111	0.00688888888889
0.04233414	0.004642033	0.0854444444444	0.00625555555556
0.04726351	0.005560872	0.0842666666667	0.00723333333333
0.05005174	0.003714187	0.0883	0.0063
0.04774163	0.004373408	0.0868555555556	0.00734444444444
0.05569765	0.006029949	0.0900777777778	0.00662222222222
0.04355668	0.005780274	0.0880222222222	0.00627777777778
0.03950312	0.002906134	0.0873555555556	0.00624444444444
0.04729072	0.003979161	0.0828777777778	0.00692222222222
0.04697914	0.003526287	0.0876377777778	0.00732222222222
0.04328843	0.008747749	0.0841444444444	0.00635555555556
0.05531487	0.005096823	0.0900111111111	0.00698888888889
0.04340448	0.003154979	0.0902344444444	0.00685555555556
0.0500029	0.004666871	0.0831355555556	0.00654444444444
0.0469503	0.002463588	0.0882111111111	0.00728888888889
0.04303227	0.003542915	0.0853444444444	0.00625555555556
0.03822054	0.004840008	0.0837333333333	0.00716666666667
0.0544072	0.003781621	0.0900977777778	0.00662222222222
0.04640101	0.00442073	0.0902555555556	0.00674444444444
0.04666765	0.001970542	0.0834333333333	0.00646666666667
0.0508989	0.003738054	0.0827777777778	0.00672222222222
0.0553288	0.003243009	0.0901266666667	0.00663333333333
0.05094748	0.003926106	0.0902	0.0069
0.05310618	0.003603893	0.0874555555556	0.00624444444444
0.01408772	0.007205134	0.0837133333333	0.00716666666667
0.04491818	0.005579881	0.0879333333333	0.00626666666667
0.03975621	0.005798029	0.09001	0.007
0.04663435	0.005074783	0.0898444444444	0.00705555555556
0.04870218	0.003413834	0.0885333333333	0.00726666666667
0.04901008	0.002964228	0.0842666666667	0.00633333333333
0.04190547	0.0030808	0.0852444444444	0.00625555555556
0.04649032	0.006596816	0.0875466666667	0.00733333333333
0.03623261	0.005653521	0.0872555555556	0.00734444444444
0.04275314	0.003988336	0.0827244444444	0.00675555555556
0.0492752	0.007108966	0.0857555555556	0.00734444444444
0.03473393	0.003843947	0.0850333333333	0.00626666666667
0.04549387	0.003772837	0.0863444444444	0.00735555555556
0.04652632	0.004205783	0.0830855555556	0.00654444444444
0.04572955	0.003949706	0.0834377777778	0.00712222222222
0.03444799	0.005370503	0.0829222222222	0.00697777777778
0.04617815	0.005059925	0.0895466666667	0.00713333333333
0.0254236	0.008055748	0.0828888888889	0.00661111111111
0.04068006	0.003755074	0.0876666666667	0.00733333333333
0.04113917	0.006355978	0.0876666666667	0.00733333333333
0.03858386	0.003473832	0.0841066666667	0.00723333333333
0.05336639	0.004964424	0.0885	0.0063
0.03872668	0.005813866	0.0885022222222	0.00727777777778
0.05272628	0.005072531	0.0901111111111	0.00698888888889
0.0363448	0.008030233	0.0858777777778	0.00622222222222
0.05590793	0.003207982	0.0888555555556	0.00724444444444
0.05219468	0.004325688	0.0826766666667	0.00683333333333
0.04529486	0.004491894	0.0889555555556	0.00634444444444
0.05364495	0.003520898	0.0894777777778	0.00642222222222
0.03267361	0.004802338	0.0871777777778	0.00622222222222
0.04804233	0.002859307	0.0831333333333	0.00706666666667
0.04346712	0.004263929	0.0838022222222	0.00637777777778
0.04968137	0.004151935	0.0898111111111	0.00708888888889
0.04783627	0.00644161	0.0903788888889	0.00681111111111
0.03948807	0.006494519	0.0834555555556	0.00714444444444
0.04495662	0.003699129	0.0833444444444	0.00645555555556
0.04498309	0.002677797	0.0831088888889	0.00651111111111
0.03492604	0.006464042	0.0841155555556	0.00724444444444
0.04952688	0.007377759	0.0826911111111	0.00688888888889
0.04682343	0.003463612	0.0836222222222	0.00717777777778
0.04733553	0.003988483	0.0860888888889	0.00621111111111
0.0460383	0.003282572	0.0899677777778	0.00652222222222
0.04604705	0.003594889	0.0903777777778	0.00672222222222
0.04703538	0.006835349	0.0887333333333	0.00726666666667
0.04402741	0.004675387	0.0882333333333	0.00626666666667
0.02843255	0.005264345	0.0847888888889	0.00731111111111
0.0400982	0.00274672	0.0827777777778	0.00662222222222
0.04732478	0.003239879	0.0880777777778	0.00732222222222
0.04729276	0.003235447	0.0849444444444	0.00625555555556
0.04303023	0.006134925	0.0885111111111	0.00628888888889
0.04688387	0.004127831	0.0841777777778	0.00632222222222
0.04304759	0.004649812	0.0870188888889	0.00621111111111
0.04279966	0.002979379	0.0904111111111	0.00678888888889
0.04225431	0.002382459	0.0839855555556	0.00634444444444
0.04488951	0.00385986	0.0898222222222	0.00647777777778
0.0421827	0.003195621	0.0840555555556	0.00724444444444
0.04333464	0.004386908	0.0840455555556	0.00724444444444
0.04654789	0.00562448	0.0837888888889	0.00721111111111
0.03802081	0.004576416	0.0825888888889	0.00681111111111
0.04269758	0.003773275	0.0887888888889	0.00631111111111
0.04404593	0.004393315	0.0903377777778	0.00692222222222
0.04899595	0.002379028	0.0901822222222	0.00657777777778
0.04017779	0.005282736	0.0900555555556	0.00704444444444
0.04398317	0.002473072	0.0848444444444	0.00625555555556
0.04168426	0.002031027	0.0875777777778	0.00622222222222
0.04025032	0.00592736	0.0899888888889	0.00651111111111
0.05173306	0.001995585	0.0872888888889	0.00621111111111
0.05005469	0.003763099	0.0831111111111	0.00648888888889
0.0415849	0.005055664	0.0828777777778	0.00702222222222
0.03734336	0.006456614	0.0861622222222	0.00737777777778
0.04182025	0.004838135	0.0849666666667	0.00733333333333
0.03731101	0.003232351	0.0880555555556	0.00624444444444
0.04429081	0.002904594	0.0904444444444	0.00685555555556
0.04206061	0.002285465	0.0840777777778	0.00632222222222
0.04593131	0.004461753	0.0829366666667	0.00653333333333
0.04589111	0.003700055	0.0826666666667	0.00693333333333
0.04605217	0.004148734	0.087	0.0062
0.04849503	0.005117616	0.0902222222222	0.00657777777778
0.0553522	0.002831555	0.08702	0.0062
0.05463904	0.003255001	0.0877044444444	0.00735555555556
0.04531299	0.004670814	0.0825466666667	0.00683333333333
0.04382784	0.0049195	0.0838666666667	0.00723333333333
0.05168819	0.002397314	0.0897555555556	0.00644444444444
0.04075958	0.003119935	0.0895888888889	0.00641111111111
0.05190554	0.002114461	0.0901777777778	0.00702222222222
0.049295	0.002621535	0.0830222222222	0.00707777777778
0.05328246	0.007415817	0.0877777777778	0.00622222222222
0.04287553	0.002578413	0.0887111111111	0.00628888888889
0.05092262	0.002912753	0.0894222222222	0.00637777777778
0.03900714	0.004304589	0.0886122222222	0.00627777777778
0.03723774	0.005452364	0.0837344444444	0.00635555555556
0.04463126	0.00479844	0.0832755555556	0.00714444444444
0.04139573	0.004994108	0.0849855555556	0.00734444444444
0.05487249	0.003253555	0.0867111111111	0.00618888888889
0.04808356	0.005027025	0.0826444444444	0.00695555555556
0.03849277	0.00462033	0.0880555555556	0.00734444444444
0.0419584	0.003900718	0.0828666666667	0.00653333333333
0.04326109	0.004627398	0.0840533333333	0.00726666666667
0.0366845	0.006465771	0.0836333333333	0.00636666666667
0.04632112	0.004572972	0.0905244444444	0.00685555555556
0.03652151	0.008615571	0.0898777777778	0.00712222222222
0.04653113	0.004383985	0.0838555555556	0.00724444444444
0.05303282	0.00441992	0.0882666666667	0.00733333333333
0.0431347	0.005710275	0.0860111111111	0.00738888888889
0.043596	0.004437914	0.0827777777778	0.00702222222222
0.04899522	0.002479399	0.0825111111111	0.00668888888889
0.04357867	0.005927625	0.0896888888889	0.00641111111111
0.03634996	0.003422956	0.0879644444444	0.00735555555556
0.04867201	0.003623097	0.09	0.0071
0.04603236	0.006627528	0.0829222222222	0.00707777777778
0.04049327	0.003881423	0.0824333333333	0.00676666666667
0.03573944	0.004032318	0.0897777777778	0.00642222222222
0.04405211	0.002911049	0.0857511111111	0.00618888888889
0.05575752	0.004731116	0.0854222222222	0.00737777777778
0.04790931	0.005469671	0.0864222222222	0.00617777777778
0.04364046	0.00527776	0.0825555555556	0.00694444444444
0.03249498	0.003541513	0.0863022222222	0.00617777777778
0.04831846	0.00556265	0.0906111111111	0.00678888888889
0.04761313	0.006270506	0.0849444444444	0.00735555555556
0.04446595	0.003025756	0.0836077777778	0.00722222222222
0.03784652	0.004491682	0.0837555555556	0.00724444444444
0.05520326	0.00161298	0.0893555555556	0.00634444444444
0.04477215	0.003948522	0.0888	0.0073
0.0433988	0.003944999	0.08604	0.0074
0.01802412	0.006231288	0.0881144444444	0.00735555555556
0.0435284	0.003657501	0.0841111111111	0.00628888888889
0.04382885	0.008086939	0.0824777777778	0.00692222222222
0.04909896	0.003501209	0.0871	0.0074
0.04899112	0.00482896	0.0833	0.0064
0.05329028	0.003076285	0.0838888888889	0.00631111111111
0.04039933	0.004058453	0.0881777777778	0.00622222222222
0.03836084	0.003832454	0.0894777777778	0.00722222222222
0.04441588	0.003374813	0.0894777777778	0.00722222222222
0.04513094	0.005034624	0.0905455555556	0.00664444444444
0.04176199	0.004851639	0.0896222222222	0.00637777777778
0.04572024	0.004437842	0.0903888888889	0.00701111111111
0.04969613	0.003590592	0.0824111111111	0.00688888888889
0.04337265	0.006302449	0.0906555555556	0.00674444444444
0.04957684	0.007471769	0.0843777777778	0.00732222222222
0.04769225	0.003563442	0.08728	0.0074
0.0428619	0.00254334	0.0865133333333	0.00616666666667
0.04895193	0.002887098	0.0898777777778	0.00642222222222
0.05022829	0.002709454	0.0902777777778	0.00652222222222
0.04230554	0.00302493	0.0893555555556	0.00724444444444
0.04267637	0.003172975	0.0827788888889	0.00651111111111
0.04629335	0.002888269	0.0887888888889	0.00731111111111
0.04188552	0.00391104	0.0898333333333	0.00716666666667
0.04375869	0.005875755	0.0843444444444	0.00625555555556
0.03946923	0.005068621	0.08736	0.0074
0.05187135	0.003242736	0.0905	0.0066
0.04761618	0.005748846	0.0828	0.0065
0.04897037	0.00475504	0.0823922222222	0.00667777777778
0.03259999	0.006139233	0.0826555555556	0.00654444444444
0.04954828	0.003032774	0.0877111111111	0.00618888888889
0.04889485	0.004273474	0.0894666666667	0.00723333333333
0.05123997	0.003108284	0.0898	0.0064
0.03760085	0.002502329	0.0905122222222	0.00697777777778
0.05086793	0.003950917	0.0902011111111	0.00648888888889
0.0434195	0.00414259	0.0896333333333	0.00636666666667
0.0555078	0.002301367	0.0881888888889	0.00621111111111
0.05339844	0.002337315	0.0828888888889	0.00711111111111
0.053595	0.003897977	0.0905777777778	0.00662222222222
0.04339125	0.005873948	0.0825111111111	0.00658888888889
0.04374058	0.005748804	0.0831333333333	0.00716666666667
0.04634741	0.002745431	0.085	0.0062
0.04870938	0.00288514	0.0843666666667	0.00733333333333
0.03828038	0.005128914	0.0905	0.007
0.03964999	0.004820472	0.0843555555556	0.00624444444444
0.04646539	0.00470283	0.0837333333333	0.00726666666667
0.04194347	0.002553883	0.0863444444444	0.00615555555556
0.05234505	0.002279017	0.0885555555556	0.00734444444444
0.04736302	0.004759276	0.0829955555556	0.00714444444444
0.04535883	0.003643971	0.0905888888889	0.00661111111111
0.04527193	0.004320861	0.0903333333333	0.00706666666667
0.02935804	0.00499704	0.0840888888889	0.00731111111111
0.04783704	0.005223044	0.0905222222222	0.00657777777778
0.0420722	0.002784314	0.0823	0.0067
0.05606448	0.004165916	0.0903	0.0065
0.04104207	0.004380373	0.0830888888889	0.00641111111111
0.04390278	0.002400726	0.0823288888889	0.00691111111111
0.04565482	0.002932459	0.0901444444444	0.00645555555556
0.04519713	0.002533666	0.0855888888889	0.00741111111111
0.05090213	0.006602981	0.0900044444444	0.00715555555556
0.0443753	0.003745149	0.0824822222222	0.00657777777778
0.05541313	0.003536577	0.0904555555556	0.00654444444444
0.03393328	0.003249976	0.0904555555556	0.00654444444444
0.04327288	0.004818008	0.0886155555556	0.00734444444444
0.05644338	0.001755866	0.0859444444444	0.00615555555556
0.05767202	0.005078794	0.0825555555556	0.00654444444444
0.05072547	0.003749749	0.0839222222222	0.00627777777778
0.04420257	0.004528803	0.0823644444444	0.00695555555556
0.03724882	0.005681086	0.0878222222222	0.00617777777778
0.05285349	0.003610724	0.0892111111111	0.00728888888889
0.04503368	0.003275176	0.0906222222222	0.00697777777778
0.03308419	0.002841439	0.0823444444444	0.00695555555556
0.04209486	0.003524362	0.0822288888889	0.00671111111111
0.05922928	0.002829702	0.0841955555556	0.00624444444444
0.04885101	0.004670544	0.0841866666667	0.00733333333333
0.04344012	0.002237042	0.0849111111111	0.00738888888889
0.04621756	0.002337933	0.0873777777778	0.00742222222222
0.04879733	0.002438168	0.0831111111111	0.00718888888889
0.04928338	0.004833562	0.0831111111111	0.00718888888889
0.04455336	0.003500801	0.0835888888889	0.00631111111111
0.03884521	0.005555684	0.0906122222222	0.00657777777778
0.04813248	0.006951955	0.0905888888889	0.00701111111111
0.05281657	0.00455306	0.0835733333333	0.00726666666667
0.04123316	0.003477966	0.0822666666667	0.00693333333333
0.04203661	0.00546494	0.0821888888889	0.00671111111111
0.05890596	0.002656881	0.0852333333333	0.00616666666667
0.04080561	0.005184076	0.0887866666667	0.00623333333333
0.05501656	0.003337771	0.0908644444444	0.00675555555556
0.03971651	0.004163419	0.0875444444444	0.00615555555556
0.0428279	0.003977032	0.0824666666667	0.00703333333333
0.04052125	0.007000879	0.0897777777778	0.00722222222222
0.04014604	0.002265615	0.0891333333333	0.00626666666667
0.03992525	0.004057342	0.0901444444444	0.00715555555556
0.04126655	0.00453684	0.0901444444444	0.00715555555556
0.04277852	0.004904755	0.0822888888889	0.00661111111111
0.0472732	0.00494665	0.0876444444444	0.00615555555556
0.04801648	0.004752532	0.0881	0.0074
0.04097808	0.003781286	0.0845822222222	0.00737777777778
0.04797691	0.004312795	0.0896666666667	0.00633333333333
0.03661383	0.003271548	0.0856666666667	0.00743333333333
0.04512466	0.006107803	0.0908177777778	0.00692222222222
0.05385546	0.005487078	0.0883111111111	0.00618888888889
0.0372327	0.00521438	0.0868666666667	0.00613333333333
0.03985275	0.002561162	0.08487	0.0074
0.04652637	0.004517324	0.0850688888889	0.00741111111111
0.05691421	0.0027854	0.0907111111111	0.00658888888889
0.04669479	0.005684023	0.0908888888889	0.00671111111111
0.04704617	0.002535643	0.0821511111111	0.00668888888889
0.05438023	0.005759463	0.0885	0.0062
0.0482755	0.002905687	0.0874666666667	0.00743333333333
0.05280608	0.003717229	0.0855555555556	0.00614444444444
0.04628788	0.002818203	0.0828888888889	0.00641111111111
0.03723735	0.005568692	0.0870555555556	0.00744444444444
0.05093664	0.005058636	0.0848222222222	0.00617777777778
0.04401299	0.003177102	0.0821422222222	0.00667777777778
0.05207642	0.002433391	0.0907122222222	0.00657777777778
0.0520241	0.003331263	0.0878244444444	0.00615555555556
0.04877204	0.006523684	0.0895888888889	0.00631111111111
0.05068112	0.00471885	0.0909444444444	0.00675555555556
0.04783497	0.003868592	0.0820777777778	0.00682222222222
0.03741013	0.005150294	0.0822333333333	0.00696666666667
0.04865832	0.004850097	0.0906155555556	0.00704444444444
0.05105724	0.005953603	0.0890666666667	0.00733333333333
0.04924512	0.001855513	0.0849333333333	0.00616666666667
0.03577837	0.004760679	0.0857355555556	0.00744444444444
0.05133997	0.00739326	0.0840555555556	0.00734444444444
0.04615493	0.006112284	0.0906555555556	0.00654444444444
0.02882315	0.00416047	0.0886	0.0062
0.05025763	0.003019023	0.0909555555556	0.00684444444444
0.04788221	0.002443431	0.0862777777778	0.00612222222222
0.04733709	0.003798314	0.0908	0.0066
0.03974462	0.004428118	0.0877055555556	0.00614444444444
0.04419624	0.00325557	0.0868777777778	0.00612222222222
0.05018976	0.004240257	0.0821555555556	0.00694444444444
0.04261037	0.004585414	0.0855555555556	0.00744444444444
0.03929723	0.00274898	0.0820711111111	0.00668888888889
0.04397308	0.005921528	0.0906444444444	0.00705555555556
0.04806406	0.002975746	0.0823777777778	0.00652222222222
0.0423267	0.005619648	0.0822111111111	0.00658888888889
0.04808215	0.004083239	0.0909711111111	0.00688888888889
0.050403	0.003527339	0.0832444444444	0.00725555555556
0.03591902	0.004084414	0.0830444444444	0.00635555555556
0.04258216	0.003248862	0.0837344444444	0.00625555555556
0.05200963	0.005631094	0.0904444444444	0.00645555555556
0.04044263	0.004661207	0.0906	0.0065
0.0471052	0.003302975	0.0907066666667	0.00653333333333
0.04969812	0.00368197	0.0865888888889	0.00611111111111
0.05034152	0.002951812	0.0865888888889	0.00611111111111
0.04838796	0.005069405	0.0908888888889	0.00661111111111
0.03470627	0.004734884	0.0873444444444	0.00745555555556
0.05279979	0.005344718	0.0867333333333	0.00746666666667
0.05728234	0.003286263	0.0881444444444	0.00615555555556
0.03709378	0.00533351	0.0853155555556	0.00744444444444
0.053405	0.004211407	0.0853155555556	0.00744444444444
0.04183363	0.004226721	0.0868888888889	0.00611111111111
0.04754067	0.002914608	0.0860888888889	0.00611111111111
0.04053757	0.004991538	0.0888	0.0062
0.05122243	0.004053877	0.0877555555556	0.00744444444444
0.03165377	0.004115296	0.0852666666667	0.00613333333333
0.04026913	0.005131408	0.0839777777778	0.00622222222222
0.04328165	0.004219021	0.0840888888889	0.00621111111111
0.03575376	0.002887615	0.0837555555556	0.00624444444444
0.04371701	0.004006772	0.0891666666667	0.00623333333333
0.05505229	0.002681492	0.0891666666667	0.00623333333333
0.04843423	0.002793247	0.0870833333333	0.00746666666667
0.04551126	0.002359918	0.0820777777778	0.00662222222222
0.04905221	0.005024897	0.0825566666667	0.00713333333333
0.04736538	0.004828543	0.0849666666667	0.00743333333333
0.04330208	0.004200996	0.0909577777778	0.00662222222222
0.04905898	0.004732841	0.0878455555556	0.00744444444444
0.04571805	0.006196208	0.0858333333333	0.00746666666667
0.03252591	0.003550914	0.0910977777778	0.00682222222222
0.04317429	0.003665204	0.0910333333333	0.00666666666667
0.03686584	0.007034569	0.0819888888889	0.00691111111111
0.0469389	0.003246991	0.0844	0.0074
0.04622435	0.00361989	0.0909777777778	0.00662222222222
0.05160321	0.003585559	0.0908444444444	0.00655555555556
0.03098255	0.006244162	0.0866222222222	0.00747777777778
0.04850474	0.004116232	0.0819	0.0068
0.04702778	0.003677285	0.0819	0.0068
0.03837289	0.00377488	0.0867222222222	0.00747777777778
0.04971403	0.004024915	0.0867222222222	0.00747777777778
0.05306614	0.003435565	0.0879555555556	0.00744444444444
0.04631146	0.003348696	0.0841022222222	0.00737777777778
0.05323361	0.002109198	0.0868	0.0061
0.02840535	0.005253625	0.0856333333333	0.00746666666667
0.05274691	0.005968959	0.0908888888889	0.00701111111111
0.05041003	0.00245194	0.0897111111111	0.00628888888889
0.04841255	0.003725778	0.0900666666667	0.00723333333333
0.05031283	0.006925784	0.0906911111111	0.00648888888889
0.04156094	0.004610242	0.0877777777778	0.00612222222222
0.05547553	0.004110574	0.0890888888889	0.00621111111111
0.05246164	0.00485626	0.0859222222222	0.00747777777778
0.04120087	0.003437271	0.0827111111111	0.00718888888889
0.05641303	0.00287424	0.0911111111111	0.00668888888889
0.04630013	0.003727191	0.0911111111111	0.00688888888889
0.03523316	0.005523749	0.0880555555556	0.00744444444444
0.04553683	0.003977268	0.0831333333333	0.00726666666667
0.04875865	0.005945163	0.0847555555556	0.00614444444444
0.03731455	0.004345886	0.0851777777778	0.00612222222222
0.04029943	0.005441927	0.0834333333333	0.00626666666667
0.05330947	0.003116243	0.0835177777778	0.00732222222222
0.05853787	0.004429001	0.0845777777778	0.00742222222222
0.04747294	0.004372663	0.0845777777778	0.00742222222222
0.04864295	0.003132788	0.089	0.0062
0.04582391	0.00533175	0.0825477777778	0.00642222222222
0.03519287	0.003197952	0.0892244444444	0.00735555555556
0.04502526	0.003835272	0.0834233333333	0.00626666666667
0.04761338	0.002377316	0.0909333333333	0.00656666666667
0.04290027	0.00363139	0.0845577777778	0.00742222222222
0.04838611	0.003779795	0.0820622222222	0.00657777777778
0.04169562	0.004325453	0.0819555555556	0.00694444444444
0.05839621	0.003707452	0.0833222222222	0.00627777777778
0.04120899	0.003053678	0.0904	0.0064
0.04523881	0.004048541	0.0873222222222	0.00747777777778
0.04066821	0.004719687	0.0839822222222	0.00737777777778
0.03685309	0.005358057	0.0827222222222	0.00637777777778
0.04071463	0.006579674	0.0835666666667	0.00733333333333
0.04367029	0.004999598	0.0894555555556	0.00624444444444
0.04537512	0.004481304	0.0840811111111	0.00738888888889
0.04970953	0.005341283	0.0883666666667	0.00743333333333
0.04797188	0.00282877	0.0910111111111	0.00698888888889
0.04724868	0.002175426	0.0844777777778	0.00742222222222
0.03724456	0.005305331	0.0820644444444	0.00655555555556
0.05415912	0.003886694	0.0912044444444	0.00685555555556
0.04748663	0.004047682	0.0887333333333	0.00616666666667
0.03650687	0.003650983	0.0827844444444	0.00635555555556
0.0508829	0.002480412	0.0871111111111	0.00608888888889
0.0532736	0.003747025	0.0830333333333	0.00726666666667
0.0404807	0.004544494	0.08178	0.0068
0.04564365	0.005479663	0.08324	0.0073
0.04661516	0.003572786	0.0893444444444	0.00735555555556
0.04486018	0.003491571	0.0841222222222	0.00617777777778
0.04949706	0.003854532	0.0909555555556	0.00654444444444
0.0588296	0.006723746	0.0900744444444	0.00725555555556
0.04953188	0.002265341	0.0878888888889	0.00611111111111
0.04378584	0.003244113	0.0900777777778	0.00632222222222
0.04068584	0.003915302	0.0822888888889	0.00711111111111
0.04479537	0.004133217	0.0821822222222	0.00707777777778
0.04360674	0.003525055	0.0820088888889	0.00701111111111
0.05529029	0.005837802	0.0894555555556	0.00734444444444
0.0411144	0.006949202	0.0901455555556	0.00724444444444
0.03687955	0.006024213	0.0825911111111	0.00638888888889
0.05454152	0.004861437	0.0848777777778	0.00612222222222
0.04708218	0.003708307	0.0912555555556	0.00674444444444
0.0562117	0.004588561	0.0908888888889	0.00651111111111
0.05448741	0.00299302	0.0892888888889	0.00621111111111
0.05595146	0.003580557	0.0823866666667	0.00643333333333
0.0491152	0.002503964	0.0856111111111	0.00608888888889
0.04992958	0.004679028	0.0831111111111	0.00728888888889
0.04821468	0.005215609	0.0911333333333	0.00696666666667
0.04419782	0.004507169	0.0869	0.0075
0.04545922	0.005231097	0.0909088888889	0.00651111111111
0.05702414	0.00385317	0.0912044444444	0.00665555555556
0.05225094	0.002691644	0.0909444444444	0.00705555555556
0.04307652	0.004867608	0.0826	0.0072
0.03726489	0.004611605	0.0839111111111	0.00738888888889
0.04266831	0.004671752	0.0880333333333	0.00746666666667
0.04403015	0.00242652	0.0849888888889	0.00611111111111
0.04269448	0.004322214	0.0870222222222	0.00607777777778
0.04761617	0.003127892	0.0817444444444	0.00685555555556
0.03679214	0.003351532	0.0906666666667	0.00643333333333
0.04565349	0.003657141	0.0822333333333	0.00646666666667
0.05187273	0.004512473	0.0893588888889	0.00621111111111
0.04882519	0.004976409	0.0849333333333	0.00746666666667
0.04978093	0.006973006	0.08717	0.0075
0.03651127	0.004527803	0.0887777777778	0.00742222222222
0.03666589	0.007047196	0.0908088888889	0.00711111111111
0.03964457	0.004949443	0.0842377777778	0.00742222222222
0.04902221	0.003463166	0.0913188888889	0.00681111111111
0.04445078	0.004244753	0.08722	0.0075
0.0510021	0.003739216	0.0913233333333	0.00676666666667
