root_height	pop_size	pi_net	pi_within
0.05298908	0.003523296	0.0884888888889	0.00941111111111
0.03057372	0.00429944	0.08912	0.0094
0.05365952	0.003873656	0.0884466666667	0.00943333333333
0.04800249	0.005530765	0.0892111111111	0.00938888888889
0.04255714	0.005375608	0.0886233333333	0.00946666666667
0.02695839	0.005504744	0.0884555555556	0.00934444444444
0.04279364	0.005536467	0.0891555555556	0.00934444444444
0.04764947	0.004654071	0.0888111111111	0.00948888888889
0.05720145	0.005079861	0.0882055555556	0.00934444444444
0.03213773	0.006990436	0.0881555555556	0.00944444444444
0.05288155	0.0047674	0.0885	0.0093
0.05032208	0.00724991	0.08908	0.0095
0.04535042	0.004026787	0.0880333333333	0.00936666666667
0.04380774	0.005052541	0.0881333333333	0.00946666666667
0.04116638	0.003842162	0.0881333333333	0.00946666666667
0.04715305	0.004872209	0.08838	0.0093
0.04105114	0.004748263	0.0892711111111	0.00948888888889
0.05134083	0.007247007	0.0879688888889	0.00941111111111
0.04643775	0.008258601	0.0887377777778	0.00952222222222
0.03804157	0.007605555	0.0895444444444	0.00935555555556
0.04554674	0.005863324	0.0880233333333	0.00946666666667
0.05523228	0.005165904	0.0891222222222	0.00927777777778
0.04226487	0.003688103	0.0878588888889	0.00941111111111
0.04392034	0.004885909	0.0896522222222	0.00937777777778
0.04161232	0.005795898	0.0882288888889	0.00951111111111
0.0438247	0.003879893	0.0892122222222	0.00927777777778
0.05446051	0.003656305	0.0878333333333	0.00936666666667
0.04212451	0.005255947	0.0878344444444	0.00935555555556
0.03675025	0.004110881	0.0893777777778	0.00952222222222
0.05147799	0.003533442	0.0897777777778	0.00942222222222
0.05372662	0.005669357	0.0877555555556	0.00944444444444
0.04926063	0.002839321	0.0898488888889	0.00941111111111
0.04741051	0.005631847	0.0895788888889	0.00951111111111
0.05316199	0.004244066	0.0897733333333	0.00946666666667
0.04511523	0.003047114	0.0876844444444	0.00935555555556
0.04105046	0.004213625	0.0893444444444	0.00925555555556
0.05148539	0.004519482	0.0898744444444	0.00945555555556
0.04272617	0.005699396	0.0899444444444	0.00945555555556
0.04598486	0.003065217	0.0875333333333	0.00936666666667
0.04480031	0.005687485	0.0880444444444	0.00955555555556
0.05197516	0.00460021	0.0881666666667	0.00923333333333
0.04849329	0.006578479	0.0886311111111	0.00958888888889
0.05520878	0.007539003	0.0886088888889	0.00921111111111
0.05552106	0.005587423	0.0898911111111	0.00948888888889
0.04879548	0.007569366	0.0889788888889	0.00921111111111
0.04099873	0.004762683	0.0899777777778	0.00932222222222
0.04134566	0.00697539	0.0893777777778	0.00922222222222
0.05314231	0.003669185	0.0898222222222	0.00927777777778
0.04517872	0.00486268	0.0886	0.0092
0.04608785	0.003945721	0.0882888888889	0.00921111111111
0.05209947	0.006554306	0.08897	0.0092
0.04582029	0.004878474	0.0874444444444	0.00945555555556
0.04850044	0.004662859	0.0895533333333	0.00956666666667
0.0551718	0.004964245	0.0874922222222	0.00947777777778
0.05814151	0.006519051	0.0878555555556	0.00924444444444
0.04096079	0.008522927	0.0900666666667	0.00933333333333
0.05369404	0.005715485	0.0900111111111	0.00948888888889
0.0447807	0.004544758	0.0878444444444	0.00955555555556
0.04569186	0.003453224	0.0881888888889	0.00921111111111
0.06205485	0.002852276	0.08998	0.0095
0.04042238	0.004592289	0.0892	0.0096
0.03713794	0.006245366	0.0886888888889	0.00961111111111
0.03875889	0.004840337	0.0889288888889	0.00961111111111
0.05106569	0.005747138	0.0901544444444	0.00945555555556
0.04332606	0.004637194	0.0895777777778	0.00922222222222
0.0553223	0.003706867	0.0877555555556	0.00924444444444
0.0406606	0.005406183	0.0902122222222	0.00937777777778
0.04264192	0.009182044	0.0872888888889	0.00941111111111
0.04671914	0.00559485	0.0876255555556	0.00954444444444
0.04458573	0.003433995	0.0901	0.0095
0.04819605	0.006512059	0.0899666666667	0.00953333333333
0.05334312	0.004152371	0.09012	0.0093
0.03663083	0.006819127	0.09016	0.0095
0.05947378	0.005812281	0.0899155555556	0.00924444444444
0.04312906	0.004542021	0.0886666666667	0.00963333333333
0.05480662	0.007156574	0.0873011111111	0.00948888888889
0.05439872	0.003251107	0.0879	0.0096
0.04294376	0.004250795	0.09022	0.0093
0.04925496	0.004509056	0.0873	0.0095
0.04895756	0.00346086	0.0900555555556	0.00954444444444
0.04194396	0.005639721	0.0899333333333	0.00956666666667
0.060077	0.003295533	0.0871555555556	0.00934444444444
0.05083671	0.006286838	0.0874244444444	0.00925555555556
0.04738112	0.004561545	0.08777	0.0096
0.05736827	0.004443663	0.0878588888889	0.00961111111111
0.05890864	0.005147533	0.0871333333333	0.00946666666667
0.03696076	0.004575218	0.0902811111111	0.00928888888889
0.05583832	0.008315983	0.0871133333333	0.00946666666667
0.0448174	0.002377312	0.0879222222222	0.00917777777778
0.05051926	0.004786797	0.0879222222222	0.00917777777778
0.0525942	0.009782309	0.0889555555556	0.00914444444444
0.05699633	0.004081047	0.0875888888889	0.00921111111111
0.05110475	0.005088643	0.0903911111111	0.00948888888889
0.05429484	0.005567234	0.0904666666667	0.00933333333333
0.04840767	0.002897344	0.0904	0.0093
0.04627619	0.004851859	0.0903477777778	0.00952222222222
0.0449843	0.006215363	0.0880355555556	0.00964444444444
0.03462909	0.004103675	0.0869955555556	0.00944444444444
0.06406292	0.004834995	0.0904688888889	0.00931111111111
0.04068416	0.00475713	0.0896766666667	0.00963333333333
0.03812145	0.005745741	0.0884233333333	0.00966666666667
0.05595292	0.003939414	0.08752	0.0096
0.04363857	0.005271766	0.0891666666667	0.00913333333333
0.04285707	0.006389108	0.0869222222222	0.00937777777778
0.04546137	0.003498039	0.0877666666667	0.00963333333333
0.04970588	0.003953892	0.0873888888889	0.00921111111111
0.02566162	0.004176828	0.0872533333333	0.00956666666667
0.05444988	0.005599126	0.0904888888889	0.00951111111111
0.04586536	0.006185446	0.0871755555556	0.00924444444444
0.05434603	0.006378974	0.0906677777778	0.00942222222222
0.06807395	0.006636149	0.0899777777778	0.00962222222222
0.04754925	0.004020963	0.0876333333333	0.00916666666667
0.05414862	0.006472592	0.0876266666667	0.00963333333333
0.04589279	0.003878324	0.0889688888889	0.00911111111111
0.04772065	0.00926665	0.0884888888889	0.00911111111111
0.04993114	0.007163697	0.0906	0.0095
0.04037103	0.005194788	0.0869777777778	0.00952222222222
0.0404033	0.007006268	0.0907222222222	0.00937777777778
0.04820317	0.004421006	0.0883888888889	0.00911111111111
0.04371059	0.003300318	0.0900577777778	0.00962222222222
0.04727644	0.005527508	0.0897555555556	0.00914444444444
0.05580622	0.003318312	0.0871777777778	0.00922222222222
0.04713442	0.00691613	0.0896266666667	0.00913333333333
0.03251981	0.004185782	0.0868266666667	0.00933333333333
0.04561494	0.003457111	0.0869666666667	0.00953333333333
0.05218608	0.004969762	0.0905666666667	0.00953333333333
0.05656266	0.004446237	0.0906888888889	0.00931111111111
0.04616009	0.003653415	0.0878133333333	0.00966666666667
0.04694733	0.005246376	0.0907888888889	0.00941111111111
0.04634948	0.005595484	0.0867911111111	0.00948888888889
0.04886688	0.005257458	0.0883	0.0097
0.04300821	0.004569105	0.0878677777778	0.00912222222222
0.04877758	0.005011635	0.0906888888889	0.00951111111111
0.04748598	0.005060613	0.0886111111111	0.00908888888889
0.05167604	0.002764937	0.0908022222222	0.00947777777778
0.04670353	0.004856296	0.0884111111111	0.00908888888889
0.04723491	0.008669841	0.0908711111111	0.00938888888889
0.04591208	0.004602767	0.0883911111111	0.00908888888889
0.04252141	0.004489577	0.0874555555556	0.00914444444444
0.05169198	0.004678108	0.0909155555556	0.00944444444444
0.05609524	0.003663222	0.0908777777778	0.00932222222222
0.04839478	0.004043129	0.0879	0.0091
0.05050731	0.004826144	0.0867011111111	0.00928888888889
0.05609749	0.005035303	0.0869222222222	0.00957777777778
0.04854041	0.005030725	0.0873844444444	0.00965555555556
0.05251356	0.00382695	0.0909466666667	0.00943333333333
0.03248135	0.00372353	0.0866222222222	0.00947777777778
0.04043477	0.007318098	0.09086	0.0095
0.04633944	0.002083316	0.0901555555556	0.00914444444444
0.04045974	0.005124917	0.0880111111111	0.00908888888889
0.05192683	0.004677391	0.0898511111111	0.00968888888889
0.05595738	0.007074698	0.0898588888889	0.00911111111111
0.05650526	0.004508837	0.0865766666667	0.00933333333333
0.05384535	0.004962211	0.0909277777778	0.00932222222222
0.04978925	0.004087206	0.0887333333333	0.00906666666667
0.04322965	0.005756528	0.0887266666667	0.00973333333333
0.04757265	0.00538891	0.0881777777778	0.00972222222222
0.05105295	0.006716821	0.0866	0.0093
0.05603743	0.003955929	0.0866222222222	0.00927777777778
0.05712126	0.004246804	0.0871444444444	0.00915555555556
0.05575431	0.00739724	0.0895777777778	0.00972222222222
0.04954957	0.005106345	0.0906888888889	0.00921111111111
0.04786621	0.003889082	0.0886444444444	0.00905555555556
0.05305487	0.003231468	0.0879222222222	0.00907777777778
0.05466121	0.005291945	0.0866555555556	0.00954444444444
0.03681839	0.00529809	0.0873777777778	0.00912222222222
0.05823208	0.005631871	0.0910555555556	0.00934444444444
0.0372393	0.005940713	0.0871755555556	0.00914444444444
0.05299787	0.004500104	0.0864355555556	0.00944444444444
0.04838925	0.003690018	0.08753	0.0097
0.05027763	0.003061742	0.0904555555556	0.00964444444444
0.04904141	0.005210399	0.0866444444444	0.00955555555556
0.04217587	0.007342318	0.0879766666667	0.00973333333333
0.04976847	0.003362971	0.0875	0.0097
0.04114733	0.008470667	0.0875	0.0091
0.04267891	0.004011963	0.0871866666667	0.00913333333333
0.04675307	0.003871295	0.0886555555556	0.00904444444444
0.04515893	0.00699459	0.0889055555556	0.00904444444444
0.04292028	0.004299584	0.0864055555556	0.00934444444444
0.05048533	0.004583814	0.0911333333333	0.00936666666667
0.0460358	0.006566619	0.0864888888889	0.00951111111111
0.05678747	0.006519335	0.0877222222222	0.00907777777778
0.0453587	0.004935283	0.0904444444444	0.00965555555556
0.04950846	0.004845745	0.0868111111111	0.00918888888889
0.04042558	0.00497134	0.0878533333333	0.00906666666667
0.04118658	0.007038954	0.0868622222222	0.00917777777778
0.04768225	0.009270186	0.0911788888889	0.00941111111111
0.03991485	0.005771184	0.0903966666667	0.00913333333333
0.04384843	0.005443178	0.0864777777778	0.00952222222222
0.04409097	0.003855448	0.0897333333333	0.00906666666667
0.04984341	0.004478179	0.0912	0.0094
0.05209702	0.003960154	0.0912055555556	0.00944444444444
0.03945265	0.006009271	0.0896444444444	0.00905555555556
0.05056932	0.006908901	0.0890666666667	0.00903333333333
0.04870181	0.004396774	0.0910444444444	0.00925555555556
0.0612197	0.004966499	0.0862677777778	0.00942222222222
0.03461238	0.004630323	0.0863977777778	0.00952222222222
0.05600004	0.004252802	0.0869355555556	0.00914444444444
0.05124261	0.00448744	0.0873688888889	0.00971111111111
0.04491413	0.005810119	0.0866888888889	0.00961111111111
0.05112323	0.007273186	0.0869244444444	0.00965555555556
0.05594267	0.003930383	0.0911522222222	0.00927777777778
0.04625991	0.008611667	0.0871288888889	0.00911111111111
0.03356275	0.006753778	0.0888777777778	0.00902222222222
0.040438	0.005389592	0.0862777777778	0.00932222222222
0.04647735	0.006678985	0.0889822222222	0.00977777777778
0.04196172	0.008008932	0.0905966666667	0.00913333333333
0.03445522	0.008626315	0.0877955555556	0.00904444444444
0.03990825	0.003488093	0.0882722222222	0.00977777777778
0.04573634	0.006684461	0.0862322222222	0.00947777777778
0.05519326	0.003195395	0.0877555555556	0.00904444444444
0.04804019	0.007139653	0.0863555555556	0.00954444444444
0.04280294	0.006627656	0.0872111111111	0.00908888888889
0.04475138	0.003918635	0.0912888888889	0.00931111111111
0.04692603	0.003121354	0.0913555555556	0.00944444444444
0.04565941	0.004524007	0.0885111111111	0.00978888888889
0.0489963	0.003508227	0.0901333333333	0.00906666666667
0.05262935	0.006083473	0.0913	0.0093
0.05719646	0.003186222	0.0913666666667	0.00933333333333
0.04890682	0.004524594	0.0912777777778	0.00952222222222
0.04133885	0.004659398	0.0864288888889	0.00921111111111
0.04859255	0.003446371	0.0913777777778	0.00932222222222
0.05158098	0.005509077	0.0906777777778	0.00912222222222
0.04665916	0.006086626	0.0869111111111	0.00968888888889
0.04335186	0.009192467	0.0912555555556	0.00954444444444
0.04006876	0.003508361	0.0889	0.009
0.05093313	0.004528548	0.08849	0.009
0.04289294	0.004414063	0.0866044444444	0.00915555555556
0.04489163	0.004039009	0.0897777777778	0.00902222222222
0.03926411	0.003976617	0.0874244444444	0.00975555555556
0.04307343	0.005675622	0.0912844444444	0.00955555555556
0.04554572	0.00429182	0.0861	0.0093
0.04531415	0.006572096	0.0865555555556	0.00964444444444
0.05874187	0.005061785	0.0876777777778	0.00902222222222
0.0382356	0.007398526	0.08687	0.0091
0.03620615	0.006132435	0.0913155555556	0.00924444444444
0.05368917	0.004081368	0.0896811111111	0.00978888888889
0.05178105	0.005626101	0.0871333333333	0.00906666666667
0.05141825	0.003908087	0.0885111111111	0.00898888888889
0.04544373	0.008018621	0.0860888888889	0.00951111111111
0.04796615	0.002115545	0.08949	0.009
0.04960858	0.005346917	0.0900566666667	0.00903333333333
0.04284513	0.004504101	0.0908222222222	0.00967777777778
0.04685645	0.005852465	0.0900666666667	0.00903333333333
0.02938679	0.01128795	0.0861233333333	0.00926666666667
0.03477046	0.009242748	0.0877611111111	0.00978888888889
0.0577984	0.004747845	0.0875777777778	0.00902222222222
0.05012499	0.006135363	0.0911222222222	0.00917777777778
0.05118647	0.00453328	0.0915444444444	0.00935555555556
0.03847521	0.00656684	0.0907888888889	0.00911111111111
0.03942217	0.003645952	0.0882111111111	0.00898888888889
0.06545637	0.007992064	0.0908111111111	0.00968888888889
0.05274252	0.005414574	0.0893788888889	0.00981111111111
0.04085635	0.007571647	0.0898888888889	0.00901111111111
0.05697369	0.006389955	0.0916	0.0094
0.04849416	0.004386889	0.0862888888889	0.00961111111111
0.04825496	0.007427479	0.0914555555556	0.00954444444444
0.04489311	0.003466734	0.0870555555556	0.00974444444444
0.041773	0.005828777	0.0858888888889	0.00941111111111
0.04735693	0.00686646	0.0879311111111	0.00898888888889
0.04713436	0.004641923	0.0867	0.0097
0.05321834	0.004462668	0.0881777777778	0.00982222222222
0.05407687	0.005076845	0.0900111111111	0.00978888888889
0.04872328	0.00502999	0.0862	0.0096
0.05851441	0.005051567	0.0911444444444	0.00915555555556
0.05618829	0.005527989	0.0911555555556	0.00964444444444
0.03237452	0.007573069	0.0886066666667	0.00983333333333
0.05179983	0.004078673	0.0863555555556	0.00964444444444
0.0555383	0.004470425	0.0860444444444	0.00955555555556
0.04966083	0.004024865	0.0878111111111	0.00898888888889
0.03935403	0.00654194	0.0884466666667	0.00983333333333
0.03943204	0.005641541	0.0876	0.009
0.04755794	0.004101623	0.0895222222222	0.00897777777778
0.05767105	0.0071097	0.0858777777778	0.00932222222222
0.03600944	0.003935184	0.0911555555556	0.00914444444444
0.0339638	0.00306819	0.0879222222222	0.00897777777778
0.04256727	0.002516262	0.0868333333333	0.00906666666667
0.04223548	0.006139853	0.09	0.009
0.05242535	0.006919936	0.0893333333333	0.00896666666667
0.04070496	0.006196265	0.0916833333333	0.00946666666667
0.04563984	0.004110891	0.0904333333333	0.00976666666667
0.04492265	0.004668447	0.0917388888889	0.00941111111111
0.0510335	0.006994019	0.0864888888889	0.00911111111111
0.06472164	0.004256295	0.0889944444444	0.00895555555556
0.04436701	0.007282905	0.0912044444444	0.00965555555556
0.04778491	0.008498844	0.0892555555556	0.00984444444444
0.04763086	0.005919291	0.0917	0.0093
0.04895237	0.003853788	0.0882444444444	0.00895555555556
0.05165703	0.005683212	0.0903011111111	0.00978888888889
0.05155455	0.004760695	0.0904222222222	0.00977777777778
0.04453923	0.004661574	0.0858666666667	0.00953333333333
0.0457359	0.005105153	0.0916244444444	0.00955555555556
0.04167253	0.005370186	0.09022	0.0098
0.05291672	0.005900715	0.0888555555556	0.00894444444444
0.05097932	0.005931297	0.0877666666667	0.00983333333333
0.0446749	0.006462452	0.0890844444444	0.00985555555556
0.0489718	0.007315834	0.0877533333333	0.00896666666667
0.0331037	0.005882898	0.0895444444444	0.00895555555556
0.05355322	0.003936308	0.0877333333333	0.00896666666667
0.04832407	0.006936593	0.0913844444444	0.00915555555556
0.03901652	0.002854574	0.0864711111111	0.00908888888889
0.04415496	0.005854477	0.0918333333333	0.00946666666667
0.05573309	0.004401287	0.0860666666667	0.00963333333333
0.05416096	0.005037541	0.0918733333333	0.00936666666667
0.05726265	0.007162389	0.0918777777778	0.00942222222222
0.05792396	0.005121635	0.0886133333333	0.00986666666667
0.04893419	0.0043862	0.0899333333333	0.00896666666667
0.05217337	0.005629199	0.0894644444444	0.00985555555556
0.05032021	0.00711369	0.0918922222222	0.00937777777778
0.04937528	0.00755683	0.0895255555556	0.00894444444444
0.04784092	0.005026034	0.0909044444444	0.00905555555556
0.04115024	0.00454971	0.0918022222222	0.00927777777778
0.04298569	0.004880746	0.0858133333333	0.00956666666667
0.04705186	0.005050651	0.0883333333333	0.00986666666667
0.04661285	0.005229859	0.0892466666667	0.00893333333333
0.04897365	0.003372921	0.0918777777778	0.00932222222222
0.03966332	0.003998473	0.0857066666667	0.00953333333333
0.04653479	0.004626625	0.0893666666667	0.00893333333333
0.05030816	0.008948254	0.0862288888889	0.00911111111111
0.0424937	0.007631321	0.0856933333333	0.00926666666667
0.05493573	0.003671398	0.0863288888889	0.00971111111111
0.0501644	0.006463363	0.0913111111111	0.00968888888889
0.0439682	0.003713037	0.0857777777778	0.00922222222222
0.04674795	0.005009903	0.0871011111111	0.00898888888889
0.04203901	0.003083218	0.0891777777778	0.00892222222222
0.05262093	0.004861111	0.0916222222222	0.00917777777778
0.04812295	0.005548406	0.0883222222222	0.00987777777778
0.04751014	0.004462967	0.0862888888889	0.00971111111111
0.0518338	0.008542446	0.0903422222222	0.00897777777778
0.05519519	0.003172922	0.0906	0.0098
0.05076201	0.002413236	0.0906	0.009
0.05510744	0.006213154	0.0906	0.009
0.03052421	0.006243468	0.0862	0.0091
0.04794908	0.006171541	0.0859444444444	0.00915555555556
0.03975231	0.009447259	0.0856933333333	0.00956666666667
0.05128729	0.005437415	0.0919877777778	0.00932222222222
0.0440782	0.003159738	0.0897333333333	0.00986666666667
0.03300724	0.003873157	0.0909233333333	0.00976666666667
0.05373829	0.004217239	0.0912222222222	0.00907777777778
0.0503605	0.004909734	0.0886088888889	0.00891111111111
0.04907207	0.003873171	0.0919133333333	0.00926666666667
0.05613165	0.0034118	0.0885111111111	0.00988888888889
0.05292892	0.002803857	0.0856444444444	0.00955555555556
0.03810482	0.003750172	0.0858666666667	0.00963333333333
0.0412143	0.005705854	0.0873555555556	0.00984444444444
0.04480032	0.003995839	0.0854844444444	0.00935555555556
0.04623141	0.003948661	0.0920488888889	0.00941111111111
0.0490523	0.002810107	0.0920088888889	0.00931111111111
0.04348973	0.003891818	0.0920333333333	0.00946666666667
0.04861364	0.0030454	0.0854866666667	0.00933333333333
0.05049599	0.006056673	0.0865333333333	0.00976666666667
0.05988805	0.00501617	0.0869111111111	0.00898888888889
0.05043659	0.004820882	0.0903933333333	0.00896666666667
0.05277222	0.002367981	0.0854444444444	0.00935555555556
0.05122924	0.003635743	0.0912333333333	0.00906666666667
0.05103418	0.003520964	0.0863555555556	0.00974444444444
0.07049072	0.005981413	0.0861	0.0097
0.03680955	0.005427676	0.08896	0.0089
0.04470431	0.008732641	0.0854377777778	0.00932222222222
0.04849076	0.006038746	0.0854711111111	0.00928888888889
0.05034069	0.006237993	0.0862844444444	0.00905555555556
0.05583248	0.004448889	0.0857955555556	0.00964444444444
0.05361172	0.003144412	0.0910222222222	0.00977777777778
0.04877774	0.006720244	0.0915	0.0091
0.0488855	0.005301897	0.0921788888889	0.00941111111111
0.04407258	0.005527065	0.0875222222222	0.00987777777778
0.04671194	0.004708241	0.09219	0.0094
0.04286662	0.007920504	0.0856	0.0096
0.03083001	0.005929099	0.0855688888889	0.00921111111111
0.05118123	0.003275573	0.0873333333333	0.00986666666667
0.05791872	0.01172866	0.0890688888889	0.00991111111111
0.04863929	0.004327955	0.0912444444444	0.00975555555556
0.05102058	0.00330028	0.0922	0.0094
0.05188278	0.004989053	0.0864222222222	0.00977777777778
0.04236952	0.007228307	0.0902133333333	0.00986666666667
0.05651402	0.005663395	0.0916677777778	0.00912222222222
0.06463081	0.004126362	0.08961	0.0099
0.03941644	0.00561336	0.0920555555556	0.00924444444444
0.04032345	0.006566807	0.0856666666667	0.00963333333333
0.04858992	0.003177439	0.0855888888889	0.00961111111111
0.05298722	0.003722331	0.0918666666667	0.00963333333333
0.05219511	0.003749348	0.0922244444444	0.00945555555556
0.05674592	0.005901037	0.0869444444444	0.00895555555556
0.0557047	0.00434447	0.0914977777778	0.00972222222222
0.0435018	0.006931405	0.0861444444444	0.00905555555556
0.03974082	0.004711416	0.08776	0.0089
0.04102748	0.004399421	0.0852933333333	0.00946666666667
0.05284406	0.003588874	0.0865	0.0098
0.04566305	0.004744463	0.0898	0.0099
0.04952419	0.002950829	0.0917866666667	0.00913333333333
0.04238847	0.003824595	0.0883777777778	0.00992222222222
0.03668107	0.00676132	0.08587	0.0097
0.04719978	0.004677531	0.0860333333333	0.00906666666667
0.04931594	0.002727096	0.0879111111111	0.00888888888889
0.05258397	0.003683278	0.0922388888889	0.00931111111111
0.04681184	0.005059398	0.0922888888889	0.00941111111111
0.04506552	0.004479087	0.0860166666667	0.00973333333333
0.0437793	0.008551529	0.0923	0.0094
0.05601433	0.002039483	0.0852222222222	0.00937777777778
0.041271	0.005235073	0.08644	0.0098
0.04386722	0.005728166	0.0881777777778	0.00992222222222
0.04837477	0.00402499	0.0904333333333	0.00986666666667
0.0428112	0.00467973	0.0866222222222	0.00897777777778
0.04279944	0.004683588	0.0853133333333	0.00926666666667
0.03636374	0.005727394	0.0917711111111	0.00968888888889
0.05183296	0.003716771	0.0876911111111	0.00888888888889
0.04135037	0.00598262	0.0860744444444	0.00975555555556
0.05048519	0.00376497	0.0891333333333	0.00886666666667
0.04251219	0.007456212	0.0856466666667	0.00913333333333
0.05324899	0.003904258	0.0916888888889	0.00971111111111
0.05853411	0.005117009	0.0923	0.0093
0.05231558	0.004983834	0.0876111111111	0.00888888888889
0.04029661	0.0071744	0.0902888888889	0.00891111111111
0.05146283	0.004590467	0.0912	0.009
0.03437241	0.005002537	0.0872011111111	0.00988888888889
0.04602099	0.007643993	0.0922733333333	0.00926666666667
0.05509167	0.003204156	0.0920333333333	0.00916666666667
0.04508613	0.004365498	0.0857888888889	0.00971111111111
0.05155955	0.004871298	0.0916777777778	0.00972222222222
0.04391365	0.004897875	0.0863888888889	0.00981111111111
0.03992238	0.006980694	0.0915044444444	0.00975555555556
0.04691544	0.004900589	0.0863711111111	0.00898888888889
0.04912396	0.004587705	0.0888444444444	0.00885555555556
0.03522675	0.006411181	0.0873	0.0089
0.03286165	0.006908643	0.0890144444444	0.00885555555556
0.04928069	0.005786818	0.0890244444444	0.00885555555556
0.03916656	0.004408094	0.0851333333333	0.00946666666667
0.03630237	0.005917477	0.0884455555556	0.00994444444444
0.05059302	0.003642799	0.0913411111111	0.00978888888889
0.04499939	0.008325813	0.09026	0.0089
0.06081307	0.003541009	0.0892244444444	0.00885555555556
0.04028098	0.004753374	0.0865955555556	0.00984444444444
0.04527286	0.004752871	0.0899222222222	0.00887777777778
0.04655762	0.003233641	0.0899222222222	0.00887777777778
0.05550558	0.004376416	0.0912088888889	0.00981111111111
0.03394737	0.01047254	0.0873811111111	0.00888888888889
0.0533778	0.00383432	0.0893444444444	0.00885555555556
0.04911256	0.005110261	0.0916444444444	0.00905555555556
0.0468651	0.004126913	0.0922866666667	0.00923333333333
0.05649458	0.0035963	0.0920444444444	0.00965555555556
0.04559608	0.005514656	0.0851844444444	0.00925555555556
0.05412233	0.003119192	0.0865444444444	0.00895555555556
0.04309193	0.004888135	0.0856888888889	0.00971111111111
0.04443473	0.004363297	0.0861111111111	0.00978888888889
0.05186622	0.00342726	0.0924666666667	0.00943333333333
0.05229509	0.006647547	0.0914111111111	0.00978888888889
0.0427888	0.006613007	0.0919777777778	0.00912222222222
0.04001514	0.006003494	0.09038	0.0099
0.0478884	0.004598178	0.0850888888889	0.00931111111111
0.03965978	0.002316135	0.0854555555556	0.00914444444444
0.05169495	0.004996513	0.0885444444444	0.00995555555556
0.05390443	0.005777756	0.0920333333333	0.00966666666667
0.04496008	0.006432107	0.0874577777778	0.00992222222222
0.05363321	0.008131704	0.0868377777778	0.00892222222222
0.04212702	0.006133327	0.08509	0.0095
0.0513234	0.008597807	0.0850333333333	0.00936666666667
0.03961894	0.004068763	0.0896444444444	0.00885555555556
0.04489441	0.006032708	0.0853466666667	0.00963333333333
0.0462054	0.003819373	0.0860488888889	0.00901111111111
0.04942499	0.00636929	0.0858444444444	0.00975555555556
0.03974777	0.006184315	0.0914888888889	0.00901111111111
0.05008536	0.004379452	0.0866333333333	0.00986666666667
0.05752043	0.004638064	0.0849777777778	0.00942222222222
0.04659927	0.005466843	0.0856422222222	0.00907777777778
0.04562465	0.004346267	0.0867222222222	0.00987777777778
0.03958758	0.007173058	0.0900866666667	0.00993333333333
0.04588383	0.00292884	0.092	0.0097
0.05621731	0.006527544	0.0878755555556	0.00884444444444
0.04545542	0.006228068	0.0892666666667	0.00883333333333
0.04922232	0.003684505	0.0849366666667	0.00943333333333
0.06205163	0.004046448	0.0915	0.0098
0.05249101	0.00479968	0.0849333333333	0.00936666666667
0.05934885	0.003765152	0.0852222222222	0.00917777777778
0.05757696	0.006028929	0.0920811111111	0.00968888888889
0.05073455	0.0033569	0.0894333333333	0.00996666666667
0.05791247	0.003826939	0.0894566666667	0.00883333333333
0.0442033	0.005256889	0.0926177777778	0.00942222222222
0.050089	0.004027567	0.0924111111111	0.00958888888889
0.0530486	0.004799751	0.0900555555556	0.00994444444444
0.04744089	0.008386698	0.0907	0.0099
0.04332776	0.005415268	0.0849311111111	0.00948888888889
0.04607874	0.004764111	0.0884777777778	0.00882222222222
0.03785435	0.003817679	0.0854888888889	0.00971111111111
0.04295566	0.004354481	0.0848777777778	0.00942222222222
0.04557853	0.005630584	0.0857466666667	0.00903333333333
0.03986958	0.005596119	0.0898955555556	0.00884444444444
0.0482958	0.004616207	0.0850333333333	0.00956666666667
0.04760353	0.00475521	0.0849666666667	0.00953333333333
0.04671068	0.003109149	0.0882622222222	0.00997777777778
0.04710143	0.004054084	0.0899355555556	0.00884444444444
0.05328149	0.00408303	0.0916	0.009
0.04689105	0.003659872	0.0901644444444	0.00885555555556
0.04437954	0.004296789	0.0923777777778	0.00962222222222
0.04052054	0.005209228	0.0854	0.0097
0.05548621	0.004410353	0.0848555555556	0.00944444444444
0.03663223	0.004538574	0.0848555555556	0.00944444444444
0.05082865	0.006041192	0.0918133333333	0.00976666666667
0.04786049	0.006162156	0.0881222222222	0.00997777777778
0.05199903	0.00378072	0.0848444444444	0.00935555555556
0.04743475	0.003871987	0.0860222222222	0.00897777777778
0.0423258	0.003534402	0.0898166666667	0.00883333333333
0.05004972	0.005555745	0.0912555555556	0.00894444444444
0.05196756	0.004633968	0.0872555555556	0.00994444444444
0.04818947	0.004574195	0.0885888888889	0.00881111111111
0.03446633	0.005808779	0.0923155555556	0.00914444444444
0.05035724	0.006920826	0.0898666666667	0.00883333333333
0.03947557	0.008897196	0.0898666666667	0.00883333333333
0.05189194	0.004188592	0.0924511111111	0.00918888888889
0.05396992	0.005620414	0.0925944444444	0.00925555555556
0.04410391	0.006445451	0.0883688888889	0.00881111111111
0.05226394	0.003905889	0.0849777777778	0.00922222222222
0.04997439	0.005735814	0.0850488888889	0.00961111111111
0.05559856	0.004622412	0.0909	0.0089
0.04756168	0.005243162	0.08581	0.0098
0.04500773	0.004000934	0.0908111111111	0.00888888888889
0.04607716	0.003210136	0.0908111111111	0.00888888888889
0.03712017	0.004659731	0.0908111111111	0.00888888888889
0.05044623	0.005123092	0.0881311111111	0.00998888888889
0.05350806	0.003500631	0.0847688888889	0.00941111111111
0.04961687	0.004577965	0.0847866666667	0.00933333333333
0.04728221	0.007431915	0.0851666666667	0.00913333333333
0.05279599	0.005295963	0.0888	0.0088
0.05333474	0.006207075	0.0872355555556	0.00884444444444
0.03231007	0.005985348	0.0886	0.01
0.05912729	0.006563388	0.0914655555556	0.00984444444444
0.0502596	0.00510805	0.0847555555556	0.00934444444444
0.05336672	0.005666726	0.0913844444444	0.00985555555556
0.05519146	0.004064397	0.0895888888889	0.00881111111111
0.05449564	0.00453052	0.0874033333333	0.00996666666667
0.04709294	0.006043949	0.0850433333333	0.00916666666667
0.05179328	0.006195728	0.0851777777778	0.00912222222222
0.05547585	0.004134068	0.0920244444444	0.00975555555556
0.05182652	0.004502739	0.0927222222222	0.00927777777778
0.04251231	0.003871832	0.0899577777778	0.00882222222222
0.04360916	0.004695746	0.0862777777778	0.00892222222222
0.04558043	0.005862076	0.0899822222222	0.00997777777778
0.05298745	0.003962905	0.08933	0.01
0.05247657	0.003696671	0.0921244444444	0.00905555555556
0.04912995	0.001973467	0.0915555555556	0.00984444444444
0.04579417	0.005715414	0.0849522222222	0.00917777777778
0.04402625	0.002783608	0.0865111111111	0.00888888888889
0.04060372	0.003448535	0.0866222222222	0.00887777777778
0.05588258	0.002934287	0.0898888888889	0.00881111111111
0.04739138	0.004330831	0.0896	0.01
0.03357129	0.005108227	0.0850666666667	0.00913333333333
0.05255888	0.003363093	0.0926111111111	0.00918888888889
0.04862574	0.004565912	0.0855222222222	0.00977777777778
0.04784268	0.004525874	0.0868444444444	0.00885555555556
0.04216755	0.007163383	0.0856888888889	0.00981111111111
0.03848657	0.005838003	0.0852011111111	0.00908888888889
0.04551977	0.007502777	0.0916255555556	0.00984444444444
0.05369481	0.004084191	0.0928666666667	0.00933333333333
0.05119423	0.004094294	0.0921444444444	0.00975555555556
0.05857516	0.004749364	0.0924777777778	0.00912222222222
0.04969805	0.006977992	0.0880111111111	0.00878888888889
0.04332631	0.002480516	0.0885222222222	0.00877777777778
0.03944222	0.004098728	0.0849555555556	0.00914444444444
0.05077239	0.004014155	0.0879088888889	0.0100111111111
0.05586315	0.00332661	0.0896111111111	0.00878888888889
0.05415776	0.005437715	0.0878711111111	0.00878888888889
0.05418067	0.004743749	0.0892222222222	0.00877777777778
0.05047723	0.003637207	0.0905666666667	0.00883333333333
0.05570685	0.004277726	0.0871077777778	0.00882222222222
0.05261613	0.00415466	0.0911177777778	0.00992222222222
0.05589478	0.005191312	0.0916744444444	0.00985555555556
0.05577911	0.006713869	0.0922444444444	0.00975555555556
0.03830868	0.003997134	0.0848333333333	0.00916666666667
0.03926323	0.005232263	0.0848022222222	0.00917777777778
0.0423005	0.00680625	0.08617	0.0089
0.05705381	0.004592995	0.0910366666667	0.00993333333333
0.03661691	0.006046739	0.0860688888889	0.00891111111111
0.05474744	0.005411625	0.0919177777778	0.00982222222222
0.05110972	0.004519218	0.0887333333333	0.00876666666667
0.04602774	0.005052348	0.0846066666667	0.00953333333333
0.04663064	0.005499117	0.0910666666667	0.00993333333333
0.04514518	0.005349494	0.0847777777778	0.00962222222222
0.03917414	0.005156231	0.0921777777778	0.00902222222222
0.03311657	0.006916933	0.09018	0.0088
0.0527081	0.003773461	0.0883133333333	0.00876666666667
0.04376717	0.004113944	0.085	0.0097
0.04976438	0.00719926	0.0908544444444	0.00995555555556
0.03826826	0.004559198	0.0908555555556	0.00884444444444
0.05002207	0.006217853	0.0897222222222	0.00877777777778
0.04672623	0.003706819	0.0921	0.009
0.05473825	0.003709162	0.0910144444444	0.00885555555556
0.03631139	0.006227488	0.0900888888889	0.0100111111111
0.05346082	0.005374048	0.09306	0.0094
0.05048362	0.005303495	0.08467	0.0096
0.05878825	0.004052028	0.0910555555556	0.00994444444444
0.04628045	0.005506492	0.0872	0.0088
0.05094044	0.003593469	0.0872	0.0088
0.05328581	0.004227151	0.0870111111111	0.00998888888889
0.04751551	0.004199661	0.0851155555556	0.00974444444444
0.05154942	0.006056793	0.0888555555556	0.0100444444444
0.04810454	0.005545705	0.0928888888889	0.00921111111111
0.05643757	0.00397761	0.0920888888889	0.00981111111111
0.04172814	0.006672819	0.0847333333333	0.00916666666667
0.05227157	0.003255424	0.0890555555556	0.0100444444444
0.04547403	0.006181071	0.0914111111111	0.00888888888889
0.04881093	0.005254527	0.0875522222222	0.00877777777778
0.04700755	0.004803277	0.08712	0.0088
0.04103352	0.005137101	0.0844222222222	0.00937777777778
0.05047716	0.003714015	0.0882555555556	0.0100444444444
0.04715368	0.004896097	0.0918555555556	0.00894444444444
0.03710608	0.005610909	0.0846777777778	0.00962222222222
0.03835583	0.008012352	0.0866333333333	0.00996666666667
0.04877467	0.005136464	0.0882055555556	0.0100444444444
0.05459386	0.003733084	0.0930166666667	0.00953333333333
0.03614135	0.005748565	0.0856555555556	0.00894444444444
0.05050986	0.004738148	0.0911444444444	0.00885555555556
0.05804053	0.005666671	0.0931222222222	0.00937777777778
0.04009597	0.006271664	0.0867277777778	0.00882222222222
0.05951582	0.003613637	0.0923222222222	0.00977777777778
0.04702492	0.001919486	0.0917377777778	0.00892222222222
0.05000204	0.004165898	0.0917377777778	0.00892222222222
0.04406424	0.006908752	0.0930577777778	0.00952222222222
0.05281867	0.005196859	0.0851333333333	0.00976666666667
0.05194029	0.004156217	0.0908222222222	0.00997777777778
0.04056381	0.006026295	0.0846111111111	0.00918888888889
0.04658023	0.0038119	0.0895444444444	0.00875555555556
0.05638628	0.005229477	0.0922888888889	0.00901111111111
0.04660135	0.003481716	0.0909733333333	0.00996666666667
0.04817466	0.004024806	0.0889555555556	0.00874444444444
0.04410153	0.005852872	0.0866777777778	0.00882222222222
0.06068246	0.004604963	0.0931111111111	0.00948888888889
0.05089094	0.005275304	0.0919944444444	0.00895555555556
0.05085099	0.004282517	0.0923577777778	0.00902222222222
0.04037272	0.003814477	0.0843666666667	0.00943333333333
0.04291417	0.005938758	0.0852088888889	0.00901111111111
0.04537591	0.004120949	0.0845411111111	0.00958888888889
0.02941382	0.007918717	0.0873222222222	0.00877777777778
0.04386197	0.005677035	0.0843644444444	0.00945555555556
0.05650094	0.004986274	0.0923777777778	0.00902222222222
0.04248212	0.004876341	0.0866222222222	0.00997777777778
0.05061304	0.004367809	0.0929488888889	0.00961111111111
0.04322368	0.007285651	0.0862444444444	0.00885555555556
0.04740274	0.002687597	0.0851222222222	0.00977777777778
0.05427045	0.005032131	0.0851222222222	0.00977777777778
0.04828832	0.005185325	0.09314	0.0095
0.05552513	0.003217162	0.0843333333333	0.00936666666667
0.0423774	0.006933354	0.0845777777778	0.00962222222222
0.06339788	0.004696903	0.0932	0.0094
0.05254805	0.005003073	0.0925555555556	0.00974444444444
0.04388725	0.006341151	0.0894744444444	0.0100555555556
0.04163849	0.007104597	0.0870111111111	0.00878888888889
0.04182081	0.004190381	0.0916111111111	0.00888888888889
0.04324225	0.007134998	0.0909777777778	0.00882222222222
0.05370572	0.003893368	0.0895555555556	0.00874444444444
0.05434134	0.006066485	0.0887666666667	0.00873333333333
0.0418355	0.002529935	0.0854344444444	0.00895555555556
0.04632431	0.004539228	0.0865222222222	0.00997777777778
0.04783152	0.009382914	0.0890133333333	0.0100666666667
0.05501498	0.004269433	0.0915677777778	0.00992222222222
0.03903986	0.005271737	0.0904222222222	0.00877777777778
0.04445656	0.005021147	0.0852777777778	0.00982222222222
0.04168706	0.004983378	0.0842777777778	0.00942222222222
0.05263061	0.003590676	0.0915777777778	0.00992222222222
0.05027237	0.003558399	0.08427	0.0094
0.04007236	0.005130724	0.08432	0.0095
0.05564084	0.001727924	0.0932333333333	0.00946666666667
0.05242617	0.00537644	0.0900555555556	0.0100444444444
0.05081106	0.004896534	0.0858311111111	0.00888888888889
0.0597479	0.005192347	0.0893733333333	0.0100666666667
0.04023735	0.00454088	0.0855777777778	0.00892222222222
0.04968439	0.004800703	0.0846133333333	0.00966666666667
0.05038625	0.007057735	0.0850177777778	0.00902222222222
0.04190475	0.00541598	0.0931555555556	0.00924444444444
0.06043773	0.003716796	0.0918	0.0099
0.04762016	0.003746808	0.0932655555556	0.00934444444444
0.04514275	0.004784676	0.0898555555556	0.00874444444444
0.04212554	0.002882822	0.0844777777778	0.00962222222222
0.04376	0.006315027	0.0857	0.0089
0.0467145	0.008936664	0.0919777777778	0.00892222222222
0.04506406	0.003518684	0.0886222222222	0.0100777777778
0.05537125	0.005599038	0.0848955555556	0.00904444444444
0.04684445	0.005141423	0.0889222222222	0.0100777777778
0.04858192	0.003777582	0.0871333333333	0.00876666666667
0.04934717	0.004262943	0.0890777777778	0.00872222222222
0.0205659	0.005684326	0.0851777777778	0.00982222222222
0.06017422	0.004664969	0.0900155555556	0.00874444444444
0.05695756	0.004747373	0.0930777777778	0.00962222222222
0.052135	0.006796627	0.0893022222222	0.0100777777778
0.04668808	0.002979392	0.0900355555556	0.00874444444444
0.04557418	0.00450246	0.0872444444444	0.00875555555556
0.0455855	0.004161353	0.0844111111111	0.00918888888889
0.04526194	0.003867219	0.0844111111111	0.00918888888889
0.04876119	0.007497273	0.0855488888889	0.00891111111111
0.04777109	0.004329607	0.0926333333333	0.00976666666667
0.05071176	0.004117187	0.0841755555556	0.00944444444444
0.05265338	0.003574051	0.0901555555556	0.00874444444444
0.04610404	0.007021586	0.09332	0.0093
0.05630346	0.005706209	0.0884911111111	0.0100888888889
0.04858922	0.005186946	0.0933777777778	0.00942222222222
0.03276089	0.00455507	0.0841422222222	0.00937777777778
0.0417454	0.004407809	0.0883888888889	0.00871111111111
0.04800404	0.003942576	0.0891888888889	0.00871111111111
0.05006249	0.0043818	0.0841577777778	0.00932222222222
0.0445483	0.005069302	0.0914333333333	0.00996666666667
0.05182269	0.00480082	0.08554	0.0099
0.05739176	0.004467571	0.0920611111111	0.00988888888889
0.05027637	0.00488939	0.0927555555556	0.00904444444444
0.049171	0.00517405	0.0909888888889	0.0100111111111
0.05861656	0.004906118	0.0857666666667	0.00993333333333
0.04994592	0.005295224	0.0898222222222	0.0100777777778
0.04162538	0.01073532	0.0844877777778	0.00912222222222
0.05391099	0.005939917	0.0894488888889	0.00871111111111
0.05219503	0.006080148	0.0927233333333	0.00976666666667
0.05556257	0.005199665	0.0931777777778	0.00962222222222
0.05082386	0.004362484	0.0931777777778	0.00962222222222
0.05571019	0.005283777	0.0842333333333	0.00956666666667
0.04115314	0.004024766	0.09297	0.0091
0.05134245	0.006099788	0.0929022222222	0.00907777777778
0.06543738	0.004132324	0.0932111111111	0.00918888888889
0.04851129	0.003092115	0.0934244444444	0.00945555555556
0.04768748	0.005959464	0.0873333333333	0.0100666666667
0.03943773	0.006192111	0.0901933333333	0.0100666666667
0.04421371	0.005786516	0.0896111111111	0.0100888888889
0.03779807	0.004079419	0.0846333333333	0.00906666666667
0.04728459	0.002497924	0.0846333333333	0.00906666666667
0.04890939	0.003762292	0.093	0.0091
0.04457072	0.00437125	0.0910688888889	0.0100111111111
0.0482929	0.003977752	0.0840922222222	0.00947777777778
0.04855655	0.006411673	0.0902333333333	0.0100666666667
0.03151516	0.005202867	0.0933444444444	0.00955555555556
0.04604999	0.00351484	0.0841	0.0095
0.04306071	0.00595873	0.0934111111111	0.00928888888889
0.05511924	0.003434161	0.0852233333333	0.00986666666667
0.03921124	0.007563514	0.0931333333333	0.00966666666667
0.04862533	0.006130964	0.0921	0.0089
0.05673528	0.006250844	0.0898111111111	0.0100888888889
0.04798482	0.005277827	0.0905444444444	0.0100555555556
0.05335472	0.00512894	0.0858244444444	0.00995555555556
0.05172458	0.003693085	0.0849011111111	0.00898888888889
0.05172238	0.003788973	0.0934722222222	0.00947777777778
0.04786889	0.002495066	0.0873777777778	0.00872222222222
0.04381147	0.006090174	0.0935011111111	0.00938888888889
0.05021766	0.006277419	0.0898788888889	0.00871111111111
0.04032443	0.006089458	0.0922777777778	0.00892222222222
0.0493232	0.004120656	0.0846444444444	0.00975555555556
0.05854078	0.005994553	0.0855277777778	0.00992222222222
0.04846231	0.004431506	0.0843622222222	0.00967777777778
0.04476824	0.00686798	0.0906555555556	0.00874444444444
0.05278502	0.003355173	0.0857444444444	0.00995555555556
0.0583971	0.004452216	0.0908444444444	0.00875555555556
0.05445969	0.003299947	0.0845555555556	0.00974444444444
0.05279169	0.0039699	0.0911422222222	0.00877777777778
0.04472164	0.005339076	0.0923377777778	0.00892222222222
0.04382967	0.006679101	0.0842444444444	0.00915555555556
0.04831945	0.004790683	0.0845444444444	0.00905555555556
0.0379353	0.006109196	0.0839888888889	0.00931111111111
0.04883317	0.006199854	0.0922911111111	0.00988888888889
0.04648555	0.003640253	0.0863377777778	0.0100222222222
0.0490265	0.004613405	0.0934088888889	0.00921111111111
0.05704643	0.004549122	0.0935733333333	0.00936666666667
0.02510806	0.006306961	0.0862111111111	0.00878888888889
0.04798318	0.004619558	0.0913111111111	0.00878888888889
0.05513496	0.004695559	0.0930333333333	0.00906666666667
0.048152	0.003060464	0.0935755555556	0.00944444444444
0.05590184	0.007010659	0.0859711111111	0.00998888888889
0.04840301	0.002577114	0.0846888888889	0.00901111111111
0.05343453	0.003748043	0.0886222222222	0.00867777777778
0.04067901	0.003562907	0.0885277777778	0.0101222222222
0.05265634	0.004731247	0.0890577777778	0.0101222222222
0.04581086	0.004327541	0.0896888888889	0.0101111111111
0.04527336	0.00324787	0.0892822222222	0.00867777777778
0.04690524	0.004464684	0.0924222222222	0.00987777777778
0.03451408	0.005152811	0.0847	0.009
0.05058686	0.006844338	0.0872111111111	0.0100888888889
0.04541211	0.007137568	0.0936222222222	0.00937777777778
0.04648131	0.005052826	0.0935577777778	0.00952222222222
0.04769055	0.005487349	0.0866444444444	0.0100555555556
0.04770073	0.00652692	0.0923	0.0099
0.04321102	0.003514471	0.0838888888889	0.00941111111111
0.03216481	0.00706484	0.0893777777778	0.0101222222222
0.05126546	0.005781342	0.0861111111111	0.00878888888889
0.05399294	0.002234051	0.0911666666667	0.0100333333333
0.0493399	0.005594399	0.0933255555556	0.00914444444444
0.0525655	0.004903851	0.0854333333333	0.00886666666667
0.05009461	0.005983319	0.0910444444444	0.00875555555556
0.04393284	0.004292586	0.0876488888889	0.0101111111111
0.04882283	0.005122578	0.0845333333333	0.00976666666667
0.04371728	0.007087766	0.09285	0.0098
0.05502838	0.004395244	0.0913222222222	0.00877777777778
0.05219955	0.006267957	0.0928088888889	0.00981111111111
0.05153546	0.004475867	0.0935333333333	0.00956666666667
0.05694697	0.007178315	0.09158	0.0088
0.05344316	0.005161607	0.0887333333333	0.00866666666667
0.03506788	0.004413779	0.0855555555556	0.00884444444444
0.04731899	0.00371111	0.0935222222222	0.00957777777778
0.04860642	0.006103986	0.0886233333333	0.00866666666667
0.04685736	0.006309515	0.0867033333333	0.0100666666667
0.04755975	0.005706561	0.0922888888889	0.00991111111111
0.04795809	0.004103812	0.0909944444444	0.0100555555556
0.04862295	0.003270044	0.0906777777778	0.00872222222222
0.0420727	0.003169387	0.0838711111111	0.00948888888889
0.05351504	0.00404387	0.0863555555556	0.0100444444444
0.04426732	0.007123346	0.0863544444444	0.00875555555556
0.05955673	0.003810263	0.0877377777778	0.0101222222222
0.05829665	0.00427159	0.0881666666667	0.0101333333333
0.04526024	0.004642166	0.0877222222222	0.00867777777778
0.05825072	0.004009922	0.0867722222222	0.0100777777778
0.04310901	0.005708872	0.0856622222222	0.00997777777778
0.05048534	0.004002934	0.0936333333333	0.00926666666667
0.05134177	0.00471155	0.0840111111111	0.00918888888889
0.05261563	0.00574388	0.0849133333333	0.00986666666667
0.05364804	0.005944983	0.0928888888889	0.00981111111111
0.05174283	0.005303638	0.0909333333333	0.0100666666667
0.04949742	0.003782383	0.0933	0.0091
0.04620606	0.006763426	0.09168	0.01
0.05536848	0.006032212	0.0838622222222	0.00927777777778
0.05214247	0.004310707	0.0875777777778	0.0101222222222
0.04475723	0.005137932	0.0879333333333	0.00866666666667
0.04648294	0.005387323	0.0887444444444	0.00865555555556
0.03492316	0.004542306	0.0887044444444	0.00865555555556
0.05325665	0.005208671	0.0922466666667	0.00993333333333
0.05719059	0.004441508	0.0884444444444	0.00865555555556
0.0525052	0.004698359	0.0848044444444	0.00985555555556
0.05407362	0.005816116	0.0858888888889	0.0100111111111
0.0551906	0.003946793	0.0859922222222	0.00877777777778
0.05250623	0.004769907	0.0914133333333	0.00876666666667
0.05015464	0.004936766	0.0851111111111	0.00888888888889
0.03888616	0.005906748	0.08504	0.0089
0.03814049	0.004184151	0.087	0.0087
0.05393684	0.00468923	0.0903111111111	0.00868888888889
0.03969564	0.002928483	0.0837666666667	0.00933333333333
0.04897866	0.004379615	0.0881444444444	0.00865555555556
0.04783554	0.004436255	0.0909222222222	0.0100777777778
0.03469712	0.008680843	0.0915777777778	0.0100222222222
0.04488686	0.007247747	0.0927033333333	0.00986666666667
0.05108171	0.00293905	0.0843666666667	0.00903333333333
0.04601774	0.004362862	0.0921555555556	0.00884444444444
0.04024203	0.007856823	0.0935255555556	0.00964444444444
0.05003679	0.006257764	0.0931666666667	0.00903333333333
0.04909314	0.008139695	0.0856111111111	0.00998888888889
0.04414138	0.00613706	0.0930888888889	0.00901111111111
0.02225269	0.006955568	0.0852555555556	0.00994444444444
0.0387896	0.009970091	0.0855022222222	0.00997777777778
0.0449538	0.002764522	0.0889355555556	0.00864444444444
0.04177039	0.007081104	0.0837277777778	0.00932222222222
0.04509705	0.006777691	0.0936777777778	0.00922222222222
0.04314363	0.005382151	0.0904888888889	0.0101111111111
0.04437859	0.005468902	0.0928055555556	0.00894444444444
0.05614643	0.004526029	0.0916577777778	0.0100222222222
0.04786973	0.002518015	0.0933888888889	0.00971111111111
0.06391576	0.006469386	0.09366	0.0096
0.04317037	0.006698606	0.0846955555556	0.00894444444444
0.05950801	0.0039035	0.0921466666667	0.00883333333333
0.05108231	0.004676636	0.0839933333333	0.00966666666667
0.06323022	0.006143869	0.0933777777778	0.00972222222222
0.05873007	0.008354622	0.0931	0.009
0.04026246	0.007478134	0.0861555555556	0.00874444444444
0.04532117	0.004340735	0.0838777777778	0.00962222222222
0.05397605	0.007647598	0.0865688888889	0.00871111111111
0.04914135	0.005388285	0.09192	0.01
0.03744707	0.005636452	0.0937111111111	0.00958888888889
0.05269083	0.005601447	0.0862666666667	0.00873333333333
0.04480247	0.005004158	0.08406	0.0091
0.04288052	0.007464222	0.0864022222222	0.0100777777778
0.04117841	0.00660216	0.0935222222222	0.00967777777778
0.0460776	0.002655502	0.0926888888889	0.00891111111111
0.04719298	0.004663534	0.0927522222222	0.00987777777778
0.04807855	0.003489306	0.0936333333333	0.00916666666667
0.0562712	0.006287	0.0906488888889	0.0101111111111
0.04972929	0.004902187	0.0938777777778	0.00942222222222
0.05207467	0.005408404	0.0936144444444	0.00915555555556
0.05152769	0.003800693	0.09264	0.0099
0.0459282	0.00279558	0.0938666666667	0.00933333333333
0.05385616	0.005653156	0.0938666666667	0.00933333333333
0.05543616	0.005853098	0.0887733333333	0.0101666666667
0.04914998	0.005241906	0.0933444444444	0.00905555555556
0.05116469	0.00457413	0.0933555555556	0.00974444444444
0.04766992	0.006705796	0.0891066666667	0.00863333333333
0.05005877	0.007071398	0.0891133333333	0.0101666666667
0.0541462	0.004361655	0.0836488888889	0.00931111111111
0.04721194	0.005364823	0.0838111111111	0.00918888888889
0.05902281	0.005103557	0.0936666666667	0.00963333333333
0.05757383	0.007252711	0.0897555555556	0.00864444444444
0.05918283	0.006717761	0.08553	0.01
0.04792254	0.004202026	0.0843111111111	0.00978888888889
0.0484362	0.006295925	0.0912222222222	0.0100777777778
0.04838679	0.004399698	0.0932677777778	0.00902222222222
0.05062454	0.006633728	0.0914944444444	0.0100555555556
0.04474508	0.004926802	0.0898444444444	0.0101555555556
0.03863389	0.004345922	0.0846333333333	0.00986666666667
0.0438047	0.002722769	0.0835844444444	0.00935555555556
0.04710271	0.006180994	0.0848	0.0099
0.05479739	0.003920191	0.0938911111111	0.00928888888889
0.04849079	0.005572298	0.0853888888889	0.00881111111111
0.04000641	0.004965584	0.0934777777778	0.00972222222222
0.04294661	0.006518929	0.0850644444444	0.00885555555556
0.04970015	0.006425577	0.0868577777778	0.0101222222222
0.04060999	0.006930893	0.08374	0.0096
0.04136075	0.004833378	0.0902444444444	0.00865555555556
0.05165648	0.004807233	0.0906777777778	0.0101222222222
0.04500324	0.007477637	0.0865	0.0087
0.04172419	0.005204395	0.0915555555556	0.00874444444444
0.05222645	0.00426143	0.0857333333333	0.00876666666667
0.04488842	0.004172889	0.0849666666667	0.00993333333333
0.05871029	0.003960371	0.0896666666667	0.00863333333333
0.05493657	0.005574344	0.0835666666667	0.00933333333333
0.05758673	0.004310586	0.0900355555556	0.00864444444444
0.04339625	0.008082148	0.0938	0.0092
0.05082921	0.009255002	0.09276	0.0099
0.0353186	0.005092597	0.0835555555556	0.00934444444444
0.05753336	0.004103515	0.0933666666667	0.00903333333333
0.05796645	0.004466214	0.0883377777778	0.00862222222222
0.05220927	0.004530654	0.0881777777778	0.00862222222222
0.06212491	0.006677689	0.0936866666667	0.00913333333333
0.03958177	0.007769021	0.0844444444444	0.00895555555556
0.04625475	0.00563668	0.0901444444444	0.0101555555556
0.03600177	0.005756506	0.0939488888889	0.00951111111111
0.05134427	0.003063143	0.0901555555556	0.00864444444444
0.05210913	0.004824689	0.0931333333333	0.00896666666667
0.04436312	0.006648235	0.0840444444444	0.00905555555556
0.05377751	0.005229901	0.0924655555556	0.00884444444444
0.04493573	0.002362431	0.0837222222222	0.00917777777778
0.05592978	0.005749755	0.0899333333333	0.0101666666667
0.05915497	0.005018514	0.0835133333333	0.00946666666667
0.03625565	0.003635235	0.0875666666667	0.00863333333333
0.05308137	0.005770533	0.09386	0.0096
0.04717868	0.006970061	0.0905055555556	0.0101444444444
0.05323501	0.004348553	0.0896777777778	0.00862222222222
0.0385239	0.003894263	0.0920222222222	0.00877777777778
0.05313639	0.004551861	0.0848533333333	0.00886666666667
0.04357852	0.005587225	0.0897277777778	0.00862222222222
0.04684656	0.006902517	0.0903344444444	0.0101555555556
0.04946455	0.006561677	0.0836777777778	0.00962222222222
0.04424846	0.003441698	0.0934222222222	0.00977777777778
0.04696502	0.004890292	0.0882111111111	0.0101888888889
0.05284672	0.006405322	0.0844666666667	0.00893333333333
0.05658605	0.005848813	0.0917555555556	0.00874444444444
0.03994521	0.006226881	0.0838111111111	0.00968888888889
0.04536112	0.005481933	0.0838711111111	0.00908888888889
0.03132979	0.008158425	0.0904055555556	0.00864444444444
0.04936741	0.004665132	0.0857555555556	0.00874444444444
0.05356129	0.00274683	0.0834555555556	0.00934444444444
0.04926598	0.003249869	0.0933111111111	0.00898888888889
0.03800495	0.008125897	0.0836666666667	0.00963333333333
0.04870137	0.003507525	0.0894888888889	0.00861111111111
0.04633133	0.005724172	0.0880288888889	0.00861111111111
0.03338058	0.006373004	0.0934111111111	0.00978888888889
0.03889973	0.005752165	0.0917955555556	0.00874444444444
0.05710505	0.00390393	0.0910277777778	0.0101222222222
0.05327914	0.004408223	0.0895688888889	0.00861111111111
0.04662565	0.006586524	0.0842277777778	0.00982222222222
0.0302821	0.007129612	0.0911911111111	0.00868888888889
0.04585083	0.003832229	0.0842222222222	0.00897777777778
0.05079103	0.002385171	0.0922111111111	0.00878888888889
0.04907116	0.004297245	0.0941111111111	0.00938888888889
0.05913583	0.004290478	0.0920333333333	0.00876666666667
0.04428403	0.003568173	0.08852	0.0102
0.02709874	0.005799913	0.08846	0.0102
0.03565999	0.008944483	0.0909333333333	0.00866666666667
0.04766704	0.002344094	0.0865833333333	0.00866666666667
0.04225274	0.002445379	0.0864222222222	0.00867777777778
0.04758661	0.002300162	0.0864222222222	0.00867777777778
0.04991296	0.004744286	0.09374	0.0097
0.05192984	0.006465341	0.0911022222222	0.00867777777778
0.03970175	0.004299252	0.0924088888889	0.00881111111111
0.04704781	0.003664201	0.0937111111111	0.00908888888889
0.04797704	0.005214897	0.0869444444444	0.0101555555556
0.04606367	0.009707142	0.0930777777778	0.00892222222222
0.04606583	0.005485972	0.0859888888889	0.00871111111111
0.04971729	0.005645873	0.08611	0.0101
0.04847326	0.004501092	0.0940555555556	0.00954444444444
0.05243705	0.003618285	0.0927933333333	0.00886666666667
0.0529294	0.004104283	0.0840022222222	0.00977777777778
0.05262136	0.007018122	0.0898888888889	0.00861111111111
0.04504593	0.004554617	0.0913111111111	0.00868888888889
0.04639169	0.003829943	0.0938111111111	0.00968888888889
0.0437081	0.005165509	0.0846933333333	0.00886666666667
0.05972354	0.005471903	0.0939888888889	0.00961111111111
0.04523622	0.00299791	0.0845	0.0089
0.04156075	0.004788071	0.0868144444444	0.0101555555556
0.04902046	0.004198181	0.0852822222222	0.00877777777778
0.05259454	0.006418799	0.08788	0.0086
0.04893054	0.004264371	0.0919555555556	0.00874444444444
0.06116788	0.005387324	0.0888111111111	0.00858888888889
0.03738171	0.003662493	0.0941888888889	0.00941111111111
0.04632038	0.008273399	0.0885988888889	0.0102111111111
0.05550346	0.008195108	0.0909244444444	0.00865555555556
0.05644671	0.004836434	0.0838066666667	0.00973333333333
0.06540967	0.005915553	0.0926533333333	0.00996666666667
0.05597931	0.009022315	0.0871777777778	0.00862222222222
0.04291968	0.005340713	0.0833222222222	0.00937777777778
0.04450818	0.007750858	0.0851688888889	0.0100111111111
0.04401823	0.003350461	0.0937888888889	0.00971111111111
0.05042863	0.003503268	0.0891888888889	0.0102111111111
0.03172789	0.005317662	0.0941866666667	0.00933333333333
0.03875008	0.007904833	0.0842444444444	0.00985555555556
0.03922196	0.00600559	0.0834588888889	0.00921111111111
0.06813175	0.005368925	0.0926866666667	0.00883333333333
0.05095726	0.004525514	0.0843888888889	0.00891111111111
0.05492879	0.004995317	0.0941888888889	0.00931111111111
0.03411992	0.004505323	0.0868833333333	0.0101666666667
0.0397656	0.00618246	0.0894111111111	0.00858888888889
0.0504869	0.006359546	0.09158	0.0101
0.04811319	0.004069477	0.0927033333333	0.00996666666667
0.061295	0.004617487	0.0939333333333	0.00966666666667
0.03602548	0.003793899	0.0835133333333	0.00916666666667
