root_height	pop_size	pi_net	pi_within
0.1043995	0.003472825	0.155506666667	0.0106333333333
0.0898764	0.007067652	0.155784444444	0.0107555555556
0.0823106	0.00515084	0.154922222222	0.0105777777778
0.09185765	0.003720978	0.155707777778	0.0105222222222
0.08528228	0.006607181	0.154648888889	0.0106111111111
0.08005975	0.004959239	0.154853333333	0.0107666666667
0.08317227	0.007225179	0.156455555556	0.0105444444444
0.08979453	0.008075935	0.154911111111	0.0107888888889
0.08662998	0.005961195	0.15472	0.0105
0.08862402	0.006097748	0.15638	0.0108
0.0652999	0.006393213	0.156815555556	0.0105444444444
0.09204346	0.005089534	0.154744444444	0.0104555555556
0.08041411	0.006093029	0.157104444444	0.0106555555556
0.09077191	0.0045918	0.154533333333	0.0104666666667
0.08269099	0.005622927	0.154596666667	0.0108333333333
0.09113459	0.003868538	0.154933333333	0.0108666666667
0.09520328	0.003887636	0.157311111111	0.0106888888889
0.08197648	0.004052817	0.154148888889	0.0108111111111
0.06094535	0.007947562	0.155288888889	0.0109111111111
0.086986	0.004720174	0.157012222222	0.0104777777778
0.07664835	0.00563351	0.157273333333	0.0107666666667
0.06579952	0.00717351	0.156688888889	0.0104111111111
0.07845908	0.004595143	0.154322222222	0.0108777777778
0.04099017	0.009170699	0.157528888889	0.0107111111111
0.08641002	0.005558228	0.155355555556	0.0103444444444
0.06720911	0.00486162	0.156413333333	0.0103666666667
0.08110291	0.003493252	0.157477777778	0.0105222222222
0.08479508	0.005804939	0.157333333333	0.0104666666667
0.07512445	0.00603967	0.1534	0.0106
0.08747823	0.00616393	0.156073333333	0.0109666666667
0.07736922	0.004575655	0.153667777778	0.0108222222222
0.08067769	0.008666256	0.153633333333	0.0104666666667
0.0926594	0.004508246	0.156864444444	0.0103555555556
0.07209015	0.00641212	0.156944444444	0.0103555555556
0.05096964	0.005634898	0.157866666667	0.0105333333333
0.08441528	0.006706763	0.15511	0.011
0.0701047	0.005040277	0.153177777778	0.0107222222222
0.08662959	0.005595508	0.153144444444	0.0107555555556
0.09149948	0.008230823	0.153364444444	0.0104555555556
0.08663485	0.005298273	0.154833333333	0.0102666666667
0.08657029	0.005576835	0.153511111111	0.0103888888889
0.08182957	0.00444664	0.158028888889	0.0108111111111
0.06651869	0.004588655	0.154022222222	0.0109777777778
0.08431039	0.006236298	0.157486666667	0.0109333333333
0.1010914	0.00368055	0.15706	0.0103
0.09794589	0.003482258	0.154061111111	0.0109888888889
0.08286427	0.006331378	0.153793333333	0.0109666666667
0.08359511	0.002513656	0.158333333333	0.0105666666667
0.09564372	0.004137314	0.152846666667	0.0105333333333
0.0875558	0.004423849	0.152833333333	0.0107666666667
0.08010858	0.005715901	0.152753333333	0.0105666666667
0.09788166	0.004494726	0.152744444444	0.0105555555556
0.07754134	0.007307893	0.158441111111	0.0106888888889
0.08145177	0.007735751	0.152893333333	0.0104666666667
0.09579422	0.007032078	0.15283	0.0108
0.08621165	0.004421076	0.15278	0.0105
0.09189216	0.005283584	0.157744444444	0.0109555555556
0.08533487	0.004455303	0.158552222222	0.0105777777778
0.06266101	0.008839269	0.152536666667	0.0106333333333
0.07806795	0.00491562	0.156211111111	0.0110888888889
0.09054815	0.005748611	0.152523333333	0.0106666666667
0.08597383	0.005875952	0.153255555556	0.0103444444444
0.07037946	0.003610335	0.156088888889	0.0111111111111
0.07632989	0.005610313	0.156088888889	0.0111111111111
0.07777607	0.0067653	0.154222222222	0.0110777777778
0.0702043	0.004054137	0.155477777778	0.0111222222222
0.08366601	0.005141201	0.156601111111	0.0101888888889
0.08619467	0.005669236	0.157544444444	0.0102555555556
0.07034213	0.004967297	0.152513333333	0.0104666666667
0.09595764	0.00476823	0.152955555556	0.0103444444444
0.08453688	0.005159657	0.154944444444	0.0101555555556
0.07580887	0.005888486	0.157666666667	0.0110333333333
0.09127134	0.005802061	0.158884444444	0.0105555555556
0.08178781	0.005825317	0.158968888889	0.0106111111111
0.08460241	0.003181616	0.1581	0.0103
0.09452958	0.009781998	0.154605555556	0.0111444444444
0.08401465	0.004445671	0.155697777778	0.0101222222222
0.09074913	0.006031981	0.155713333333	0.0111666666667
0.077124	0.008490913	0.155327777778	0.0101222222222
0.08902707	0.00501058	0.158888888889	0.0108111111111
0.09286121	0.005452495	0.153255555556	0.0110444444444
0.08513855	0.007145619	0.152122222222	0.0107777777778
0.0864963	0.006295823	0.153611111111	0.0110888888889
0.08530926	0.004756244	0.155528888889	0.0101111111111
0.08514628	0.004481575	0.158137777778	0.0110222222222
0.082871	0.008807386	0.158751111111	0.0103888888889
0.09340957	0.007756542	0.156746666667	0.0101333333333
0.07973639	0.006731569	0.1523	0.0104
0.06967461	0.007757152	0.154911111111	0.0111888888889
0.09294717	0.004108985	0.152008888889	0.0108111111111
0.07667924	0.006880026	0.158422222222	0.0102777777778
0.08391289	0.00482062	0.151833333333	0.0105666666667
0.09047862	0.007696882	0.156088888889	0.0112111111111
0.07720924	0.004572917	0.159251111111	0.0104888888889
0.06729468	0.008733612	0.156322222222	0.0100777777778
0.08661544	0.006663631	0.153444444444	0.0101555555556
0.08335529	0.00494973	0.153888888889	0.0101111111111
0.090493	0.008180986	0.155366666667	0.0112333333333
0.09700554	0.004865711	0.155266666667	0.0112333333333
0.08749224	0.004745946	0.153237777778	0.0111222222222
0.08677693	0.005079668	0.159538888889	0.0106111111111
0.07836728	0.004868073	0.156206666667	0.0112333333333
0.08434988	0.005423605	0.153891111111	0.0111888888889
0.09628187	0.00338287	0.157966666667	0.0111333333333
0.1036442	0.004175763	0.15288	0.0111
0.09202449	0.004617346	0.159541111111	0.0104888888889
0.09027067	0.005840461	0.153902222222	0.0100777777778
0.08546294	0.004233407	0.151444444444	0.0105555555556
0.09256317	0.004049878	0.155433333333	0.0112666666667
0.08865081	0.006111285	0.155873333333	0.0112666666667
0.08725315	0.006094249	0.151435555556	0.0105444444444
0.08351676	0.004976907	0.151977777778	0.0103222222222
0.07098135	0.00598701	0.155077777778	0.0100222222222
0.09080551	0.006141787	0.153134444444	0.0111555555556
0.07568345	0.005439161	0.158744444444	0.0110555555556
0.08811047	0.006407575	0.152641111111	0.0101888888889
0.08444492	0.005590391	0.157842222222	0.0111777777778
0.09590905	0.005233691	0.152955555556	0.0101444444444
0.09653527	0.004462016	0.159764444444	0.0107555555556
0.1031339	0.007293647	0.152744444444	0.0101555555556
0.06339727	0.006480088	0.153915555556	0.0112444444444
0.08988447	0.004482198	0.159211111111	0.0102888888889
0.07956095	0.006787356	0.151685555556	0.0109444444444
0.07210523	0.009929175	0.153944444444	0.0112555555556
0.08400531	0.005595858	0.155211111111	0.00998888888889
0.07902771	0.006248822	0.152887777778	0.0101222222222
0.09344238	0.005183483	0.154511111111	0.0112888888889
0.09572036	0.007239363	0.153655555556	0.0112444444444
0.0795002	0.003738641	0.159237777778	0.0110222222222
0.07696349	0.006677893	0.15306	0.0112
0.08455793	0.006802853	0.15434	0.01
0.08894065	0.007465542	0.153366666667	0.0112333333333
0.08447082	0.007556583	0.153644444444	0.0112555555556
0.09112181	0.005681052	0.157	0.01
0.082665	0.004144179	0.151028888889	0.0107111111111
0.07585804	0.005438757	0.157626666667	0.0100333333333
0.07146159	0.008466689	0.151072222222	0.0107777777778
0.08886252	0.006604496	0.160077777778	0.0105222222222
0.09316824	0.004905617	0.156941111111	0.00998888888889
0.05594984	0.005945555	0.154422222222	0.00997777777778
0.06935423	0.008346675	0.151222222222	0.0108777777778
0.08588924	0.008260101	0.152355555556	0.0101444444444
0.07945641	0.005422611	0.15199	0.0102
0.06714812	0.007292064	0.150966666667	0.0105333333333
0.08245081	0.005639941	0.158203333333	0.0100666666667
0.07185906	0.006127122	0.15118	0.0104
0.09322835	0.004723383	0.153931111111	0.00998888888889
0.09401328	0.003796572	0.150968888889	0.0105111111111
0.1017405	0.00499053	0.158322222222	0.0100777777778
0.09139108	0.005354768	0.158855555556	0.0111444444444
0.08818	0.004313081	0.152336666667	0.0101333333333
0.09041048	0.004827119	0.154233333333	0.00996666666667
0.07350121	0.004125252	0.15148	0.011
0.08746784	0.005761655	0.156215555556	0.0113444444444
0.06174459	0.007354837	0.160282222222	0.0105777777778
0.09291102	0.006760325	0.151677777778	0.0102222222222
0.09005072	0.00577152	0.160224444444	0.0104555555556
0.07448799	0.00336848	0.160377777778	0.0107222222222
0.07951648	0.006063727	0.153087777778	0.0100222222222
0.07997232	0.003172169	0.152815555556	0.0112444444444
0.09519073	0.00455574	0.159811111111	0.0102888888889
0.07748483	0.004742088	0.150836666667	0.0108333333333
0.08546712	0.004499817	0.152644444444	0.0100555555556
0.08755358	0.00699899	0.151588888889	0.0102111111111
0.07416075	0.004070475	0.157085555556	0.00994444444444
0.07688755	0.006109455	0.155988888889	0.00991111111111
0.09109634	0.003825309	0.156557777778	0.00992222222222
0.07972733	0.005237754	0.159053333333	0.0111666666667
0.09398045	0.006968543	0.159623333333	0.0110666666667
0.0864384	0.006114121	0.160411111111	0.0104888888889
0.06314562	0.008762929	0.150938888889	0.0109111111111
0.06260434	0.007481732	0.151026666667	0.0103333333333
0.06467324	0.006527816	0.150822222222	0.0108777777778
0.08484504	0.004226772	0.15604	0.0099
0.08668987	0.006109307	0.150562222222	0.0106777777778
0.06901183	0.005564679	0.153966666667	0.00993333333333
0.07456299	0.004174393	0.160528888889	0.0105111111111
0.08822585	0.006041611	0.153665555556	0.00994444444444
0.07111859	0.0043106	0.153655555556	0.0113444444444
0.08844237	0.005235998	0.153122222222	0.00997777777778
0.09549453	0.006373298	0.15615	0.0114
0.06358586	0.009421866	0.152011111111	0.0111888888889
0.08075802	0.005176764	0.152158888889	0.0112111111111
0.08417559	0.003761059	0.160255555556	0.0103444444444
0.08144195	0.006700061	0.157466666667	0.00993333333333
0.06148379	0.004575613	0.151277777778	0.0102222222222
0.0801806	0.006861966	0.150411111111	0.0106888888889
0.06949297	0.007319191	0.157755555556	0.00994444444444
0.07416056	0.006461909	0.159647777778	0.0111222222222
0.08470433	0.003825793	0.152022222222	0.0100777777778
0.08099576	0.008279287	0.150344444444	0.0106555555556
0.07541304	0.006756893	0.159811111111	0.0101888888889
0.0838054	0.003809402	0.156133333333	0.00986666666667
0.08511467	0.006314887	0.15266	0.0113
0.07555009	0.008062397	0.150322222222	0.0105777777778
0.04961482	0.007724365	0.1538	0.0099
0.09753713	0.004625144	0.159411111111	0.0111888888889
0.09901958	0.006060847	0.157411111111	0.0113888888889
0.08009351	0.003892814	0.157431111111	0.0113888888889
0.08344034	0.00649413	0.159247777778	0.0112222222222
0.06502576	0.005558142	0.15023	0.0107
0.06455217	0.008929436	0.150177777778	0.0107222222222
0.07492682	0.004927769	0.151366666667	0.0101333333333
0.06846361	0.004277437	0.153917777778	0.0114222222222
0.09223816	0.003775395	0.152755555556	0.00994444444444
0.09839216	0.006119502	0.152755555556	0.0113444444444
0.07906259	0.003386159	0.151333333333	0.0111666666667
0.09945252	0.007475555	0.160768888889	0.0109111111111
0.08487028	0.006474418	0.151795555556	0.0112444444444
0.08441495	0.006594103	0.151411111111	0.0111888888889
0.0931639	0.006961363	0.161055555556	0.0105444444444
0.08170754	0.005902879	0.158624444444	0.00995555555556
0.07684586	0.003563858	0.150196666667	0.0104333333333
0.09762166	0.004258029	0.161124444444	0.0106555555556
0.06829162	0.01007001	0.153816666667	0.0114333333333
0.07614607	0.008285239	0.16022	0.0111
0.07528832	0.0055534	0.153533333333	0.00986666666667
0.0811105	0.003217251	0.149964444444	0.0106555555556
0.08167572	0.004244201	0.152566666667	0.00993333333333
0.05741521	0.007262738	0.15918	0.01
0.07947715	0.006379075	0.150933333333	0.0101666666667
0.064682	0.006974554	0.154044444444	0.0114555555556
0.09182785	0.0113619	0.154688888889	0.00981111111111
0.08048974	0.003477298	0.154612222222	0.0114777777778
0.08366884	0.003967667	0.152557777778	0.00992222222222
0.09484623	0.004697558	0.1584	0.0099
0.08076898	0.008882867	0.152998888889	0.0114111111111
0.09228149	0.004991323	0.157635555556	0.0114444444444
0.08190142	0.004536368	0.156942222222	0.0114777777778
0.09077199	0.004621453	0.150844444444	0.0101555555556
0.08078137	0.00568588	0.149897777778	0.0108222222222
0.08675213	0.006171677	0.152155555556	0.00994444444444
0.07427104	0.007449082	0.152155555556	0.0113444444444
0.09382735	0.004252478	0.161337777778	0.0107222222222
0.08640235	0.005166439	0.153335555556	0.00984444444444
0.0695595	0.009447676	0.149831111111	0.0107888888889
0.1052454	0.003612399	0.158702222222	0.0113777777778
0.07736724	0.003681274	0.1498	0.0108
0.08042404	0.004379659	0.161322222222	0.0104777777778
0.07885762	0.003569408	0.156502222222	0.00977777777778
0.08944668	0.00401408	0.158917777778	0.00992222222222
0.07710043	0.00498358	0.160611111111	0.0101888888889
0.08110935	0.006802853	0.149666666667	0.0106333333333
0.05867228	0.00882182	0.14974	0.0105
0.08651928	0.005751253	0.150377777778	0.0102222222222
0.08519331	0.006848778	0.157602222222	0.0114777777778
0.08633341	0.004166605	0.150255555556	0.0102444444444
0.06436953	0.004233256	0.150502222222	0.0101777777778
0.09234809	0.005322072	0.157873333333	0.0114666666667
0.08276934	0.004612018	0.158622222222	0.00987777777778
0.1003354	0.006138705	0.158638888889	0.0114111111111
0.08706774	0.005416172	0.16131	0.0109
0.08295862	0.004675845	0.153561111111	0.0114888888889
0.06873021	0.008263915	0.149571111111	0.0106888888889
0.08299803	0.004164437	0.152624444444	0.00985555555556
0.07732709	0.007271076	0.149514444444	0.0106555555556
0.09197817	0.004309301	0.160066666667	0.0100333333333
0.08287306	0.007297808	0.152377777778	0.0114222222222
0.07918703	0.003653303	0.150823333333	0.0100666666667
0.06698169	0.006724531	0.149862222222	0.0109777777778
0.09412814	0.007782058	0.150484444444	0.0111555555556
0.04242988	0.008211906	0.152988888889	0.00981111111111
0.09469158	0.005185717	0.160633333333	0.0111666666667
0.06809446	0.007053312	0.156905555556	0.00974444444444
0.08856818	0.003797635	0.149933333333	0.0102666666667
0.07375119	0.005457665	0.15324	0.0115
0.07276255	0.006177274	0.150437777778	0.0101222222222
0.08421717	0.007504829	0.152544444444	0.0114555555556
0.07926071	0.004619667	0.151566666667	0.00993333333333
0.08165695	0.004253611	0.159655555556	0.0113444444444
0.09402305	0.006243575	0.161722222222	0.0104777777778
0.08845555	0.008918811	0.149488888889	0.0104111111111
0.06364368	0.004117691	0.149865555556	0.0110444444444
0.08987192	0.004323601	0.152235555556	0.0114444444444
0.0929523	0.00598728	0.154702222222	0.0115777777778
0.07628066	0.003656735	0.150411111111	0.0111888888889
0.07231209	0.005430996	0.158915555556	0.00984444444444
0.07207791	0.007157087	0.161844444444	0.0107555555556
0.08636342	0.006571057	0.149577777778	0.0103222222222
0.09318842	0.005449753	0.154781111111	0.0115888888889
0.09121902	0.006097651	0.157866666667	0.0115333333333
0.08218387	0.007369939	0.149843333333	0.0110666666667
0.07024352	0.006155898	0.1546	0.0097
0.07499288	0.004834257	0.151053333333	0.00996666666667
0.0883554	0.00673713	0.161477777778	0.0110222222222
0.08529246	0.005146543	0.151787777778	0.0114222222222
0.08117339	0.005402328	0.161666666667	0.0103333333333
0.09812594	0.004556691	0.149617777778	0.0110222222222
0.08855481	0.007716775	0.161715555556	0.0109444444444
0.09670468	0.003454538	0.149782222222	0.0110777777778
0.09343398	0.005898112	0.161873333333	0.0108666666667
0.07680966	0.006761572	0.149091111111	0.0106888888889
0.08546503	0.006557022	0.158611111111	0.00978888888889
0.0724639	0.007292629	0.149462222222	0.0109777777778
0.081651	0.006328504	0.150966666667	0.0113333333333
0.09186975	0.003229763	0.159592222222	0.00987777777778
0.07707824	0.004579179	0.1491	0.0105
0.08142635	0.005126581	0.151593333333	0.00986666666667
0.08236447	0.004300259	0.151228888889	0.00991111111111
0.0676472	0.005258669	0.157	0.0116
0.07897861	0.005436161	0.159486666667	0.0114333333333
0.07796689	0.006927936	0.151844444444	0.0114555555556
0.08177849	0.007672468	0.151933333333	0.0114666666667
0.09123023	0.005592936	0.149233333333	0.0103666666667
0.0844579	0.005551982	0.149022222222	0.0104777777778
0.0770582	0.005708402	0.148922222222	0.0105777777778
0.0764854	0.005815808	0.14896	0.0105
0.0958866	0.004408024	0.161304444444	0.0111555555556
0.09943055	0.007827701	0.160915555556	0.0112444444444
0.08493431	0.006345108	0.160284444444	0.0113555555556
0.09085278	0.004371833	0.150244444444	0.0112555555556
0.1067078	0.004586652	0.162255555556	0.0105444444444
0.08203748	0.004049332	0.148866666667	0.0105333333333
0.07625637	0.007839959	0.161046666667	0.0112333333333
0.09061306	0.004435389	0.154224444444	0.00965555555556
0.07460716	0.006438146	0.149211111111	0.0109888888889
0.08150448	0.005422814	0.161568888889	0.0111111111111
0.08265774	0.003984253	0.149911111111	0.0100888888889
0.08881115	0.005657092	0.154144444444	0.00965555555556
0.08535328	0.003712615	0.1488	0.0106
0.08465089	0.003647875	0.150166666667	0.0100333333333
0.0675456	0.006099795	0.153478888889	0.0116111111111
0.07975985	0.00490926	0.1519	0.0115
0.0758717	0.008912416	0.157075555556	0.00964444444444
0.06175732	0.006097789	0.154306666667	0.00963333333333
0.07756854	0.006064974	0.161977777778	0.0110222222222
0.0736262	0.007211132	0.149078888889	0.0110111111111
0.08340911	0.005552918	0.162466666667	0.0105333333333
0.07508048	0.005504475	0.149513333333	0.0111666666667
0.09795187	0.005591272	0.148884444444	0.0109555555556
0.08251054	0.004828556	0.148522222222	0.0106777777778
0.05913475	0.008252796	0.162655555556	0.0106444444444
0.09484162	0.005962148	0.1626	0.0105
0.08733376	0.008779457	0.152797777778	0.0116222222222
0.0851753	0.01025695	0.148793333333	0.0109666666667
0.08401725	0.004851301	0.154761111111	0.00958888888889
0.08074385	0.00553898	0.162588888889	0.0108111111111
0.06252425	0.004571728	0.149275555556	0.0111444444444
0.08991156	0.01078873	0.148477777778	0.0105222222222
0.08809486	0.007261516	0.150244444444	0.0113555555556
0.07633325	0.008668579	0.1566	0.0117
0.07738225	0.006267634	0.155088888889	0.0117111111111
0.0985962	0.005805739	0.157673333333	0.0116666666667
0.08731346	0.007089607	0.150277777778	0.00992222222222
0.08230433	0.00597084	0.149266666667	0.0101333333333
0.07635872	0.005991637	0.148633333333	0.0103666666667
0.08771547	0.005431256	0.161066666667	0.0113333333333
0.07738618	0.005570002	0.151883333333	0.0115666666667
0.08279534	0.006830639	0.157777777778	0.00962222222222
0.09501511	0.007141196	0.152915555556	0.0116444444444
0.08199855	0.00455031	0.156522222222	0.00957777777778
0.08729741	0.005772519	0.1624	0.0103
0.09232566	0.005915285	0.149077777778	0.0111222222222
0.0785099	0.004518047	0.152463333333	0.00966666666667
0.08328567	0.004664766	0.161095555556	0.0113444444444
0.09025757	0.003450626	0.149672222222	0.0112777777778
0.07190398	0.005284717	0.161233333333	0.00996666666667
0.07583294	0.006442469	0.162716666667	0.0108333333333
0.09485228	0.006941296	0.149828888889	0.0113111111111
0.08771017	0.005066577	0.159766666667	0.0115333333333
0.09663455	0.004827963	0.162735555556	0.0104444444444
0.1079361	0.003767967	0.156044444444	0.00955555555556
0.0821062	0.00494702	0.152774444444	0.0116555555556
0.08601762	0.003111391	0.154844444444	0.00955555555556
0.07666284	0.003479959	0.148611111111	0.0109888888889
0.07591909	0.006478382	0.155015555556	0.0117444444444
0.08531256	0.005992505	0.157233333333	0.00956666666667
0.08722455	0.009484659	0.160902222222	0.00987777777778
0.08020138	0.00358443	0.148361111111	0.0103888888889
0.09202861	0.004505647	0.162922222222	0.0107777777778
0.07913628	0.006691419	0.154655555556	0.00954444444444
0.08308747	0.006402221	0.158433333333	0.0116666666667
0.09105521	0.003605625	0.157628888889	0.0117111111111
0.09697989	0.008278943	0.161477777778	0.0113222222222
0.08985007	0.003415677	0.148833333333	0.0101666666667
0.08095334	0.007304001	0.148328888889	0.0109111111111
0.07870152	0.003160995	0.148988888889	0.0101111111111
0.09370363	0.004070529	0.151782222222	0.00967777777778
0.07545259	0.004570916	0.148366666667	0.0103333333333
0.07687101	0.004915917	0.161997777778	0.0112222222222
0.08000811	0.01025471	0.148138888889	0.0108111111111
0.07784083	0.005642616	0.153744444444	0.00955555555556
0.1020303	0.002694429	0.163011111111	0.0104888888889
0.08460798	0.00774027	0.155017777778	0.00952222222222
0.07922997	0.004989113	0.157195555556	0.0117444444444
0.09195474	0.004650809	0.148544444444	0.0110555555556
0.08447147	0.007118843	0.15152	0.0116
0.08154336	0.004430729	0.156503333333	0.0117666666667
0.08208457	0.005513259	0.1612	0.0114
0.07634215	0.005682101	0.153466666667	0.0117333333333
0.08532669	0.005834909	0.152422222222	0.0116777777778
0.0751642	0.003518618	0.155122222222	0.0117777777778
0.09694307	0.006747363	0.163073333333	0.0104666666667
0.09148774	0.004650073	0.161922222222	0.0112777777778
0.08713988	0.004893106	0.152973333333	0.00956666666667
0.07677332	0.008620129	0.155961111111	0.0117888888889
0.08864403	0.005624734	0.157755555556	0.0117444444444
0.06995788	0.008158371	0.152057777778	0.00962222222222
0.08203776	0.004186285	0.150785555556	0.00974444444444
0.1000556	0.004898411	0.152033333333	0.0116666666667
0.05240637	0.008454994	0.158297777778	0.0117222222222
0.07933341	0.005687573	0.15459	0.0095
0.08233532	0.004496653	0.151844444444	0.0116555555556
0.09269358	0.003649751	0.163288888889	0.0106111111111
0.08995072	0.004361615	0.155231111111	0.00948888888889
0.08389136	0.006114627	0.149497777778	0.00992222222222
0.07012738	0.003870378	0.14968	0.0114
0.07382132	0.005000663	0.148946666667	0.0100333333333
0.08437493	0.002250713	0.148266666667	0.0102333333333
0.0769962	0.005430323	0.147822222222	0.0104777777778
0.08406499	0.006165338	0.14959	0.0114
0.07592052	0.005784242	0.154221111111	0.00948888888889
0.08586722	0.006904651	0.1542	0.0118
0.08114866	0.003967306	0.16104	0.0098
0.08004092	0.008533882	0.163293333333	0.0108666666667
0.07223194	0.005718924	0.160544444444	0.0115555555556
0.05595737	0.01062008	0.148464444444	0.0111555555556
0.07463338	0.004305984	0.15006	0.0098
0.0681577	0.008606471	0.1603	0.0097
0.1101425	0.003855964	0.156077777778	0.0118222222222
0.08544192	0.003563669	0.161444444444	0.00985555555556
0.07757269	0.005182082	0.15912	0.0117
0.089178	0.003332722	0.1508	0.0097
0.09203772	0.004627038	0.157888888889	0.00951111111111
0.05624045	0.00523936	0.155266666667	0.0118333333333
0.101107	0.004715257	0.160117777778	0.0116222222222
0.09265454	0.008025512	0.15753	0.0118
0.08063868	0.006024127	0.1499	0.0098
0.0861657	0.005733514	0.14774	0.0109
0.09927413	0.004746941	0.163563333333	0.0105666666667
0.09076899	0.003512183	0.15949	0.0096
0.1003054	0.004715434	0.163344444444	0.0103555555556
0.1015079	0.005279747	0.162948888889	0.0111111111111
0.05652992	0.007044501	0.147655555556	0.0108444444444
0.09274267	0.004099916	0.155255555556	0.0118444444444
0.0952929	0.00609706	0.154426666667	0.0118333333333
0.09833672	0.003980493	0.14983	0.0098
0.088287	0.005806415	0.161077777778	0.0115222222222
0.07373764	0.006267123	0.16185	0.0114
0.08459957	0.006480821	0.157622222222	0.00947777777778
0.08065114	0.005247273	0.157702222222	0.00947777777778
0.08465159	0.003275618	0.150066666667	0.0115333333333
0.06845647	0.005037661	0.147533333333	0.0104666666667
0.09899185	0.005678153	0.159015555556	0.00954444444444
0.1010089	0.004251538	0.159963333333	0.0116666666667
0.08298109	0.003983745	0.162133333333	0.0113666666667
0.07834987	0.005558045	0.162133333333	0.0113666666667
0.08031786	0.00548339	0.152562222222	0.0117777777778
0.0885253	0.003799428	0.148414444444	0.0100555555556
0.07046632	0.004063381	0.163688888889	0.0105111111111
0.09333248	0.00633269	0.156626666667	0.00943333333333
0.09137631	0.003499592	0.162324444444	0.00995555555556
0.0954366	0.003673071	0.155977777778	0.00942222222222
0.09291053	0.00474633	0.155997777778	0.00942222222222
0.08806907	0.005278321	0.147644444444	0.0109555555556
0.08110991	0.005596282	0.157626666667	0.0118333333333
0.08367998	0.005225062	0.159366666667	0.0117333333333
0.08866561	0.004262276	0.154044444444	0.0118555555556
0.09968223	0.006885409	0.147622222222	0.0109777777778
0.07271289	0.007517682	0.148122222222	0.0111777777778
0.08138586	0.007653081	0.148442222222	0.0112777777778
0.08320093	0.006389829	0.152043333333	0.0117666666667
0.08330333	0.003252062	0.151211111111	0.00958888888889
0.08906362	0.00652791	0.147383333333	0.0108666666667
0.07501142	0.007276501	0.147255555556	0.0105444444444
0.09114514	0.004405696	0.159344444444	0.0117555555556
0.0774959	0.003787118	0.147822222222	0.0101777777778
0.06211472	0.008638481	0.151111111111	0.00958888888889
0.09030185	0.005094208	0.149155555556	0.0114444444444
0.06300584	0.005358885	0.148256666667	0.0100333333333
0.09362432	0.005484706	0.1565	0.0094
0.09456344	0.004518794	0.157022222222	0.0118777777778
0.08308168	0.005449113	0.155011111111	0.00938888888889
0.05952462	0.006757249	0.148811111111	0.00988888888889
0.08357706	0.003133878	0.152955555556	0.00944444444444
0.05384565	0.006240398	0.14718	0.0108
0.08938421	0.005688718	0.147144444444	0.0107555555556
0.08521169	0.003146699	0.160211111111	0.00958888888889
0.06456846	0.006257846	0.147622222222	0.0110777777778
0.09057654	0.00390427	0.161426666667	0.00973333333333
0.08095109	0.004964713	0.15706	0.0094
0.09100211	0.006105299	0.152292222222	0.00947777777778
0.09271246	0.005808879	0.148711111111	0.0113888888889
0.0681865	0.003575135	0.147091111111	0.0106888888889
0.09282388	0.003465131	0.160291111111	0.00958888888889
0.05534711	0.00749966	0.151871111111	0.0117888888889
0.078614	0.00510391	0.147977777778	0.0112222222222
0.06937809	0.003131206	0.147057777778	0.0107222222222
0.09490861	0.005919824	0.158644444444	0.00945555555556
0.07185897	0.007227415	0.160572222222	0.0116777777778
0.08534231	0.006262762	0.147591111111	0.0101888888889
0.08073496	0.00869672	0.158987777778	0.0118222222222
0.09078992	0.006783426	0.164055555556	0.0108444444444
0.1158112	0.00417608	0.164088888889	0.0108111111111
0.07484834	0.009044092	0.1595	0.0095
0.09015847	0.002308647	0.148284444444	0.00995555555556
0.07505998	0.006544966	0.150034444444	0.00965555555556
0.09170408	0.006129382	0.150833333333	0.00956666666667
0.07599801	0.005764815	0.147853333333	0.0100666666667
0.08537453	0.004435088	0.14973	0.0116
0.09215495	0.003610124	0.156933333333	0.00936666666667
0.08520256	0.004148721	0.162542222222	0.00987777777778
0.06951293	0.004324751	0.149	0.0098
0.08087298	0.005532731	0.150328888889	0.00961111111111
0.08529133	0.004610596	0.152044444444	0.00945555555556
0.08604772	0.004601473	0.148266666667	0.00993333333333
0.07240383	0.00581375	0.146877777778	0.0105222222222
0.09852533	0.007649363	0.159888888889	0.00951111111111
0.09033463	0.005084269	0.151926666667	0.0118333333333
0.07851965	0.005954454	0.156535555556	0.0119444444444
0.07557304	0.00615649	0.161945555556	0.00974444444444
0.07428131	0.00570287	0.163077777778	0.0113222222222
0.07438796	0.005023465	0.147205555556	0.0110444444444
0.07050311	0.006564675	0.153011111111	0.00938888888889
0.08741841	0.003986861	0.155066666667	0.00933333333333
0.07198958	0.005351805	0.153172222222	0.00937777777778
0.08923597	0.00545992	0.149277777778	0.00972222222222
0.1033005	0.00529849	0.162888888889	0.00991111111111
0.07811396	0.004514647	0.153267777778	0.0119222222222
0.08415211	0.003878997	0.154366666667	0.00933333333333
0.09942669	0.008035987	0.1633	0.01
0.06757106	0.007067624	0.154266666667	0.00933333333333
0.0724853	0.006261708	0.151735555556	0.00944444444444
0.08015675	0.008896198	0.164466666667	0.0106333333333
0.05649462	0.007882953	0.159707777778	0.0118222222222
0.04659637	0.004898129	0.154477777778	0.00932222222222
0.06724674	0.008013579	0.157844444444	0.00935555555556
0.08677262	0.005021589	0.147721111111	0.0112888888889
0.06464063	0.007843517	0.14776	0.0113
0.06264949	0.006745691	0.148048888889	0.00991111111111
0.07722387	0.006560841	0.151404444444	0.00945555555556
0.07477001	0.00564212	0.147391111111	0.0100888888889
0.08725849	0.007097394	0.147916666667	0.00993333333333
0.08961939	0.006543384	0.1562	0.0093
0.08345824	0.008326576	0.147681111111	0.00998888888889
0.09071862	0.005243837	0.152071111111	0.0118888888889
0.08681247	0.00580665	0.14851	0.0098
0.08593077	0.004694651	0.163022222222	0.00987777777778
0.07557805	0.003093819	0.163188888889	0.00991111111111
0.09127741	0.006357591	0.146704444444	0.0103555555556
0.07400781	0.007202414	0.150948888889	0.0118111111111
0.08851788	0.004662026	0.160766666667	0.00953333333333
0.08515374	0.005161513	0.146515555556	0.0107444444444
0.08749205	0.005831147	0.159001111111	0.00938888888889
0.0747237	0.004233164	0.150811111111	0.00948888888889
0.08674675	0.004986938	0.159944444444	0.00945555555556
0.0818489	0.00529213	0.151047777778	0.0118222222222
0.09733339	0.004452122	0.164648888889	0.0106111111111
0.08003148	0.006162972	0.148011111111	0.00988888888889
0.09105804	0.006228753	0.161735555556	0.0116444444444
0.07979159	0.006467935	0.162257777778	0.00972222222222
0.08166846	0.00647014	0.148471111111	0.00978888888889
0.09352477	0.004479579	0.1546	0.012
0.09705634	0.003430991	0.156581111111	0.00928888888889
0.08831916	0.004293781	0.15452	0.012
0.09283097	0.004360373	0.160866666667	0.00953333333333
0.09465639	0.005208647	0.1642	0.0102
0.07154955	0.006951757	0.153991111111	0.0119888888889
0.07621232	0.00481909	0.147394444444	0.0112555555556
0.06213223	0.006014485	0.151334444444	0.0118555555556
0.08477744	0.0054827	0.1572	0.0093
0.09024052	0.004119919	0.161197777778	0.0117222222222
0.08696166	0.006573805	0.158626666667	0.0119333333333
0.06074525	0.004775288	0.163688888889	0.0100111111111
0.08030266	0.004336615	0.158873333333	0.00936666666667
0.09981122	0.005239695	0.164366666667	0.0110333333333
0.08909088	0.006320963	0.159122222222	0.00937777777778
0.09014666	0.006503838	0.164753333333	0.0105666666667
0.09161385	0.003221249	0.151055555556	0.00944444444444
0.08805846	0.004340713	0.147533333333	0.00996666666667
0.07710124	0.006852318	0.147215555556	0.0100444444444
0.0855826	0.003490002	0.160888888889	0.00951111111111
0.1191907	0.004895916	0.164048888889	0.0112111111111
0.08492359	0.00538974	0.164052222222	0.0100777777778
0.05298111	0.005162223	0.156763333333	0.00926666666667
0.08062583	0.003897632	0.163955555556	0.0100444444444
0.08408448	0.004622531	0.150623333333	0.00946666666667
0.07077285	0.005059159	0.14942	0.0096
0.05845957	0.005118087	0.149855555556	0.0117444444444
0.07943591	0.005530187	0.16437	0.0111
0.1005813	0.004830818	0.146855555556	0.0101444444444
0.08503042	0.004659627	0.162636666667	0.00973333333333
0.07254573	0.00293419	0.147	0.0112
0.07874581	0.005474005	0.150755555556	0.00944444444444
0.08559068	0.004702755	0.162922222222	0.00977777777778
0.08667232	0.006069411	0.164933333333	0.0106666666667
0.09111551	0.004252362	0.164866666667	0.0108333333333
0.1006876	0.003542476	0.1599	0.0094
0.07437668	0.004471214	0.150794444444	0.0118555555556
0.06422823	0.008088978	0.156575555556	0.00924444444444
0.09527903	0.003452271	0.157124444444	0.00925555555556
0.06601705	0.00602164	0.146366666667	0.0103333333333
0.08313959	0.003523432	0.157206666667	0.0120333333333
0.1123257	0.00554414	0.162855555556	0.0115444444444
0.07858411	0.005196602	0.154906666667	0.00923333333333
0.07405836	0.004931594	0.146443333333	0.0102666666667
0.08500455	0.006059755	0.152611111111	0.0119888888889
0.07976452	0.002995798	0.148786666667	0.0116333333333
0.08252578	0.006239276	0.146333333333	0.0109666666667
0.08940175	0.00499948	0.156544444444	0.0120555555556
0.08220831	0.005494489	0.164877777778	0.0109222222222
0.08294516	0.004761467	0.147344444444	0.0113555555556
0.06676139	0.005845377	0.146066666667	0.0106333333333
0.07498827	0.004077086	0.156077777778	0.00922222222222
0.08424093	0.005707862	0.151824444444	0.0119555555556
0.1015212	0.005990207	0.164287777778	0.0112222222222
0.07267838	0.006382433	0.150466666667	0.00943333333333
0.0743364	0.006419809	0.165056666667	0.0104333333333
0.1041883	0.006602218	0.1522	0.0093
0.08706925	0.006880579	0.151988888889	0.00931111111111
0.08621515	0.004945495	0.162637777778	0.0116222222222
0.09491152	0.006682419	0.163985555556	0.00994444444444
0.09216126	0.004610629	0.153646666667	0.00923333333333
0.08201698	0.005139211	0.145933333333	0.0105666666667
0.09022348	0.00355865	0.162444444444	0.0116555555556
0.07980115	0.009586425	0.153245555556	0.0120444444444
0.095524	0.005714217	0.16452	0.0101
0.08425604	0.004810883	0.146433333333	0.0101666666667
0.06278582	0.006209013	0.151027777778	0.0119222222222
0.09255124	0.00591752	0.145975555556	0.0108444444444
0.0856936	0.005216729	0.160866666667	0.00943333333333
0.06706227	0.005591182	0.15493	0.0092
0.0751032	0.004281632	0.151456666667	0.00933333333333
0.09249622	0.002796093	0.161628888889	0.00951111111111
0.08123568	0.004278813	0.146055555556	0.0109444444444
0.07398228	0.004199965	0.150303333333	0.0118666666667
0.07985103	0.005218261	0.154331111111	0.0120888888889
0.08281961	0.006059238	0.151024444444	0.00935555555556
0.09459701	0.006092398	0.161006666667	0.00943333333333
0.08322007	0.003869901	0.161155555556	0.0118444444444
0.06598247	0.005094836	0.158405555556	0.00924444444444
0.1036198	0.005271477	0.162104444444	0.00955555555556
0.08924724	0.01001973	0.165322222222	0.0107777777778
0.09441827	0.002825155	0.164093333333	0.0113666666667
0.06645488	0.01014126	0.145937777778	0.0109222222222
0.1059982	0.006430232	0.155618888889	0.0121111111111
0.06448284	0.00587809	0.160115555556	0.0119444444444
0.08756038	0.004590608	0.147433333333	0.0114666666667
0.07484453	0.005648888	0.147433333333	0.0114666666667
0.07560617	0.005443256	0.150733333333	0.00936666666667
0.09792683	0.005602632	0.162988888889	0.0116111111111
0.08892006	0.004070267	0.149855555556	0.00944444444444
0.08709674	0.004658194	0.162066666667	0.00953333333333
0.08085621	0.007477133	0.146122222222	0.0110777777778
0.09414306	0.004909048	0.146711111111	0.00998888888889
0.08215145	0.004131366	0.165328888889	0.0104111111111
0.0933544	0.00416349	0.155563333333	0.00916666666667
0.08882988	0.003391797	0.155433333333	0.00916666666667
0.08681043	0.007478018	0.155917777778	0.0121222222222
0.07077981	0.003366904	0.150706666667	0.0119333333333
0.08972379	0.005640797	0.149202222222	0.0117777777778
0.07757809	0.003498492	0.153751111111	0.00918888888889
0.07184852	0.005658653	0.160174444444	0.0119555555556
0.07624078	0.007833714	0.14853	0.0096
0.08392242	0.004535984	0.1578	0.0092
0.08272722	0.006342844	0.149806666667	0.00943333333333
0.0536798	0.004639862	0.154333333333	0.00916666666667
0.0950355	0.005562698	0.165408888889	0.0104111111111
0.07550152	0.008146768	0.164955555556	0.0111444444444
0.07360135	0.005150123	0.146714444444	0.00995555555556
0.07572409	0.003906368	0.152788888889	0.00921111111111
0.0918532	0.003337337	0.148461111111	0.00958888888889
0.06339601	0.01039956	0.163222222222	0.00967777777778
0.08453641	0.003496294	0.145688888889	0.0109111111111
0.05399805	0.005749744	0.1465	0.01
0.1059647	0.005224668	0.16533	0.011
0.1034216	0.007736846	0.163351111111	0.00968888888889
0.06445574	0.003576402	0.1468	0.0099
0.06250669	0.006812943	0.148655555556	0.0117444444444
0.093264	0.003877019	0.154455555556	0.00914444444444
0.07748049	0.008241656	0.145477777778	0.0107222222222
0.08661197	0.003930841	0.159166666667	0.00923333333333
0.08362223	0.006912448	0.14592	0.0111
0.08113059	0.00729236	0.1612	0.0119
0.08301225	0.006449208	0.165188888889	0.0111111111111
0.07887828	0.00506442	0.145513333333	0.0104666666667
0.07372917	0.005619344	0.147102222222	0.0114777777778
0.07654124	0.00563533	0.146255555556	0.0112444444444
0.08685696	0.005437851	0.165561111111	0.0103888888889
0.06765019	0.005842061	0.145701111111	0.0102888888889
0.0811273	0.007558072	0.162555555556	0.00954444444444
0.09063991	0.007603157	0.153267777778	0.0121222222222
0.08210173	0.004996756	0.14895	0.0118
0.08281731	0.004886765	0.149711111111	0.0118888888889
0.073612	0.00518669	0.155137777778	0.00912222222222
0.06844232	0.005290894	0.146012222222	0.0111777777778
0.06237366	0.006449063	0.14538	0.0108
0.09330823	0.005061511	0.148963333333	0.00946666666667
0.07406898	0.006045498	0.159111111111	0.0120888888889
0.09285006	0.004822714	0.145312222222	0.0104777777778
0.06332847	0.007193479	0.145263333333	0.0105666666667
0.07848849	0.004015368	0.148822222222	0.00947777777778
0.09401324	0.005743553	0.145445555556	0.0109444444444
0.08837201	0.00519245	0.15213	0.0121
0.08928365	0.006383713	0.148631111111	0.0117888888889
0.07308442	0.002889385	0.152111111111	0.00918888888889
0.1035795	0.006019291	0.165788888889	0.0104111111111
0.07170263	0.004796535	0.152282222222	0.00917777777778
0.08231771	0.006969232	0.146122222222	0.0112777777778
0.08085668	0.005860729	0.164384444444	0.0114555555556
0.08783592	0.005567067	0.161522222222	0.00937777777778
0.09133785	0.005973762	0.165164444444	0.0100555555556
0.08177502	0.009153003	0.149471111111	0.00938888888889
0.07179887	0.004493699	0.156551111111	0.0121888888889
0.07118747	0.005206365	0.163505555556	0.0116444444444
0.07542815	0.006889785	0.145213333333	0.0107666666667
0.08912897	0.005711802	0.149986666667	0.00933333333333
0.0775474	0.003981125	0.147544444444	0.00965555555556
0.08488964	0.003356419	0.155311111111	0.00908888888889
0.08267266	0.004957778	0.16572	0.0103
0.09205272	0.005619953	0.146768888889	0.00981111111111
0.09316779	0.006400156	0.148106666667	0.0117333333333
0.08515836	0.003289084	0.145144444444	0.0105555555556
0.07620887	0.00504206	0.145993333333	0.0112666666667
0.09268527	0.004477501	0.159168888889	0.0121111111111
0.1030677	0.004645243	0.165944444444	0.0104555555556
0.1076846	0.004571213	0.164688888889	0.0114111111111
0.07179549	0.007123957	0.164184444444	0.00975555555556
0.08863035	0.005282069	0.145088888889	0.0106111111111
0.07265241	0.004923794	0.148166666667	0.00953333333333
0.08023132	0.003260256	0.164996666667	0.0113333333333
0.08767091	0.004954375	0.165577777778	0.0111222222222
0.08907545	0.004830378	0.146701111111	0.0114888888889
0.07513786	0.00509622	0.1571	0.0122
0.07865871	0.00325138	0.147954444444	0.00955555555556
0.07060362	0.00636885	0.145215555556	0.0103444444444
0.09587502	0.005048409	0.165471111111	0.0111888888889
0.08413038	0.00257779	0.165888888889	0.0103111111111
0.07078565	0.008062122	0.163922222222	0.00967777777778
0.08107353	0.002707675	0.150524444444	0.00925555555556
0.08014522	0.006607494	0.166077777778	0.0108222222222
0.07611116	0.004040847	0.145175555556	0.0109444444444
0.08333908	0.004931477	0.149757777778	0.00932222222222
0.1057856	0.005207394	0.162712222222	0.00947777777778
0.09571139	0.003053902	0.164422222222	0.00977777777778
0.07983569	0.00442004	0.154753333333	0.00906666666667
0.08353773	0.004131598	0.153611111111	0.00908888888889
0.09035188	0.002341007	0.145378888889	0.0102111111111
0.06137149	0.005978501	0.145144444444	0.0103555555556
0.06001055	0.006560563	0.144964444444	0.0107555555556
0.06843968	0.004111078	0.155644444444	0.00905555555556
0.09147497	0.005790879	0.163022222222	0.0117777777778
0.06204128	0.007805545	0.145244444444	0.0102555555556
0.0677792	0.008074794	0.148171111111	0.0117888888889
0.09816231	0.005371576	0.165791111111	0.0110888888889
0.08954357	0.007698532	0.164951111111	0.00988888888889
0.07476839	0.004206482	0.1489	0.0094
0.09853215	0.006397516	0.166013333333	0.0109666666667
0.09812186	0.005629119	0.148288888889	0.0118111111111
0.08019818	0.005434037	0.145406666667	0.0111333333333
0.08355773	0.005977533	0.145042222222	0.0103777777778
0.07348898	0.007342037	0.1482	0.0118
0.08479472	0.005183644	0.156584444444	0.00905555555556
0.08339641	0.007922362	0.145634444444	0.0100555555556
0.08192109	0.003474368	0.1642	0.0097
0.09640088	0.006302252	0.15276	0.0091
0.08765122	0.004031455	0.162655555556	0.00944444444444
0.06929506	0.006776596	0.147022222222	0.00967777777778
0.07911811	0.004160153	0.1451	0.0103
0.08496528	0.005236087	0.145133333333	0.0102666666667
0.07601507	0.006552719	0.151357777778	0.0121222222222
0.08084742	0.006211115	0.163202222222	0.0117777777778
0.08543937	0.004575328	0.146586666667	0.0115333333333
0.07585796	0.005126391	0.146297777778	0.00982222222222
0.09499135	0.00474342	0.165275555556	0.00994444444444
0.09846316	0.006270973	0.155134444444	0.0122555555556
0.09864964	0.00935958	0.160371111111	0.0120888888889
0.07564007	0.005175638	0.145477777778	0.0112222222222
0.08804986	0.004730164	0.162288888889	0.0119111111111
0.08763525	0.005846641	0.16546	0.0113
0.07915217	0.004401868	0.157155555556	0.00904444444444
0.08576003	0.005706061	0.150528888889	0.00921111111111
0.1082898	0.004491832	0.160033333333	0.00916666666667
0.07603177	0.004084113	0.146388888889	0.0115111111111
0.08635654	0.005222805	0.147188888889	0.00961111111111
0.07471484	0.004842843	0.158911111111	0.0121888888889
0.07779342	0.007152466	0.151988888889	0.00911111111111
0.07860227	0.005950508	0.153575555556	0.00904444444444
0.06842766	0.003732402	0.154006666667	0.00903333333333
0.05015647	0.005870573	0.145797777778	0.00992222222222
0.08383687	0.006477458	0.158811111111	0.00908888888889
0.09576567	0.005426513	0.160511111111	0.00918888888889
0.06514047	0.007513933	0.150758888889	0.0121111111111
0.09167895	0.006387962	0.163655555556	0.0117444444444
0.07303104	0.00534152	0.164388888889	0.0116111111111
0.08218069	0.005349403	0.145008888889	0.0102111111111
0.07720197	0.004720212	0.148277777778	0.00942222222222
0.08100355	0.00281103	0.145413333333	0.0112666666667
0.05853901	0.004725671	0.146024444444	0.0114555555556
0.07520231	0.004620934	0.148766666667	0.0119333333333
0.08503183	0.00586807	0.149047777778	0.00932222222222
0.08302167	0.004590093	0.145522222222	0.00997777777778
0.09444511	0.007416584	0.166556666667	0.0106333333333
0.06340261	0.00557851	0.15911	0.0122
0.07857282	0.002550272	0.146037777778	0.00982222222222
0.05007532	0.006092436	0.147188888889	0.0117111111111
0.06142433	0.007543723	0.160266666667	0.0121333333333
0.0963693	0.006051988	0.165835555556	0.0112444444444
0.08194188	0.004695741	0.152624444444	0.00905555555556
0.05104748	0.008988909	0.148664444444	0.00935555555556
0.07684859	0.008810839	0.162577777778	0.0119222222222
0.07771717	0.004636461	0.166188888889	0.0111111111111
0.08391434	0.006861522	0.144488888889	0.0106111111111
0.08060366	0.005248453	0.153748888889	0.00901111111111
0.07329301	0.005725602	0.145422222222	0.00997777777778
0.08342585	0.005079173	0.149514444444	0.00925555555556
0.09876983	0.004166157	0.166622222222	0.0107777777778
0.09533987	0.01203798	0.162901111111	0.0118888888889
0.0787164	0.008118893	0.144544444444	0.0108555555556
0.09176369	0.004724568	0.146266666667	0.00973333333333
0.07500761	0.006030705	0.145582222222	0.0113777777778
0.1042783	0.00652405	0.156611111111	0.00898888888889
0.06379153	0.005804412	0.1516	0.0122
0.09049104	0.005698637	0.145175555556	0.0112444444444
0.06350564	0.007379258	0.165955555556	0.0112444444444
0.08285886	0.005310666	0.1574	0.009
0.08684184	0.00613026	0.163167777778	0.00942222222222
0.09873162	0.004791841	0.162666666667	0.0119333333333
0.08812651	0.00986594	0.145528888889	0.00991111111111
0.105581	0.008546214	0.165933333333	0.0112666666667
0.09038812	0.003515523	0.152355555556	0.00904444444444
0.07823412	0.003763772	0.1469	0.0117
0.07731297	0.00468854	0.149455555556	0.00924444444444
0.11148	0.010207	0.166372222222	0.0110777777778
0.09419426	0.006749366	0.1599	0.0091
0.08149726	0.005067631	0.144886666667	0.0101333333333
0.07070003	0.005803394	0.148222222222	0.00937777777778
0.07501026	0.005775193	0.166444444444	0.0110555555556
0.08011235	0.004589292	0.157811111111	0.0122888888889
0.08222317	0.002927599	0.145644444444	0.00985555555556
0.08260819	0.006070143	0.144477777778	0.0109222222222
0.09581255	0.005075035	0.156577777778	0.0123222222222
0.09737288	0.00714043	0.161855555556	0.0120444444444
0.08305081	0.007473152	0.161855555556	0.0120444444444
0.07906074	0.005038944	0.144446666667	0.0109333333333
0.09657366	0.003438508	0.166697777778	0.0109222222222
0.09419801	0.00403423	0.162666666667	0.00933333333333
0.08269446	0.007984116	0.150544444444	0.0121555555556
0.0702873	0.003270843	0.146148888889	0.00971111111111
0.1010604	0.005872898	0.155766666667	0.0123333333333
0.08890807	0.006281769	0.165855555556	0.00994444444444
0.085181	0.004150222	0.149126666667	0.0120333333333
0.08525015	0.005677926	0.144511111111	0.0102888888889
0.0956325	0.008047203	0.148898888889	0.0120111111111
0.08059576	0.004626129	0.14663	0.0096
0.04166681	0.004637299	0.144214444444	0.0105555555556
0.07550011	0.003761754	0.144494444444	0.0102555555556
0.08612043	0.003466828	0.165166666667	0.00973333333333
0.07890132	0.004492797	0.144206666667	0.0107333333333
0.08284338	0.005123291	0.151936666667	0.00903333333333
0.08200986	0.00624823	0.145846666667	0.0115333333333
0.08859956	0.006345207	0.145011111111	0.0112888888889
0.07537504	0.004334709	0.165645555556	0.0114444444444
0.09671822	0.004852487	0.158862222222	0.0122777777778
0.09543951	0.00461986	0.1626	0.0093
0.1007486	0.004897785	0.162317777778	0.0120222222222
0.0749934	0.005059936	0.146866666667	0.00953333333333
0.08973868	0.004232009	0.163877777778	0.0118222222222
0.07757314	0.008671149	0.156116666667	0.00893333333333
0.08877454	0.004711407	0.161542222222	0.00917777777778
0.0729898	0.007185403	0.1589	0.009
0.09526007	0.00403046	0.166755555556	0.0102444444444
0.06895565	0.004121017	0.160788888889	0.00911111111111
0.103594	0.007155993	0.1671	0.0106
0.08853478	0.007585755	0.145813333333	0.0115666666667
0.07155982	0.009089256	0.156333333333	0.0123666666667
0.07310796	0.003599411	0.144442222222	0.0101777777778
0.08201264	0.00497454	0.166577777778	0.0101222222222
0.06962443	0.005457209	0.145988888889	0.0116111111111
0.0850372	0.005243412	0.145988888889	0.0116111111111
0.09935284	0.003591418	0.164288888889	0.00951111111111
0.05943463	0.008953672	0.144933333333	0.00996666666667
0.0719045	0.004051412	0.144277777778	0.0110222222222
0.04777234	0.006215705	0.153255555556	0.0123444444444
0.08122491	0.004295466	0.144201111111	0.0102888888889
0.08946822	0.003309788	0.166833333333	0.0110666666667
0.07490859	0.009103426	0.146065555556	0.00964444444444
0.08366413	0.004689118	0.144124444444	0.0109555555556
0.09133561	0.003535563	0.164123333333	0.00946666666667
0.08954321	0.005400665	0.152222222222	0.00897777777778
0.1029158	0.003604929	0.159966666667	0.00903333333333
0.08210768	0.003674065	0.157277777778	0.00892222222222
0.06304509	0.006730779	0.146413333333	0.00956666666667
0.08965023	0.006787271	0.149893333333	0.0121666666667
0.0829542	0.007028083	0.163966666667	0.00943333333333
0.05865246	0.005486445	0.150744444444	0.00905555555556
0.09160523	0.003829218	0.146373333333	0.00956666666667
0.07979121	0.006037903	0.143944444444	0.0104555555556
0.05914381	0.007984324	0.152032222222	0.00897777777778
0.0724309	0.004616845	0.144222222222	0.0110777777778
0.1004053	0.006519177	0.157228888889	0.00891111111111
0.05991784	0.006591565	0.149515555556	0.0121444444444
0.08101152	0.004181507	0.144883333333	0.0113666666667
0.06018674	0.005586062	0.143915555556	0.0108444444444
0.07727623	0.006172814	0.1544	0.0089
0.08463481	0.005446673	0.153702222222	0.0123777777778
0.09369192	0.008713991	0.15597	0.0124
0.08339824	0.004844904	0.146202222222	0.00957777777778
0.08439567	0.007178623	0.16232	0.0092
0.08011758	0.00655774	0.151722222222	0.00897777777778
0.08787571	0.004779244	0.163111111111	0.00928888888889
0.06766238	0.008056468	0.167277777778	0.0104222222222
0.07451153	0.005955831	0.145191111111	0.0114888888889
0.07452299	0.005368198	0.147822222222	0.0119777777778
0.09137042	0.005334262	0.159691111111	0.00898888888889
0.08668049	0.007272264	0.15694	0.0124
0.08709452	0.003122086	0.15748	0.0089
0.05478659	0.007383602	0.150356666667	0.0122333333333
0.04168445	0.004306621	0.157978888889	0.00891111111111
0.09602005	0.006347319	0.15402	0.0124
0.07282018	0.003812832	0.146326666667	0.00953333333333
0.09806656	0.004836545	0.167233333333	0.0109666666667
0.08772862	0.006138908	0.1651	0.0117
0.07194313	0.004890383	0.1577	0.0089
0.05908112	0.005423808	0.145171111111	0.00978888888889
0.1032918	0.005716006	0.158098888889	0.00891111111111
0.0797384	0.00467403	0.149988888889	0.0122111111111
0.08720728	0.004271698	0.160866666667	0.0122333333333
0.07417139	0.005140054	0.150244444444	0.00905555555556
0.05654386	0.00598836	0.14549	0.0097
0.1044822	0.003948558	0.163833333333	0.00936666666667
0.07747578	0.002910819	0.14548	0.0097
0.06628112	0.008934681	0.155167777778	0.0124222222222
0.1003417	0.003940815	0.164158888889	0.00941111111111
0.07799561	0.005113115	0.144692222222	0.0113777777778
0.07957479	0.004289498	0.143871111111	0.0102888888889
0.1001513	0.008287833	0.150144444444	0.00905555555556
0.0940375	0.005191704	0.154587777778	0.0124222222222
0.07993937	0.005316096	0.156673333333	0.00886666666667
0.07514868	0.0041225	0.152658888889	0.00891111111111
0.09922701	0.005544014	0.16752	0.0107
0.0818613	0.008272811	0.155826666667	0.0124333333333
0.08867205	0.004904766	0.155984444444	0.00885555555556
0.1000809	0.003722313	0.161758888889	0.00911111111111
0.0865739	0.007013831	0.154724444444	0.00885555555556
0.0802907	0.005081743	0.161788888889	0.00911111111111
0.07738047	0.009261676	0.160522222222	0.0122777777778
0.0729422	0.003295826	0.153111111111	0.00888888888889
0.08703623	0.004623845	0.152482222222	0.0123777777778
0.0721945	0.007569076	0.166033333333	0.00976666666667
0.0984914	0.006958318	0.167548888889	0.0105111111111
0.08146021	0.00468941	0.144563333333	0.0113666666667
0.1097146	0.00510951	0.165555555556	0.00964444444444
0.08684759	0.003333163	0.164515555556	0.0118444444444
0.07815943	0.006947941	0.159033333333	0.0123666666667
0.09890847	0.004228164	0.155775555556	0.00884444444444
0.09203209	0.003841766	0.167555555556	0.0104444444444
0.08560104	0.004100044	0.143944444444	0.0101555555556
0.0919682	0.004660322	0.145144444444	0.0115555555556
0.08321608	0.006826496	0.158022222222	0.00887777777778
0.07474649	0.005715111	0.153078888889	0.0124111111111
0.09027277	0.003242529	0.149542222222	0.00907777777778
0.05898767	0.004580266	0.144008888889	0.0101111111111
0.08571787	0.005937244	0.1507	0.0123
0.07561475	0.006650276	0.159022222222	0.0123777777778
0.07346591	0.003941029	0.143712222222	0.0102777777778
0.07402929	0.007206499	0.144197777778	0.0100222222222
0.07855934	0.003992267	0.1666	0.0099
0.08131448	0.005079805	0.161622222222	0.00907777777778
0.08413545	0.00687216	0.159293333333	0.0123666666667
0.08243877	0.003951356	0.167432222222	0.0102777777778
0.08126138	0.004960979	0.145133333333	0.0115666666667
0.08384947	0.006644702	0.16361	0.012
0.06920132	0.006346368	0.143445555556	0.0107444444444
0.09400322	0.006939693	0.167644444444	0.0104555555556
0.04905197	0.008763447	0.144851111111	0.00978888888889
0.08406546	0.006295618	0.154666666667	0.00883333333333
0.07308998	0.004389131	0.146771111111	0.00938888888889
0.08541283	0.006169098	0.146622222222	0.0118777777778
0.07972458	0.007126027	0.143522222222	0.0103777777778
0.07832404	0.007135869	0.14418	0.01
0.07777175	0.00582613	0.145702222222	0.00957777777778
0.09103623	0.006031564	0.144422222222	0.0113777777778
0.06462468	0.01293851	0.143555555556	0.0103444444444
0.07193825	0.005644058	0.143455555556	0.0108444444444
0.07634526	0.005621334	0.1435	0.0109
0.09543186	0.005183117	0.166077777778	0.00972222222222
0.07628074	0.004236417	0.145611111111	0.00958888888889
0.07973524	0.00502358	0.161566666667	0.0122333333333
0.09292054	0.003263193	0.167777777778	0.0106222222222
0.09495084	0.004589218	0.158911111111	0.00888888888889
0.09015394	0.006553634	0.158911111111	0.00888888888889
0.0804722	0.006811727	0.144974444444	0.0115555555556
0.07160521	0.006303725	0.143711111111	0.0110888888889
0.08114454	0.004010002	0.149655555556	0.00904444444444
0.1146212	0.005238617	0.167011111111	0.0112888888889
0.08391542	0.005428358	0.1519	0.0089
0.08858642	0.004736248	0.159241111111	0.0123888888889
0.08467793	0.00631883	0.144284444444	0.0113555555556
0.08448668	0.004633289	0.143966666667	0.0112333333333
0.09612904	0.004860363	0.167633333333	0.0109666666667
0.09960059	0.007169844	0.165688888889	0.00961111111111
0.08681206	0.003852736	0.1645	0.0119
0.07905041	0.006387996	0.146844444444	0.00935555555556
0.08390073	0.003692626	0.144111111111	0.00998888888889
0.08884137	0.003975865	0.167788888889	0.0108111111111
0.07163076	0.007597264	0.149555555556	0.00904444444444
0.07594775	0.006671146	0.143566666667	0.0110333333333
0.07148544	0.004046686	0.144277777778	0.00992222222222
0.06821983	0.006739577	0.145562222222	0.00957777777778
