root_height	pop_size	pi_net	pi_within
0.09677048	0.002855111	0.172144444444	0.00555555555556
0.08491258	0.003321575	0.173444444444	0.00545555555556
0.09400361	0.005287731	0.172055555556	0.00554444444444
0.09136797	0.003406901	0.172911111111	0.00538888888889
0.1050514	0.004624674	0.171944444444	0.00555555555556
0.09364861	0.003008744	0.1718	0.0055
0.09548987	0.003737579	0.172533333333	0.00536666666667
0.09448162	0.002727351	0.172522222222	0.00567777777778
0.1027567	0.00289692	0.171677777778	0.00542222222222
0.08574542	0.004936972	0.173426666667	0.00533333333333
0.08748854	0.005130611	0.172588888889	0.00531111111111
0.08819056	0.003113145	0.174211111111	0.00548888888889
0.09964747	0.002741423	0.173722222222	0.00567777777778
0.08261043	0.004037038	0.171711111111	0.00568888888889
0.05375632	0.008596602	0.172233333333	0.00576666666667
0.08652606	0.005278478	0.173266666667	0.00523333333333
0.1023818	0.00403148	0.170855555556	0.00554444444444
0.09816104	0.004366925	0.170811111111	0.00558888888889
0.111788	0.002926104	0.174033333333	0.00526666666667
0.06741778	0.00510986	0.172977777778	0.00582222222222
0.08183792	0.00418346	0.171177777778	0.00572222222222
0.1044099	0.00518074	0.170588888889	0.00551111111111
0.09806806	0.004115197	0.174955555556	0.00544444444444
0.08852819	0.003734392	0.173577777778	0.00582222222222
0.09916542	0.001921035	0.174977777778	0.00542222222222
0.09969958	0.00435479	0.174817777778	0.00572222222222
0.1107005	0.003879643	0.174644444444	0.00575555555556
0.09515896	0.003477386	0.171055555556	0.00524444444444
0.09981353	0.003623544	0.170275555556	0.00544444444444
0.1038875	0.004751319	0.174044444444	0.00585555555556
0.08184639	0.004815586	0.170977777778	0.00522222222222
0.08011018	0.004471844	0.170622222222	0.00527777777778
0.07709359	0.003026984	0.170777777778	0.00522222222222
0.08426409	0.003544318	0.1755	0.0054
0.08310459	0.004999496	0.173511111111	0.00508888888889
0.09618187	0.001662972	0.170373333333	0.00526666666667
0.08433324	0.002606659	0.170455555556	0.00524444444444
0.1009417	0.002916855	0.174633333333	0.00516666666667
0.1060148	0.0046855	0.175733333333	0.00546666666667
0.09833414	0.002487297	0.175622222222	0.00537777777778
0.09846711	0.004728978	0.169813333333	0.00546666666667
0.08861095	0.005039729	0.170147777778	0.00572222222222
0.09026936	0.005642773	0.175333333333	0.00526666666667
0.0843423	0.006665906	0.170457777778	0.00522222222222
0.08946155	0.003807417	0.172733333333	0.00596666666667
0.09185429	0.005343016	0.174248888889	0.00591111111111
0.0989654	0.002715487	0.169822222222	0.00537777777778
0.09715801	0.003421	0.174066666667	0.00593333333333
0.09561436	0.002723608	0.169844444444	0.00535555555556
0.09489755	0.004315097	0.1699	0.0057
0.1027983	0.004515821	0.175611111111	0.00528888888889
0.1021762	0.001890533	0.175855555556	0.00564444444444
0.0742854	0.003544006	0.170702222222	0.00587777777778
0.08958076	0.004666467	0.171484444444	0.00595555555556
0.08624432	0.002524686	0.175155555556	0.00584444444444
0.08932155	0.004347853	0.170544444444	0.00515555555556
0.09718113	0.003773408	0.170002222222	0.00577777777778
0.08646806	0.002934627	0.174144444444	0.00505555555556
0.08306394	0.004446228	0.1735	0.006
0.1208361	0.006071887	0.175622222222	0.00577777777778
0.08991945	0.002409895	0.172988888889	0.00501111111111
0.07125902	0.004920244	0.169411111111	0.00548888888889
0.08739838	0.001840869	0.170855555556	0.00594444444444
0.1029012	0.001894748	0.170601111111	0.00508888888889
0.0920931	0.007609438	0.173015555556	0.00604444444444
0.09226364	0.002334511	0.172122222222	0.00497777777778
0.0858075	0.00429964	0.173534444444	0.00605555555556
0.1086484	0.004143718	0.174944444444	0.00505555555556
0.1052363	0.004573313	0.172333333333	0.00606666666667
0.09076764	0.003854656	0.176222222222	0.00527777777778
0.0850932	0.002467249	0.170444444444	0.00595555555556
0.08916058	0.005621939	0.170555555556	0.00504444444444
0.09645699	0.002114756	0.171355555556	0.00604444444444
0.09913642	0.005338739	0.173522222222	0.00607777777778
0.09571217	0.003682416	0.172766666667	0.00493333333333
0.08257542	0.002956331	0.169033333333	0.00566666666667
0.09427155	0.002830518	0.169233333333	0.00526666666667
0.0993525	0.002308536	0.168955555556	0.00564444444444
0.08021831	0.004088944	0.169888888889	0.00591111111111
0.09839409	0.002945639	0.1735	0.0061
0.08935785	0.00385016	0.169433333333	0.00516666666667
0.08295729	0.004339052	0.175888888889	0.00511111111111
0.09129879	0.002306074	0.176544444444	0.00575555555556
0.08727756	0.003198709	0.168866666667	0.00573333333333
0.08439406	0.00455333	0.170844444444	0.00495555555556
0.09195709	0.005285361	0.169406666667	0.00513333333333
0.09379935	0.002750543	0.176988888889	0.00541111111111
0.07935236	0.004982849	0.168533333333	0.00546666666667
0.1047254	0.004174021	0.172833333333	0.00486666666667
0.09619674	0.00219976	0.168488888889	0.00561111111111
0.1036369	0.00253178	0.1763	0.0059
0.09118778	0.00479541	0.175144444444	0.00495555555556
0.09126508	0.004777388	0.173733333333	0.00486666666667
0.08462063	0.00557421	0.174577777778	0.00612222222222
0.09926941	0.003410757	0.174411111111	0.00488888888889
0.08958175	0.003939697	0.1685	0.0057
0.1031039	0.002964213	0.1688	0.0052
0.08442108	0.006362381	0.168422222222	0.00567777777778
0.1105086	0.004395357	0.171433333333	0.00486666666667
0.07964208	0.004490565	0.169011111111	0.00588888888889
0.1051629	0.003988605	0.176566666667	0.00513333333333
0.09067946	0.007203667	0.17506	0.0061
0.0945067	0.002105243	0.174455555556	0.00614444444444
0.09038273	0.002791305	0.174711111111	0.00488888888889
0.1209673	0.003637781	0.174711111111	0.00488888888889
0.09944388	0.002979672	0.169344444444	0.00505555555556
0.09554618	0.004672949	0.1752	0.0061
0.08349526	0.005583309	0.171811111111	0.00618888888889
0.1048052	0.002848016	0.172237777778	0.00482222222222
0.1073994	0.00447893	0.169411111111	0.00598888888889
0.1020229	0.004511927	0.176677777778	0.00512222222222
0.09265393	0.002951023	0.177288888889	0.00531111111111
0.1056034	0.005083716	0.174422222222	0.00617777777778
0.08935635	0.00306511	0.1732	0.0048
0.1145683	0.002350195	0.177055555556	0.00584444444444
0.0809135	0.00255191	0.168222222222	0.00527777777778
0.06825507	0.008623375	0.171618888889	0.00621111111111
0.08452394	0.003425384	0.170355555556	0.00614444444444
0.09424972	0.003049197	0.174037777778	0.00622222222222
0.09198603	0.003168647	0.168982222222	0.00597777777778
0.09611801	0.005153907	0.175577777778	0.00612222222222
0.08069614	0.006477289	0.170344444444	0.00615555555556
0.10519	0.002846365	0.175788888889	0.00491111111111
0.09792405	0.003854752	0.168733333333	0.00506666666667
0.07888088	0.003998604	0.169077777778	0.00602222222222
0.07492788	0.006215119	0.172633333333	0.00626666666667
0.09416398	0.003703395	0.168733333333	0.00596666666667
0.08500391	0.003503877	0.169588888889	0.00611111111111
0.09052376	0.004260119	0.167866666667	0.00573333333333
0.08630619	0.004707323	0.167866666667	0.00573333333333
0.09080091	0.004054074	0.167733333333	0.00566666666667
0.08928894	0.003488672	0.167831111111	0.00528888888889
0.0987649	0.004769717	0.167655555556	0.00564444444444
0.09359933	0.004133958	0.175267777778	0.00482222222222
0.08677584	0.004733818	0.177422222222	0.00587777777778
0.1015667	0.001916616	0.176188888889	0.00611111111111
0.1026554	0.003785334	0.177277777778	0.00592222222222
0.1072227	0.003156827	0.177955555556	0.00534444444444
0.09879886	0.004825002	0.176111111111	0.00488888888889
0.086781	0.004028665	0.1752	0.0048
0.09046878	0.002776163	0.172788888889	0.00471111111111
0.107562	0.002599915	0.170582222222	0.00477777777778
0.09056248	0.003542923	0.173488888889	0.00631111111111
0.1055603	0.003782529	0.167377777778	0.00542222222222
0.08616446	0.00281035	0.171166666667	0.00473333333333
0.09672135	0.005799579	0.169433333333	0.00486666666667
0.07358849	0.003711722	0.167488888889	0.00571111111111
0.1019965	0.005098089	0.173477777778	0.00632222222222
0.07442311	0.003968199	0.169777777778	0.00482222222222
0.08825706	0.004686742	0.176822222222	0.00607777777778
0.08907828	0.004262186	0.178222222222	0.00567777777778
0.08961089	0.006673039	0.168133333333	0.00596666666667
0.09295193	0.003230338	0.171027777778	0.00472222222222
0.07016271	0.004953233	0.167233333333	0.00556666666667
0.09518529	0.002355936	0.174577777778	0.00472222222222
0.08754963	0.005102976	0.177611111111	0.00508888888889
0.08848087	0.003461375	0.172322222222	0.00467777777778
0.1041872	0.001756861	0.168533333333	0.00496666666667
0.08043104	0.004654441	0.167266666667	0.00533333333333
0.09349586	0.003998324	0.174377777778	0.00632222222222
0.1017591	0.006189876	0.176778888889	0.00611111111111
0.08648238	0.002187781	0.168522222222	0.00607777777778
0.07243055	0.005059241	0.17847	0.0056
0.08962614	0.002970396	0.167388888889	0.00581111111111
0.09243859	0.00337454	0.167454444444	0.00585555555556
0.08543541	0.004447415	0.173422222222	0.00637777777778
0.09959817	0.003035787	0.177166666667	0.00493333333333
0.07236609	0.003122372	0.171444444444	0.00465555555556
0.1023917	0.003688352	0.177577777778	0.00602222222222
0.1021871	0.004151874	0.178	0.0051
0.09667384	0.003111485	0.176277777778	0.00622222222222
0.07434444	0.004235331	0.166844444444	0.00545555555556
0.08196222	0.003480254	0.167355555556	0.00514444444444
0.09884612	0.002863775	0.175277777778	0.00632222222222
0.1000183	0.002633125	0.170277777778	0.00632222222222
0.09855438	0.004234349	0.1781	0.0051
0.1087274	0.0041927	0.1781	0.0051
0.09774682	0.002345253	0.168155555556	0.00494444444444
0.08347022	0.002138912	0.172077777778	0.00462222222222
0.102822	0.002788081	0.171977777778	0.00462222222222
0.09374439	0.00299509	0.176144444444	0.00625555555556
0.09257928	0.002980692	0.175122222222	0.00467777777778
0.07216304	0.002401525	0.1731	0.0046
0.08283638	0.002718502	0.168188888889	0.00491111111111
0.09830839	0.003443804	0.169344444444	0.00475555555556
0.07938302	0.003847011	0.167844444444	0.00605555555556
0.1024225	0.002664428	0.171177777778	0.00462222222222
0.08959154	0.003674394	0.169466666667	0.00473333333333
0.08694891	0.003160232	0.167325555556	0.00594444444444
0.1061389	0.0031758	0.176977777778	0.00482222222222
0.1007021	0.003323482	0.172722222222	0.00457777777778
0.1051384	0.003646011	0.172942222222	0.00457777777778
0.09226463	0.003901891	0.172155555556	0.00644444444444
0.08633883	0.004123304	0.176988888889	0.00621111111111
0.09896717	0.004219331	0.179088888889	0.00551111111111
0.08546562	0.006464274	0.168224444444	0.00485555555556
0.094951	0.004181317	0.171286666667	0.00643333333333
0.1033782	0.003790464	0.167028888889	0.00591111111111
0.08334087	0.002413834	0.166622222222	0.00527777777778
0.1013097	0.002960808	0.170477777778	0.00462222222222
0.1217051	0.003669277	0.170122222222	0.00637777777778
0.08456374	0.005006965	0.169288888889	0.00471111111111
0.09241516	0.006488958	0.174205555556	0.00644444444444
0.0966397	0.001378548	0.167911111111	0.00488888888889
0.09731897	0.003796155	0.169466666667	0.00633333333333
0.09343397	0.002158813	0.1705	0.0046
0.07997687	0.003722537	0.1677	0.0049
0.08970576	0.002658609	0.166311111111	0.00538888888889
0.09440569	0.004905314	0.1666	0.0052
0.08681153	0.004120119	0.170437777778	0.00642222222222
0.08221996	0.001451191	0.166411111111	0.00528888888889
0.1026746	0.00267664	0.169206666667	0.00633333333333
0.1052497	0.003135007	0.176608888889	0.00631111111111
0.09406492	0.005026113	0.170311111111	0.00458888888889
0.09712731	0.00399749	0.16743	0.0061
0.09409654	0.001948413	0.172988888889	0.00451111111111
0.08532501	0.006447698	0.178455555556	0.00604444444444
0.09540718	0.002318621	0.175044444444	0.00645555555556
0.07976159	0.006732048	0.173588888889	0.00651111111111
0.0871306	0.003471992	0.166977777778	0.00602222222222
0.09674234	0.003286624	0.170855555556	0.00454444444444
0.08121691	0.002907571	0.178688888889	0.00501111111111
0.07926488	0.005860731	0.177166666667	0.00473333333333
0.09008342	0.004450409	0.1761	0.0064
0.1001844	0.00353008	0.170622222222	0.00647777777778
0.1154778	0.004895865	0.171368888889	0.00651111111111
0.08878235	0.007379685	0.169806666667	0.00643333333333
0.1061675	0.005374387	0.170455555556	0.00454444444444
0.09987923	0.001926683	0.167188888889	0.00491111111111
0.09932927	0.0009235934	0.179522222222	0.00527777777778
0.09716135	0.003778959	0.176188888889	0.00641111111111
0.08886736	0.002241089	0.171511111111	0.00448888888889
0.1009376	0.002025933	0.172533333333	0.00446666666667
0.09360781	0.002401514	0.172333333333	0.00446666666667
0.07504845	0.004096647	0.1661	0.0052
0.1029675	0.002732262	0.171655555556	0.00654444444444
0.09689367	0.004310205	0.179566666667	0.00523333333333
0.08793705	0.00191442	0.1676	0.0048
0.06880905	0.003076461	0.166588888889	0.00601111111111
0.0911725	0.003157414	0.179644444444	0.00575555555556
0.1166215	0.00404438	0.179855555556	0.00554444444444
0.08623108	0.002461994	0.174322222222	0.00447777777778
0.106426	0.004916921	0.179464444444	0.00515555555556
0.09239173	0.004864652	0.169147777778	0.00642222222222
0.08707676	0.004514544	0.165744444444	0.00565555555556
0.1021663	0.001930109	0.178522222222	0.00487777777778
0.08605583	0.002994223	0.175822222222	0.00647777777778
0.09566293	0.005359032	0.1688	0.0064
0.09115703	0.004703727	0.170188888889	0.00651111111111
0.1037766	0.003079172	0.179966666667	0.00553333333333
0.09508384	0.003550914	0.179641111111	0.00518888888889
0.111409	0.003965956	0.169655555556	0.00454444444444
0.09495222	0.003608398	0.175922222222	0.00647777777778
0.1053719	0.006487014	0.166877777778	0.00612222222222
0.1022931	0.004178698	0.169344444444	0.00645555555556
0.09035625	0.002241602	0.172811111111	0.00658888888889
0.1000026	0.002510587	0.1689	0.0046
0.107017	0.004370638	0.169666666667	0.00453333333333
0.0792655	0.002715468	0.1673	0.0048
0.08729321	0.001304621	0.167361111111	0.00478888888889
0.0883457	0.002673835	0.170311111111	0.00448888888889
0.1104516	0.001852383	0.178477777778	0.00482222222222
0.09136162	0.002381636	0.169173333333	0.00646666666667
0.09875973	0.004677778	0.179144444444	0.00495555555556
0.0929644	0.003597591	0.170155555556	0.00654444444444
0.0875482	0.004480732	0.166324444444	0.00605555555556
0.08169663	0.004802778	0.1662	0.005
0.08272962	0.005147135	0.174377777778	0.00442222222222
0.1071882	0.004399697	0.173377777778	0.00662222222222
0.09632489	0.004306126	0.176088888889	0.00451111111111
0.08879813	0.004543526	0.178422222222	0.00477777777778
0.1064482	0.002180527	0.1738	0.0044
0.1061472	0.004226539	0.1786	0.0048
0.0854448	0.005235165	0.173877777778	0.00662222222222
0.08321473	0.005589359	0.169666666667	0.00653333333333
0.1127474	0.005250845	0.173917777778	0.00662222222222
0.07558656	0.004196206	0.1692	0.0065
0.09840629	0.004771445	0.177744444444	0.00465555555556
0.09030399	0.004087293	0.172822222222	0.00437777777778
0.09528239	0.00409702	0.165746666667	0.00593333333333
0.09166609	0.002507375	0.167694444444	0.00635555555556
0.09085621	0.003703709	0.165244444444	0.00535555555556
0.09530323	0.003074439	0.166922222222	0.00477777777778
0.09568952	0.002915503	0.180433333333	0.00546666666667
0.09509364	0.001933002	0.166708888889	0.00481111111111
0.09144487	0.006484926	0.172244444444	0.00665555555556
0.08699981	0.007255826	0.172144444444	0.00665555555556
0.08764962	0.003698849	0.173444444444	0.00665555555556
0.0896	0.003952226	0.167544444444	0.00635555555556
0.08344999	0.008376066	0.165577777778	0.00592222222222
0.09315432	0.003066253	0.166322222222	0.00487777777778
0.09763818	0.004266449	0.178477777778	0.00472222222222
0.09664812	0.005205466	0.169911111111	0.00658888888889
0.0964701	0.002833771	0.171494444444	0.00665555555556
0.09795499	0.003797942	0.168165555556	0.00644444444444
0.08116228	0.003429553	0.1755	0.0066
0.1083005	0.004066387	0.168422222222	0.00647777777778
0.09926103	0.006066319	0.165728888889	0.00601111111111
0.08641204	0.001897418	0.169444444444	0.00445555555556
0.07809741	0.003326406	0.176888888889	0.00651111111111
0.08864079	0.003828609	0.171344444444	0.00435555555556
0.1099839	0.003929531	0.179344444444	0.00485555555556
0.09567438	0.002155679	0.177977777778	0.00462222222222
0.1001604	0.004999774	0.180466666667	0.00523333333333
0.1122431	0.003540708	0.1807	0.0055
0.09206771	0.003284982	0.171155555556	0.00434444444444
0.0884658	0.003467826	0.175345555556	0.00664444444444
0.1076021	0.004840629	0.178677777778	0.00632222222222
0.1150696	0.003455403	0.179677777778	0.00612222222222
0.0895493	0.003287648	0.170644444444	0.00435555555556
0.08244939	0.005152722	0.172888888889	0.00671111111111
0.100107	0.00394968	0.180811111111	0.00558888888889
0.09600749	0.004388836	0.170244444444	0.00665555555556
0.1004639	0.00592817	0.174177777778	0.00432222222222
0.1064712	0.002285315	0.180867777778	0.00552222222222
0.07875332	0.003417934	0.171588888889	0.00671111111111
0.09541112	0.002183611	0.164733333333	0.00566666666667
0.1007105	0.007671232	0.169626666667	0.00663333333333
0.08826303	0.003435699	0.177844444444	0.00455555555556
0.1013294	0.004752187	0.180022222222	0.00607777777778
0.09244683	0.001630648	0.172911111111	0.00428888888889
0.08737657	0.002832768	0.164877777778	0.00582222222222
0.1031332	0.005940852	0.180355555556	0.00504444444444
0.1082421	0.003654821	0.176822222222	0.00657777777778
0.0947588	0.005311699	0.172106666667	0.00673333333333
0.09164472	0.003345266	0.178388888889	0.00641111111111
0.1037314	0.003218541	0.171911111111	0.00428888888889
0.07905599	0.002112101	0.164755555556	0.00524444444444
0.07953625	0.004116365	0.165133333333	0.00596666666667
0.09566661	0.004790484	0.174357777778	0.00672222222222
0.09805157	0.003123487	0.170306666667	0.00433333333333
0.1073795	0.003340349	0.181055555556	0.00554444444444
0.1015592	0.00535731	0.175311111111	0.00668888888889
0.09016111	0.00250771	0.176132222222	0.00437777777778
0.09780388	0.00384299	0.173655555556	0.00674444444444
0.1007199	0.00368038	0.179322222222	0.00627777777778
0.09290315	0.003203939	0.168928888889	0.00661111111111
0.1082236	0.003350802	0.180202222222	0.00607777777778
0.1096582	0.003438532	0.175933333333	0.00666666666667
0.1020805	0.003281633	0.166466666667	0.00633333333333
0.08451635	0.002866952	0.1645	0.0057
0.09359309	0.005841175	0.171744444444	0.00675555555556
0.0784016	0.003940129	0.166191111111	0.00628888888889
0.0944229	0.001779664	0.169011111111	0.00438888888889
0.09722468	0.003409066	0.167155555556	0.00644444444444
0.1014957	0.003279457	0.166288888889	0.00471111111111
0.1019036	0.004528223	0.170766666667	0.00673333333333
0.08152521	0.004889058	0.181055555556	0.00524444444444
0.09932375	0.004220315	0.169022222222	0.00437777777778
0.09104203	0.002076071	0.171133333333	0.00426666666667
0.08513111	0.002738725	0.168266666667	0.00443333333333
0.09777803	0.0034561	0.180744444444	0.00505555555556
0.09617765	0.004555091	0.168211111111	0.00658888888889
0.1048393	0.004912031	0.178711111111	0.00458888888889
0.097155	0.003461717	0.164504444444	0.00585555555556
0.1034691	0.002458714	0.181177777778	0.00522222222222
0.09948907	0.002438622	0.171255555556	0.00424444444444
0.1029875	0.001616002	0.169477777778	0.00432222222222
0.05412653	0.006115253	0.168277777778	0.00662222222222
0.1014988	0.006219645	0.181433333333	0.00536666666667
0.0992688	0.003689271	0.170533333333	0.00676666666667
0.09543402	0.004580915	0.181333333333	0.00526666666667
0.08371752	0.003820454	0.164777777778	0.00602222222222
0.09013171	0.003559012	0.171066666667	0.00423333333333
0.1122117	0.002236301	0.178895555556	0.00644444444444
0.08736205	0.001198292	0.174666666667	0.00423333333333
0.09933678	0.003272837	0.178935555556	0.00644444444444
0.1086151	0.002243068	0.171688888889	0.00681111111111
0.09705242	0.002898113	0.1744	0.0068
0.09850944	0.004158932	0.167	0.0065
0.101362	0.001115592	0.170422222222	0.00677777777778
0.08913947	0.005556495	0.164877777778	0.00492222222222
0.1054919	0.003303242	0.178822222222	0.00647777777778
0.1013867	0.003561162	0.175111111111	0.00678888888889
0.09443402	0.003649694	0.176377777778	0.00672222222222
0.0649917	0.003139486	0.164433333333	0.00506666666667
0.0836714	0.006280534	0.165566666667	0.00473333333333
0.1024713	0.007249138	0.164011111111	0.00528888888889
0.08146992	0.006420625	0.173866666667	0.00683333333333
0.0789513	0.005293899	0.165444444444	0.00475555555556
0.08963071	0.004024934	0.181644444444	0.00535555555556
0.08645211	0.005043923	0.164984444444	0.00615555555556
0.08843106	0.004168241	0.166977777778	0.00652222222222
0.08349213	0.003651868	0.166888888889	0.00651111111111
0.09300536	0.00545992	0.173055555556	0.00684444444444
0.09586917	0.003048429	0.169533333333	0.00426666666667
0.1027036	0.003012409	0.181366666667	0.00513333333333
0.09221938	0.003621858	0.165511111111	0.00628888888889
0.1034195	0.005688719	0.166355555556	0.00644444444444
0.09659584	0.003456151	0.169855555556	0.00424444444444
0.08658921	0.004761557	0.1639	0.0053
0.09976642	0.002927399	0.181023333333	0.00496666666667
0.09079011	0.002798199	0.171111111111	0.00418888888889
0.09203558	0.003121715	0.166677777778	0.00452222222222
0.0977869	0.003642284	0.176233333333	0.00426666666667
0.09379926	0.003714704	0.171412222222	0.00417777777778
0.1021823	0.002061921	0.164244444444	0.00595555555556
0.09511068	0.003751627	0.177644444444	0.00665555555556
0.08562404	0.003801918	0.167933333333	0.00436666666667
0.07904954	0.005782801	0.164566666667	0.00493333333333
0.1114484	0.003480174	0.181866666667	0.00543333333333
0.09233694	0.003191679	0.169133333333	0.00426666666667
0.10665	0.004986024	0.181488888889	0.00591111111111
0.09454099	0.003791511	0.164577777778	0.00492222222222
0.08801644	0.005148101	0.163955555556	0.00584444444444
0.08105819	0.004721621	0.163846666667	0.00523333333333
0.09077056	0.003525087	0.163748888889	0.00571111111111
0.09601989	0.002716452	0.16532	0.0063
0.08794109	0.002164555	0.168656666667	0.00673333333333
0.08844039	0.003367756	0.16819	0.0067
0.0872821	0.005254412	0.172411111111	0.00688888888889
0.08800189	0.00344439	0.1761	0.0068
0.08048533	0.002428886	0.166266666667	0.00453333333333
0.1024181	0.001813516	0.178833333333	0.00656666666667
0.1081303	0.003931403	0.181988888889	0.00531111111111
0.1170727	0.003285572	0.181555555556	0.00504444444444
0.08423069	0.002464375	0.175233333333	0.00416666666667
0.1088011	0.00288216	0.176188888889	0.00421111111111
0.0997865	0.004869233	0.163477777778	0.00562222222222
0.1044931	0.003972948	0.181633333333	0.00596666666667
0.07914921	0.004443321	0.169077777778	0.00422222222222
0.09245525	0.004388459	0.178133333333	0.00666666666667
0.09881343	0.004364645	0.1742	0.0069
0.09131408	0.004357368	0.1694	0.0042
0.08683834	0.001945807	0.163566666667	0.00523333333333
0.08415038	0.003753548	0.168	0.0043
0.09270168	0.003192555	0.181617777778	0.00502222222222
0.08482828	0.001877127	0.169511111111	0.00418888888889
0.08993528	0.003272486	0.164722222222	0.00477777777778
0.08775457	0.001920226	0.170422222222	0.00687777777778
0.09459407	0.004010554	0.163666666667	0.00513333333333
0.09405611	0.00304364	0.170977777778	0.00412222222222
0.09572092	0.003108204	0.182166666667	0.00573333333333
0.09268311	0.003344261	0.165633333333	0.00456666666667
0.09183639	0.005673617	0.163244444444	0.00545555555556
0.0963801	0.001520963	0.165755555556	0.00454444444444
0.09101108	0.004084996	0.164222222222	0.00487777777778
0.09416488	0.002407865	0.164966666667	0.00633333333333
0.07873925	0.003943509	0.163466666667	0.00583333333333
0.09475933	0.003126992	0.1712	0.0041
0.07494238	0.004084134	0.163788888889	0.00501111111111
0.08105517	0.004138279	0.168133333333	0.00676666666667
0.08634916	0.003538559	0.174577777778	0.00692222222222
0.08032601	0.002039674	0.163422222222	0.00517777777778
0.08254986	0.003430944	0.17022	0.0069
0.08844002	0.002817203	0.166055555556	0.00654444444444
0.09130661	0.002763307	0.163433333333	0.00586666666667
0.09233403	0.006497309	0.172924444444	0.00695555555556
0.1233944	0.004664724	0.181033333333	0.00626666666667
0.08843762	0.00200105	0.166255555556	0.00444444444444
0.08526016	0.002406906	0.168488888889	0.00681111111111
0.09888878	0.005548962	0.179777777778	0.00652222222222
0.09855713	0.004471932	0.172744444444	0.00405555555556
0.08650478	0.002810773	0.163733333333	0.00496666666667
0.08957104	0.002917015	0.172083333333	0.00696666666667
0.09094285	0.00380187	0.165088888889	0.00641111111111
0.06736473	0.005669855	0.164755555556	0.00634444444444
0.0969623	0.002977018	0.1671	0.0067
0.08634501	0.004667011	0.16319	0.0058
0.1025486	0.003155912	0.182555555556	0.00564444444444
0.08503436	0.003590045	0.164466666667	0.00473333333333
0.1007172	0.005275489	0.172522222222	0.00697777777778
0.09744973	0.003247806	0.177277777778	0.00682222222222
0.1118051	0.003462588	0.174344444444	0.00405555555556
0.1015139	0.005590364	0.1821	0.006
0.08784895	0.001282468	0.162922222222	0.00547777777778
0.1029202	0.003575368	0.170422222222	0.00407777777778
0.08081417	0.002448119	0.162911111111	0.00548888888889
0.1069689	0.005212142	0.18	0.0045
0.08681999	0.009161381	0.169588888889	0.00691111111111
0.113486	0.007265379	0.172281111111	0.00698888888889
0.0708968	0.005160992	0.162933333333	0.00536666666667
0.1011541	0.002143472	0.182677777778	0.00562222222222
0.08091963	0.001413419	0.163133333333	0.00516666666667
0.09532814	0.004738117	0.164888888889	0.00641111111111
0.1048822	0.004976597	0.176722222222	0.00687777777778
0.0810311	0.002875975	0.167433333333	0.00676666666667
0.09097052	0.004311284	0.165911111111	0.00658888888889
0.09311924	0.003415835	0.172477777778	0.00402222222222
0.1217072	0.004068557	0.182755555556	0.00554444444444
0.09028788	0.002325979	0.1629	0.0057
0.0938193	0.006671922	0.164877777778	0.00642222222222
0.1162178	0.005069183	0.1735	0.007
0.09103681	0.001574369	0.1795	0.0044
0.09584879	0.003108946	0.164011111111	0.00478888888889
0.08815108	0.001994963	0.162755555556	0.00554444444444
0.08709291	0.003912485	0.166946666667	0.00673333333333
0.08809336	0.00355537	0.168155555556	0.00684444444444
0.09872363	0.007557435	0.165771111111	0.00658888888889
0.09363117	0.003532484	0.182455555556	0.00594444444444
0.09097338	0.002859703	0.162755555556	0.00534444444444
0.08598179	0.002560024	0.164944444444	0.00455555555556
0.07482811	0.004813255	0.163866666667	0.00623333333333
0.0685982	0.00464113	0.162951111111	0.00588888888889
0.1016577	0.003050973	0.18209	0.0049
0.08389161	0.006205089	0.178048888889	0.00681111111111
0.1077405	0.003224587	0.168788888889	0.00411111111111
0.08765544	0.00263852	0.179433333333	0.00666666666667
0.08664953	0.003563647	0.163211111111	0.00498888888889
0.08481337	0.004653005	0.166311111111	0.00668888888889
0.07758652	0.004288956	0.162622222222	0.00537777777778
0.08516819	0.003209866	0.1626	0.0054
0.09777425	0.003976887	0.1792	0.0067
0.1102572	0.003343803	0.180355555556	0.00654444444444
0.07423906	0.00500884	0.16305	0.006
0.07730721	0.003913714	0.182633333333	0.00506666666667
0.09338235	0.004121635	0.166612222222	0.00427777777778
0.09451754	0.003770082	0.167011111111	0.00678888888889
0.06794115	0.003672505	0.162557777778	0.00572222222222
0.07286749	0.004110461	0.166022222222	0.00667777777778
0.07950466	0.002719768	0.172633333333	0.00396666666667
0.08467204	0.00307605	0.164133333333	0.00466666666667
0.09137203	0.003105204	0.172333333333	0.00396666666667
0.082965	0.004401795	0.162713333333	0.00586666666667
0.09847473	0.003974415	0.164888888889	0.00451111111111
0.09574427	0.006784595	0.166842222222	0.00677777777778
0.08805733	0.002800636	0.164522222222	0.00457777777778
0.0869026	0.003533228	0.181766666667	0.00473333333333
0.09766031	0.003036668	0.164777777778	0.00452222222222
0.08407377	0.002103962	0.166881111111	0.00678888888889
0.08395701	0.003758573	0.163266666667	0.00613333333333
0.0843841	0.00473912	0.169466666667	0.00403333333333
0.09323166	0.003764584	0.168844444444	0.00695555555556
0.102284	0.004318027	0.180055555556	0.00664444444444
0.08782175	0.005884436	0.169688888889	0.00701111111111
0.08217947	0.006207045	0.1623	0.0054
0.1061726	0.003856806	0.180735555556	0.00654444444444
0.08961202	0.002328237	0.165366666667	0.00663333333333
0.09848253	0.002688008	0.169011111111	0.00698888888889
0.1068846	0.006590856	0.181877777778	0.00632222222222
0.08448272	0.003837043	0.162277777778	0.00532222222222
0.08852719	0.004223904	0.163522222222	0.00627777777778
0.1024616	0.002497227	0.175711111111	0.00398888888889
0.09873898	0.005297082	0.183411111111	0.00548888888889
0.09529788	0.003098267	0.162833333333	0.00606666666667
0.0947922	0.004683385	0.179202222222	0.00677777777778
0.1008826	0.003235023	0.168333333333	0.00406666666667
0.09026236	0.006093444	0.163715555556	0.00634444444444
0.08908408	0.004067336	0.162711111111	0.00498888888889
0.1102416	0.002604948	0.180381111111	0.00438888888889
0.1112054	0.003185555	0.176488888889	0.00701111111111
0.1038377	0.003497256	0.174566666667	0.00393333333333
0.09267586	0.003906866	0.162666666667	0.00603333333333
0.08737767	0.007552031	0.170911111111	0.00708888888889
0.0797487	0.002430796	0.162366666667	0.00513333333333
0.09071857	0.004339533	0.163937777778	0.00642222222222
0.09317346	0.003874768	0.162645555556	0.00604444444444
0.08499589	0.002523095	0.162411111111	0.00508888888889
0.1018198	0.003028706	0.16314	0.0048
0.1006703	0.002769322	0.180255555556	0.00434444444444
0.09415768	0.004366489	0.177322222222	0.00697777777778
0.08541465	0.004828173	0.164411111111	0.00448888888889
0.07678836	0.005946009	0.162158888889	0.00581111111111
0.08189524	0.003075992	0.164055555556	0.00454444444444
0.09461362	0.002196465	0.169815555556	0.00394444444444
0.09246997	0.001948062	0.180011111111	0.00428888888889
0.1101877	0.003083733	0.183688888889	0.00561111111111
0.09872354	0.002051877	0.182977777778	0.00492222222222
0.08515504	0.002971934	0.162048888889	0.00521111111111
0.08258818	0.003581421	0.171511111111	0.00388888888889
0.1091511	0.00191375	0.183377777778	0.00592222222222
0.09973305	0.004082289	0.180888888889	0.00661111111111
0.08178395	0.004303129	0.1819	0.0046
0.09202314	0.003867203	0.168855555556	0.00704444444444
0.09864792	0.003626717	0.165977777778	0.00422222222222
0.08757707	0.00221426	0.163055555556	0.00474444444444
0.07335604	0.004250944	0.179822222222	0.00677777777778
0.094015	0.005446457	0.162222222222	0.00597777777778
0.08412079	0.003432077	0.1635	0.0064
0.0884497	0.004265795	0.173644444444	0.00715555555556
0.0826525	0.003321578	0.161755555556	0.00544444444444
0.09544552	0.004008993	0.162111111111	0.00508888888889
0.09722288	0.007725307	0.164293333333	0.00656666666667
0.1023733	0.003963662	0.183088888889	0.00611111111111
0.09449666	0.003065606	0.1646	0.0044
0.08974056	0.007733141	0.176322222222	0.00707777777778
0.08956455	0.003286317	0.1622	0.006
0.09424458	0.003530003	0.163478888889	0.00641111111111
0.07998126	0.004566139	0.162	0.0059
0.07745184	0.005100494	0.180702222222	0.00667777777778
0.09959867	0.006040498	0.183588888889	0.00511111111111
0.1114881	0.003193835	0.1832	0.0061
0.09469722	0.003245932	0.161855555556	0.00584444444444
0.1018595	0.005079653	0.1638	0.0065
0.08681139	0.003410602	0.1657	0.0068
0.09774278	0.002957727	0.161722222222	0.00527777777778
0.09224645	0.005899852	0.181622222222	0.00447777777778
0.08734476	0.003352156	0.166366666667	0.00413333333333
0.0949117	0.003378424	0.162444444444	0.00485555555556
0.1110088	0.002714624	0.181711111111	0.00448888888889
0.08887663	0.003761312	0.175455555556	0.00714444444444
0.09152481	0.003096616	0.162424444444	0.00485555555556
0.09956707	0.003485243	0.162455555556	0.00484444444444
0.08882435	0.004173349	0.161586666667	0.00533333333333
0.08091202	0.003164604	0.161902222222	0.00507777777778
0.08726996	0.004318083	0.166311111111	0.00688888888889
0.08788908	0.00261011	0.161688888889	0.00581111111111
0.09278364	0.002959667	0.184035555556	0.00564444444444
0.07101339	0.004907016	0.1655	0.0068
0.09139126	0.004219872	0.165766666667	0.00683333333333
0.1033609	0.002058427	0.183955555556	0.00524444444444
0.08242342	0.001784979	0.161685555556	0.00584444444444
0.0961211	0.002613316	0.1663	0.0069
0.09916111	0.002080702	0.184066666667	0.00533333333333
0.0836108	0.006344011	0.17182	0.0072
0.09748327	0.002691701	0.183322222222	0.00487777777778
0.1120962	0.004905851	0.174611111111	0.00718888888889
0.1036413	0.003923117	0.180777777778	0.00672222222222
0.1019369	0.004109325	0.169346666667	0.00713333333333
0.102544	0.004521874	0.183688888889	0.00601111111111
0.08619833	0.003967593	0.170781111111	0.00718888888889
0.08719442	0.002437721	0.179111111111	0.00408888888889
0.1087487	0.004381129	0.180455555556	0.00424444444444
0.07775254	0.003615846	0.164235555556	0.00664444444444
0.09219399	0.003421276	0.162761111111	0.00468888888889
0.0835638	0.008004039	0.171488888889	0.00721111111111
0.09045383	0.002892491	0.170155555556	0.00384444444444
0.09818087	0.004051206	0.161397777778	0.00532222222222
0.09192556	0.00225376	0.169844444444	0.00385555555556
0.1092258	0.004984185	0.170466666667	0.00383333333333
0.1023077	0.005423227	0.172077777778	0.00722222222222
0.1104044	0.005597898	0.184166666667	0.00573333333333
0.1226434	0.005797207	0.1841	0.0058
0.09532129	0.002570904	0.161522222222	0.00517777777778
0.1004822	0.004073706	0.180288888889	0.00421111111111
0.09971397	0.005406151	0.180633333333	0.00676666666667
0.1088024	0.003030996	0.168377777778	0.00392222222222
0.1032564	0.004809021	0.17499	0.0072
0.08126645	0.003413237	0.162155555556	0.00484444444444
0.08456155	0.004144054	0.162311111111	0.00478888888889
0.08975029	0.002784916	0.180477777778	0.00422222222222
0.09117945	0.003628255	0.161211111111	0.00558888888889
0.09874405	0.002412512	0.1637	0.0066
0.07682954	0.005996469	0.175911111111	0.00718888888889
0.1081702	0.003334547	0.163044444444	0.00455555555556
0.09496916	0.006712925	0.1616	0.006
0.096764	0.003899871	0.183977777778	0.00502222222222
0.09280218	0.004602922	0.164466666667	0.00673333333333
0.08548709	0.004177363	0.163611111111	0.00658888888889
0.09144924	0.003557088	0.161355555556	0.00514444444444
0.09440977	0.003491296	0.161077777778	0.00552222222222
0.09548475	0.004287874	0.164258888889	0.00671111111111
0.1014194	0.004102877	0.184311111111	0.00518888888889
0.1053248	0.003233552	0.165344444444	0.00415555555556
0.09842506	0.005680564	0.164908888889	0.00681111111111
0.1127474	0.001942889	0.1838	0.0049
0.09716246	0.005008649	0.170855555556	0.00724444444444
0.08848879	0.006076737	0.163011111111	0.00648888888889
0.08921467	0.004993119	0.161366666667	0.00593333333333
0.08658387	0.001720073	0.178711111111	0.00398888888889
0.08881631	0.002485501	0.182655555556	0.00454444444444
0.1050031	0.002327939	0.183522222222	0.00477777777778
0.1004147	0.004076572	0.183851111111	0.00488888888889
0.09244029	0.003390125	0.168111111111	0.00388888888889
0.08240636	0.002981511	0.178811111111	0.00398888888889
0.08499067	0.005794106	0.163077777778	0.00652222222222
0.097729	0.002863577	0.164088888889	0.00671111111111
0.08564246	0.00715952	0.164866666667	0.00683333333333
0.08393661	0.003341026	0.161965555556	0.00624444444444
0.09640507	0.004449109	0.1691	0.0072
0.09719352	0.003811643	0.160888888889	0.00551111111111
0.1004431	0.004823938	0.166166666667	0.00403333333333
0.08687976	0.002088057	0.161911111111	0.00478888888889
0.09552105	0.004138424	0.16116	0.0059
0.07879655	0.003602925	0.161984444444	0.00475555555556
0.1048332	0.005421733	0.169955555556	0.00724444444444
0.08529002	0.003290542	0.164766666667	0.00683333333333
0.07935669	0.003268324	0.164677777778	0.00682222222222
0.09792776	0.002647649	0.166417777778	0.00702222222222
0.08678591	0.002955756	0.162633333333	0.00456666666667
0.08239524	0.003194696	0.167922222222	0.00387777777778
0.1051662	0.003117667	0.163226666667	0.00443333333333
0.08312239	0.00371621	0.183066666667	0.00643333333333
0.1194195	0.005495444	0.176588888889	0.00721111111111
0.09592553	0.003558756	0.1661	0.007
0.1004616	0.004714923	0.175895555556	0.00724444444444
0.09699958	0.003441504	0.183013333333	0.00456666666667
0.07990415	0.002847138	0.166744444444	0.00395555555556
0.08647178	0.005521013	0.1612	0.006
0.09335982	0.006475967	0.167268888889	0.00711111111111
0.1044898	0.003641714	0.1662	0.004
0.09099976	0.001468028	0.171808888889	0.00371111111111
0.08250814	0.003608306	0.1643	0.0068
0.1016934	0.003677267	0.171488888889	0.00731111111111
0.09583096	0.003639229	0.1818	0.0043
0.09690985	0.004201742	0.172577777778	0.00732222222222
0.0925582	0.001793515	0.16195	0.0047
0.09553917	0.003253353	0.165544444444	0.00405555555556
0.0978016	0.00260983	0.16308	0.0066
0.08179866	0.003793313	0.16319	0.0044
0.1074839	0.00491243	0.182566666667	0.00443333333333
0.08359117	0.002445869	0.160644444444	0.00545555555556
0.08543948	0.003824741	0.162746666667	0.00653333333333
0.09014834	0.003359338	0.182622222222	0.00657777777778
0.08859538	0.004013495	0.184944444444	0.00555555555556
0.08776143	0.00386777	0.161077777778	0.00502222222222
0.09146334	0.003976296	0.168687777778	0.00722222222222
0.09139517	0.005032778	0.161626666667	0.00623333333333
0.1107977	0.00417905	0.184877777778	0.00572222222222
0.09155504	0.00346632	0.160628888889	0.00561111111111
0.09263665	0.003703617	0.163944444444	0.00425555555556
0.09116161	0.002599224	0.172211111111	0.00368888888889
0.1051547	0.00350158	0.174868888889	0.00731111111111
0.08079014	0.001881781	0.168822222222	0.00377777777778
0.1175505	0.005073594	0.184933333333	0.00576666666667
0.1035665	0.003851515	0.184888888889	0.00581111111111
0.09527728	0.004083842	0.17089	0.0037
0.0896849	0.005326518	0.181733333333	0.00676666666667
0.07230891	0.009017154	0.173222222222	0.00367777777778
0.08607352	0.004363698	0.161632222222	0.00627777777778
0.125352	0.002362414	0.18506	0.0054
0.09714385	0.002428379	0.166244444444	0.00395555555556
0.1052157	0.002360192	0.173672222222	0.00367777777778
0.0996272	0.002907934	0.16976	0.0073
0.07836127	0.004941843	0.163222222222	0.00667777777778
0.1234128	0.005792218	0.184122222222	0.00477777777778
0.09986605	0.00287023	0.160877777778	0.00502222222222
0.1014114	0.005357913	0.173434444444	0.00735555555556
0.07481267	0.003481984	0.162388888889	0.00451111111111
0.09038813	0.003230316	0.164866666667	0.00693333333333
0.08682951	0.003225714	0.174966666667	0.00733333333333
0.09675331	0.002128433	0.166955555556	0.00714444444444
0.09401368	0.004474493	0.162	0.0046
0.09628431	0.003561092	0.181	0.0069
0.0898818	0.002969909	0.169271111111	0.00728888888889
0.08890973	0.005283266	0.183464444444	0.00645555555556
0.07401843	0.005428242	0.160744444444	0.00595555555556
0.08858943	0.002751709	0.163644444444	0.00425555555556
0.07801981	0.004803836	0.172533333333	0.00736666666667
0.08799199	0.002002348	0.162277777778	0.00452222222222
0.09453516	0.002350631	0.182455555556	0.00434444444444
0.09702454	0.001930981	0.174333333333	0.00366666666667
0.09436175	0.00173027	0.170311111111	0.00368888888889
0.09043016	0.005025592	0.165231111111	0.00698888888889
0.09349774	0.002387138	0.171644444444	0.00365555555556
0.1049446	0.004144947	0.170066666667	0.00733333333333
0.07232212	0.002124106	0.160422222222	0.00577777777778
0.09713635	0.003424123	0.1603	0.0056
0.08581904	0.004194192	0.168443333333	0.00726666666667
0.08974502	0.004217244	0.162433333333	0.00656666666667
0.1245543	0.003517773	0.183388888889	0.00451111111111
0.09450014	0.003000916	0.181622222222	0.00417777777778
0.08031711	0.001595111	0.162455555556	0.00444444444444
0.1002274	0.003192023	0.1838	0.0046
0.09763422	0.002897134	0.171966666667	0.00363333333333
0.08460421	0.006237188	0.176508888889	0.00731111111111
0.07608451	0.002647146	0.1626	0.0044
0.09627575	0.004596666	0.164855555556	0.00404444444444
0.08379799	0.003804391	0.164166666667	0.00413333333333
0.08560274	0.002069237	0.172577777778	0.00362222222222
0.09565205	0.003443215	0.160955555556	0.00484444444444
0.1058712	0.004954383	0.162	0.0065
0.0713017	0.004843641	0.170333333333	0.00736666666667
0.08114496	0.006331486	0.185322222222	0.00577777777778
0.08572464	0.004265086	0.165781111111	0.00708888888889
0.08773017	0.004797095	0.161366666667	0.00633333333333
0.07557732	0.003212884	0.160977777778	0.00482222222222
0.1100158	0.002715729	0.179811111111	0.00708888888889
0.09629193	0.001809732	0.1604	0.0051
0.1056786	0.006502734	0.184933333333	0.00606666666667
0.09569341	0.002270698	0.181033333333	0.00406666666667
0.09431876	0.003129714	0.164811111111	0.00698888888889
0.09372863	0.003871807	0.185311111111	0.00518888888889
0.0910946	0.006786477	0.160465555556	0.00504444444444
0.09779474	0.002840487	0.180302222222	0.00397777777778
0.07957094	0.004292349	0.162888888889	0.00671111111111
0.08422919	0.00415411	0.1634	0.0068
0.06555498	0.007256373	0.170601111111	0.00738888888889
0.08374617	0.003411446	0.163733333333	0.00416666666667
0.09906067	0.002616839	0.177844444444	0.00375555555556
0.09757416	0.00541492	0.163911111111	0.00688888888889
0.09010181	0.004509001	0.160608888889	0.00491111111111
0.08304582	0.004646515	0.1656	0.0071
0.09456622	0.004230804	0.162166666667	0.00443333333333
0.1098783	0.002859784	0.166422222222	0.00717777777778
0.08577366	0.004034888	0.166144444444	0.00715555555556
0.08321598	0.002975931	0.173111111111	0.00358888888889
0.08618581	0.002093759	0.159988888889	0.00531111111111
0.09826047	0.003274006	0.160944444444	0.00475555555556
0.08921603	0.0041243	0.160244444444	0.00595555555556
0.09053894	0.00302834	0.161311111111	0.00638888888889
0.08573956	0.003470243	0.160366666667	0.00603333333333
0.0880296	0.002495858	0.164233333333	0.00406666666667
0.0865592	0.002867254	0.160224444444	0.00595555555556
0.08772297	0.003513652	0.1709	0.0036
0.07034482	0.004253262	0.179211111111	0.00718888888889
0.0925569	0.003046347	0.1622	0.0044
0.1055446	0.004657121	0.173355555556	0.00744444444444
0.09974274	0.003096118	0.1682	0.0037
0.08032233	0.002926875	0.163533333333	0.00686666666667
0.09956846	0.004117075	0.163533333333	0.00686666666667
0.09638867	0.005100624	0.185688888889	0.00531111111111
0.09117815	0.002614546	0.160131111111	0.00508888888889
0.1075533	0.002225656	0.184464444444	0.00635555555556
0.1022564	0.002988796	0.176544444444	0.00365555555556
0.09415037	0.003791933	0.160144444444	0.00595555555556
0.1007564	0.003064672	0.168733333333	0.00366666666667
0.09963183	0.004474733	0.1616	0.0065
0.1132525	0.004971652	0.184555555556	0.00634444444444
0.07639122	0.002238221	0.159855555556	0.00574444444444
0.08991888	0.002197305	0.166166666667	0.00383333333333
0.0983154	0.004030291	0.171195555556	0.00744444444444
0.1037319	0.002780096	0.160436666667	0.00613333333333
0.1086977	0.002449247	0.182833333333	0.00426666666667
0.1033803	0.002728331	0.159933333333	0.00586666666667
0.08931302	0.002920387	0.1645	0.004
0.08905762	0.003598261	0.167867777778	0.00732222222222
0.08679468	0.004790843	0.165377777778	0.00712222222222
0.08548432	0.003356517	0.161333333333	0.00456666666667
0.1005591	0.003409207	0.162233333333	0.00666666666667
0.09333828	0.002655829	0.185866666667	0.00543333333333
0.09998181	0.005200716	0.181806666667	0.00693333333333
0.08823846	0.002819476	0.160033333333	0.00596666666667
0.08795279	0.003933355	0.161977777778	0.00662222222222
0.08798464	0.00805946	0.169777777778	0.00742222222222
0.08388394	0.005498126	0.165822222222	0.00717777777778
0.09117406	0.005245908	0.181288888889	0.00701111111111
0.08274315	0.003961021	0.1615	0.0045
0.08601943	0.003333059	0.159866666667	0.00513333333333
0.05951529	0.004261987	0.160322222222	0.00487777777778
0.09309302	0.004038144	0.159666666667	0.00533333333333
0.0927159	0.005346258	0.160555555556	0.00624444444444
0.07995912	0.005920733	0.165633333333	0.00716666666667
0.1061926	0.002486957	0.182777777778	0.00422222222222
0.1100507	0.002274752	0.171255555556	0.00354444444444
0.09088946	0.002273872	0.160388888889	0.00481111111111
0.09258553	0.001890851	0.166644444444	0.00375555555556
0.09946901	0.004071742	0.1856	0.005
0.09564657	0.00355915	0.177822222222	0.00367777777778
0.09156039	0.006795514	0.169466666667	0.00743333333333
0.08886223	0.005780648	0.175815555556	0.00744444444444
0.06203227	0.005041311	0.165	0.0039
0.1009328	0.003020746	0.1808	0.0071
0.1081209	0.004850505	0.1733	0.0075
0.09429259	0.001392701	0.168577777778	0.00362222222222
0.09211674	0.003890803	0.160222222222	0.00617777777778
0.1133619	0.00257947	0.186122222222	0.00547777777778
0.1082742	0.0051535	0.169455555556	0.00744444444444
0.1079774	0.004346729	0.175844444444	0.00745555555556
0.08934932	0.004223279	0.179435555556	0.00724444444444
0.0991878	0.003101234	0.1741	0.0075
0.08781288	0.007835091	0.181372222222	0.00397777777778
0.07898176	0.004084308	0.165511111111	0.00718888888889
0.09940692	0.002645434	0.186055555556	0.00524444444444
0.0718102	0.002580223	0.1671	0.0037
0.08150769	0.006034111	0.163277777778	0.00692222222222
0.09839307	0.004393121	0.166333333333	0.00726666666667
0.07133402	0.004512634	0.166055555556	0.00724444444444
0.1051708	0.002954028	0.1844	0.0045
0.1006382	0.004434881	0.1844	0.0045
0.08457864	0.002003779	0.177944444444	0.00365555555556
0.09945406	0.002558201	0.159433333333	0.00526666666667
0.07785772	0.004412418	0.165955555556	0.00724444444444
0.08825868	0.003409872	0.160211111111	0.00478888888889
0.08740182	0.007606699	0.1749	0.0075
0.08558894	0.005341662	0.159717777778	0.00602222222222
0.08838882	0.002508917	0.160966666667	0.00453333333333
0.07143801	0.00348641	0.186122222222	0.00517777777778
0.1170995	0.004327802	0.184744444444	0.00645555555556
0.1036059	0.007212578	0.164044444444	0.00705555555556
0.08040567	0.003860282	0.159377777778	0.00522222222222
0.08624456	0.003919028	0.176633333333	0.00356666666667
0.1035145	0.0031465	0.186077777778	0.00592222222222
0.09657075	0.003210924	0.161133333333	0.00446666666667
0.1108431	0.005304387	0.181624444444	0.00705555555556
0.1062897	0.003200738	0.185413333333	0.00626666666667
0.09396823	0.002622766	0.169977777778	0.00352222222222
0.09715621	0.005008109	0.165744444444	0.00725555555556
0.08848661	0.002947705	0.176633333333	0.00746666666667
0.09603507	0.002501077	0.166388888889	0.00371111111111
0.1081313	0.006217707	0.168455555556	0.00744444444444
0.0828401	0.002413373	0.160335555556	0.00634444444444
0.06724561	0.004690542	0.160655555556	0.00644444444444
0.1015249	0.003832725	0.159288888889	0.00581111111111
0.08926916	0.002580168	0.159255555556	0.00524444444444
0.08577455	0.002612371	0.164511111111	0.00388888888889
0.08597862	0.003592857	0.1594	0.0051
0.1017672	0.003766915	0.159411111111	0.00508888888889
0.08819733	0.003131907	0.161033333333	0.00446666666667
0.09524202	0.003208608	0.182	0.004
0.08027032	0.003787954	0.185388888889	0.00631111111111
0.1160596	0.006134976	0.185466666667	0.00473333333333
0.07504066	0.003180516	0.159555555556	0.00604444444444
0.101432	0.004051757	0.173644444444	0.00755555555556
0.08910949	0.002307021	0.166077777778	0.00372222222222
0.1127673	0.004983129	0.167588888889	0.00741111111111
0.1151654	0.003933271	0.175888888889	0.00751111111111
0.08885317	0.004316718	0.161188888889	0.00661111111111
0.08689634	0.002555803	0.168373333333	0.00356666666667
0.1039841	0.005714299	0.160915555556	0.00654444444444
0.07060565	0.004245211	0.164455555556	0.00714444444444
0.09249801	0.003234159	0.15931	0.0051
0.0850762	0.004741028	0.159335555556	0.00594444444444
0.08040685	0.005991281	0.160311111111	0.00638888888889
0.1196125	0.005189079	0.186567777778	0.00542222222222
0.06887495	0.005164167	0.1691	0.0075
0.08787601	0.003202724	0.159388888889	0.00501111111111
0.09907193	0.004102244	0.169348888889	0.00751111111111
0.07438937	0.00212843	0.169268888889	0.00751111111111
0.0925585	0.003707355	0.160144444444	0.00635555555556
0.08053316	0.004044568	0.178944444444	0.00365555555556
0.08405024	0.004457191	0.158922222222	0.00557777777778
0.09199074	0.004566633	0.160288888889	0.00641111111111
0.08901909	0.005267262	0.160833333333	0.00656666666667
0.07819648	0.004589142	0.169666666667	0.00753333333333
0.09977826	0.006849177	0.174082222222	0.00757777777778
0.06308797	0.005394137	0.172431111111	0.00758888888889
0.07605625	0.002410877	0.168988888889	0.00351111111111
0.09193076	0.003747167	0.185222222222	0.00457777777778
0.1003163	0.00521034	0.167277777778	0.00742222222222
0.08769776	0.002505719	0.186666666667	0.00533333333333
0.08661904	0.004712403	0.158877777778	0.00562222222222
0.08486338	0.003591855	0.181066666667	0.00383333333333
0.1029673	0.003202063	0.177455555556	0.00354444444444
0.0905042	0.005897942	0.17704	0.0075
0.08035835	0.004064545	0.177522222222	0.00747777777778
0.06429159	0.005427336	0.1668	0.0074
0.08997571	0.003096131	0.163966666667	0.00713333333333
0.09880846	0.004864711	0.185728888889	0.00631111111111
0.08707404	0.004418736	0.1588	0.0054
0.1024031	0.003999293	0.186057777778	0.00482222222222
0.09258726	0.004891227	0.183877777778	0.00422222222222
0.09086673	0.004165057	0.172548888889	0.00761111111111
0.09767801	0.003688866	0.158988888889	0.00511111111111
0.09547189	0.004524264	0.167644444444	0.00355555555556
0.07034945	0.004579557	0.160185555556	0.00644444444444
0.08242172	0.004255918	0.159214444444	0.00495555555556
0.08640202	0.003667277	0.158755555556	0.00534444444444
0.08425133	0.002458656	0.1669	0.0036
0.07226507	0.007581764	0.160311111111	0.00648888888889
0.09692409	0.005514581	0.168846666667	0.00753333333333
0.08864271	0.00329334	0.161355555556	0.00674444444444
0.08668596	0.006268089	0.165835555556	0.00734444444444
0.07407378	0.003514648	0.161188888889	0.00671111111111
0.1000248	0.002934261	0.182255555556	0.00394444444444
0.08503819	0.005267991	0.161433333333	0.00676666666667
0.09098127	0.003181701	0.165055555556	0.00374444444444
0.09286465	0.004293135	0.186622222222	0.00507777777778
0.08388164	0.002679006	0.160544444444	0.00445555555556
0.1033557	0.003605306	0.173377777778	0.00762222222222
0.1031489	0.001819345	0.158811111111	0.00518888888889
0.07728199	0.0021978	0.158844444444	0.00515555555556
0.08280399	0.001739803	0.166266666667	0.00363333333333
0.08817762	0.002014473	0.1717	0.0034
0.1074502	0.005628507	0.165566666667	0.00733333333333
0.09122594	0.004185725	0.159	0.006
0.06464479	0.005626428	0.163933333333	0.00716666666667
0.08221231	0.004778851	0.161755555556	0.00684444444444
0.0901294	0.005066725	0.161873333333	0.00686666666667
0.06802103	0.006849406	0.176333333333	0.00756666666667
0.07944574	0.003935848	0.158622222222	0.00567777777778
0.09532713	0.004506617	0.182544444444	0.00705555555556
0.1038598	0.002188976	0.164066666667	0.00383333333333
0.09091981	0.005249342	0.158855555556	0.00594444444444
0.06566551	0.007381244	0.159888888889	0.00641111111111
0.09317183	0.003133561	0.171	0.0034
0.08718397	0.00463183	0.178755555556	0.00744444444444
0.07480834	0.001834314	0.167295555556	0.00354444444444
0.08351355	0.003251379	0.159366666667	0.00623333333333
0.0750173	0.005488239	0.159366666667	0.00623333333333
0.09018924	0.001758549	0.173022222222	0.00337777777778
0.08289986	0.005665227	0.158555555556	0.00534444444444
0.08728117	0.003827125	0.162557777778	0.00402222222222
0.08952505	0.003072813	0.165088888889	0.00371111111111
0.1227088	0.00444074	0.178875555556	0.00744444444444
0.08390301	0.005227378	0.158493333333	0.00556666666667
0.1059688	0.003592768	0.186222222222	0.00477777777778
0.0781741	0.00551174	0.164722222222	0.00727777777778
0.09834624	0.004218496	0.175097777778	0.00762222222222
0.08676346	0.004064646	0.164692222222	0.00727777777778
0.08796362	0.004721809	0.162933333333	0.00706666666667
0.09377202	0.002091214	0.168955555556	0.00344444444444
0.09571283	0.003640543	0.160888888889	0.00671111111111
0.1005088	0.004704793	0.167588888889	0.00751111111111
0.101017	0.007779795	0.176391111111	0.00758888888889
0.09437731	0.002294048	0.167377777778	0.00352222222222
0.1064245	0.003264304	0.182122222222	0.00387777777778
0.09855173	0.002651123	0.159842222222	0.00457777777778
0.09383641	0.006497699	0.1762	0.0076
0.08996469	0.00452055	0.161155555556	0.00424444444444
0.09527336	0.003783583	0.160244444444	0.00445555555556
0.06199069	0.006005896	0.175677777778	0.00762222222222
0.07580795	0.004643741	0.170111111111	0.00338888888889
0.1161727	0.002355859	0.171033333333	0.00336666666667
0.08350559	0.001611499	0.175122222222	0.00337777777778
0.1072302	0.002767352	0.180333333333	0.00366666666667
0.08229667	0.002270763	0.1583	0.0055
0.1007988	0.003678879	0.158411111111	0.00578888888889
0.09224797	0.00268317	0.178011111111	0.00348888888889
0.08161501	0.002943047	0.159588888889	0.00641111111111
0.09883444	0.003165427	0.182822222222	0.00707777777778
0.08415582	0.004887197	0.158277777778	0.00552222222222
0.0981401	0.002585383	0.179233333333	0.00356666666667
0.1043888	0.005572303	0.166155555556	0.00744444444444
0.08868193	0.003678377	0.159211111111	0.00628888888889
0.08725939	0.003164835	0.168988888889	0.00341111111111
0.0849529	0.004781811	0.158233333333	0.00546666666667
0.08870413	0.003765291	0.158377777778	0.00582222222222
0.06192225	0.006129757	0.16116	0.0042
0.09922912	0.002198758	0.164588888889	0.00371111111111
