root_height	pop_size	pi_net	pi_within
0.07054175	0.002191648	0.131466666667	0.00173333333333
0.07531431	0.00131567	0.131788888889	0.00171111111111
0.06699392	0.001892331	0.131522222222	0.00177777777778
0.07345912	0.001529275	0.130977777778	0.00172222222222
0.07567769	0.001213166	0.1314	0.0018
0.07904502	0.001067479	0.131966666667	0.00183333333333
0.06041198	0.001558985	0.131511111111	0.00188888888889
0.06932672	0.001111339	0.130822222222	0.00187777777778
0.06222031	0.001975701	0.130311111111	0.00158888888889
0.07196745	0.002215855	0.130788888889	0.00151111111111
0.07199529	0.002867491	0.131655555556	0.00194444444444
0.06737171	0.003639578	0.132522222222	0.00197777777778
0.0636626	0.003159275	0.1298	0.0019
0.06857117	0.001543434	0.133611111111	0.00178888888889
0.06686962	0.001988461	0.1306	0.0014
0.07329985	0.001057032	0.133688888889	0.00161111111111
0.06431672	0.001649254	0.129777777778	0.00192222222222
0.07267482	0.00202557	0.1293	0.0018
0.06356781	0.002897465	0.1291	0.0017
0.06536981	0.003508748	0.129055555556	0.00174444444444
0.07824604	0.002060123	0.129055555556	0.00164444444444
0.08319675	0.002880127	0.132722222222	0.00137777777778
0.05043924	0.002930193	0.133222222222	0.00197777777778
0.06964664	0.002451861	0.131122222222	0.00207777777778
0.071852	0.001887341	0.134	0.0018
0.07224551	0.0009136563	0.130133333333	0.00136666666667
0.06467753	0.001343512	0.130566666667	0.00133333333333
0.05925708	0.00252797	0.1309	0.0021
0.06539012	0.002682437	0.132622222222	0.00207777777778
0.06894703	0.001125435	0.129955555556	0.00204444444444
0.07329907	0.001354872	0.128933333333	0.00186666666667
0.07591575	0.001743732	0.129155555556	0.00194444444444
0.06757789	0.00249444	0.134088888889	0.00151111111111
0.0806737	0.001931904	0.133977777778	0.00192222222222
0.06121825	0.001913483	0.128688888889	0.00181111111111
0.06101884	0.003623649	0.134466666667	0.00173333333333
0.06397342	0.002842156	0.132577777778	0.00212222222222
0.05948618	0.002652054	0.128955555556	0.00194444444444
0.06701684	0.0007842378	0.128555555556	0.00184444444444
0.06540598	0.001824496	0.130222222222	0.00127777777778
0.06423269	0.002902685	0.129811111111	0.00208888888889
0.06114838	0.0009200386	0.130755555556	0.00124444444444
0.0785376	0.0008738242	0.130444444444	0.00125555555556
0.07895925	0.003213846	0.134	0.002
0.07693312	0.002123811	0.129	0.002
0.06397254	0.003457866	0.128744444444	0.00195555555556
0.07172835	0.001455837	0.130822222222	0.00217777777778
0.07317905	0.002715099	0.134755555556	0.00174444444444
0.0641163	0.001390441	0.131111111111	0.00218888888889
0.08148619	0.001867137	0.134622222222	0.00187777777778
0.08214131	0.001116143	0.133944444444	0.00135555555556
0.06428252	0.001961674	0.128133333333	0.00166666666667
0.06705253	0.001860716	0.128555555556	0.00144444444444
0.06126298	0.0007863079	0.128311111111	0.00188888888889
0.06611733	0.001801956	0.128955555556	0.00204444444444
0.06244845	0.002322469	0.134933333333	0.00166666666667
0.07096954	0.000998449	0.130177777778	0.00122222222222
0.08673991	0.001647764	0.130888888889	0.00221111111111
0.06948374	0.002742438	0.128611111111	0.00198888888889
0.06647923	0.002099872	0.133177777778	0.00122222222222
0.06679683	0.001762743	0.128744444444	0.00205555555556
0.075125	0.0006463681	0.128655555556	0.00204444444444
0.07692317	0.002682164	0.134088888889	0.00131111111111
0.07738127	0.001216447	0.135211111111	0.00168888888889
0.07945061	0.002611686	0.128477777778	0.00202222222222
0.06962666	0.002087437	0.130177777778	0.00222222222222
0.07240712	0.001119302	0.129155555556	0.00214444444444
0.0719656	0.00218979	0.131833333333	0.00226666666667
0.06837735	0.001153393	0.127777777778	0.00182222222222
0.05963055	0.002524213	0.128044444444	0.00195555555556
0.06340832	0.001278112	0.128088888889	0.00141111111111
0.07551352	0.002393543	0.128833333333	0.00126666666667
0.06449215	0.001320177	0.132844444444	0.00225555555556
0.06892946	0.001561245	0.133488888889	0.00221111111111
0.0657135	0.001656631	0.132088888889	0.00111111111111
0.06625641	0.001352885	0.133466666667	0.00223333333333
0.07821597	0.0007535869	0.130177777778	0.00112222222222
0.06161469	0.00239061	0.135466666667	0.00153333333333
0.06372449	0.002198535	0.1354	0.0019
0.07112479	0.003605307	0.130788888889	0.00231111111111
0.07275512	0.001326192	0.1326	0.0011
0.07120666	0.001436634	0.131133333333	0.00106666666667
0.07673462	0.002695087	0.135044444444	0.00205555555556
0.07116272	0.002158136	0.127244444444	0.00175555555556
0.07489576	0.002357398	0.132477777778	0.00232222222222
0.07727475	0.001825876	0.127333333333	0.00186666666667
0.07367935	0.002571975	0.133311111111	0.00228888888889
0.0689596	0.003575109	0.132466666667	0.00233333333333
0.06601665	0.003004749	0.132255555556	0.00234444444444
0.0704697	0.002211917	0.131444444444	0.00235555555556
0.07091656	0.002248769	0.129055555556	0.00224444444444
0.06520855	0.002376799	0.128344444444	0.00215555555556
0.07789445	0.001639118	0.134922222222	0.00127777777778
0.0789865	0.002890911	0.132244444444	0.00235555555556
0.07128884	0.001692619	0.127333333333	0.00146666666667
0.07816742	0.001001161	0.134733333333	0.00216666666667
0.075776	0.0007712866	0.126977777778	0.00172222222222
0.0671445	0.001761296	0.128055555556	0.00214444444444
0.06522515	0.002411072	0.132955555556	0.00234444444444
0.06425349	0.001162462	0.127044444444	0.00155555555556
0.04893582	0.002555361	0.127711111111	0.00208888888889
0.07039989	0.0007656427	0.1359	0.0015
0.05884521	0.001269926	0.126911111111	0.00158888888889
0.07356554	0.00107686	0.126855555556	0.00164444444444
0.07026887	0.001471544	0.126788888889	0.00171111111111
0.06581457	0.001602999	0.128322222222	0.00117777777778
0.07120289	0.001728194	0.1354	0.0013
0.07053462	0.002903328	0.127844444444	0.00215555555556
0.08265806	0.00138625	0.1324	0.001
0.05664186	0.003462439	0.136033333333	0.00146666666667
0.0694905	0.004303136	0.130788888889	0.00241111111111
0.07052619	0.003570475	0.135622222222	0.00207777777778
0.0695444	0.003566515	0.126955555556	0.00144444444444
0.07085483	0.00189217	0.136033333333	0.00196666666667
0.05186546	0.00176746	0.127	0.0014
0.07912611	0.0007785912	0.135688888889	0.00131111111111
0.07614714	0.00179801	0.126588888889	0.00161111111111
0.0758875	0.00240151	0.136222222222	0.00147777777778
0.05667	0.001982503	0.128322222222	0.00227777777778
0.06997167	0.002304037	0.130855555556	0.00244444444444
0.0654819	0.002168766	0.126511111111	0.00158888888889
0.07695389	0.001721811	0.133188888889	0.00241111111111
0.05988686	0.001176186	0.127044444444	0.00205555555556
0.06273627	0.002990735	0.135666666667	0.00213333333333
0.07283518	0.002918458	0.134093333333	0.00236666666667
0.07230969	0.002121725	0.127377777778	0.00122222222222
0.07450533	0.001830185	0.126688888889	0.00201111111111
0.07932794	0.000577716	0.1266	0.0014
0.08034302	0.001973679	0.126233333333	0.00156666666667
0.07388492	0.001825101	0.1368	0.0018
0.06782843	0.003124154	0.136877777778	0.00172222222222
0.07431151	0.0008550202	0.1279	0.0011
0.06960492	0.003013573	0.1307	0.0025
0.06517312	0.001657229	0.135088888889	0.00231111111111
0.07228198	0.002942279	0.134077777778	0.00242222222222
0.05520014	0.002338691	0.126022222222	0.00167777777778
0.07025893	0.001422035	0.126622222222	0.00207777777778
0.06967815	0.001138482	0.126466666667	0.00203333333333
0.06033085	0.001931847	0.126066666667	0.00183333333333
0.05874346	0.002393099	0.127966666667	0.00233333333333
0.06681502	0.001893063	0.135258888889	0.00231111111111
0.06106823	0.002341369	0.127177777778	0.00222222222222
0.07699591	0.00121823	0.1261	0.0019
0.06602025	0.003394215	0.134924444444	0.00235555555556
0.0767963	0.001791067	0.134777777778	0.00102222222222
0.07477099	0.002853346	0.132166666667	0.00253333333333
0.07804687	0.002267414	0.132266666667	0.00253333333333
0.06691475	0.002063036	0.137133333333	0.00166666666667
0.07267488	0.001399021	0.137088888889	0.00181111111111
0.06307767	0.001719029	0.126066666667	0.00193333333333
0.07726345	0.002561723	0.125988888889	0.00151111111111
0.0731128	0.001664912	0.130077777778	0.00252222222222
0.0653404	0.002028471	0.125988888889	0.00191111111111
0.07303793	0.00320792	0.134466666667	0.00243333333333
0.06486943	0.001292137	0.129777777778	0.00252222222222
0.07379742	0.002399406	0.132966666667	0.00253333333333
0.07121778	0.002282141	0.128446666667	0.00243333333333
0.0800575	0.002836093	0.136722222222	0.00207777777778
0.07111044	0.003186208	0.125944444444	0.00195555555556
0.06092745	0.002365105	0.127644444444	0.00235555555556
0.06641647	0.001791422	0.126144444444	0.00205555555556
0.06009612	0.00101078	0.126066666667	0.00203333333333
0.06880771	0.001932112	0.128355555556	0.00244444444444
0.06764458	0.001645877	0.137277777778	0.00152222222222
0.08617593	0.00201922	0.136944444444	0.00135555555556
0.08360461	0.003340795	0.137288888889	0.00151111111111
0.07542977	0.004425453	0.129466666667	0.00253333333333
0.06040161	0.002327981	0.125611111111	0.00158888888889
0.07047479	0.002639606	0.125755555556	0.00194444444444
0.07372172	0.001541397	0.125888888889	0.00201111111111
0.08354741	0.002238912	0.137244444444	0.00195555555556
0.07539391	0.002122957	0.137188888889	0.00141111111111
0.06820984	0.002521345	0.133555555556	0.00254444444444
0.0635288	0.00231527	0.137055555556	0.00204444444444
0.06248663	0.001432665	0.1311	0.0026
0.06822872	0.001580678	0.136622222222	0.00217777777778
0.08304177	0.002171626	0.136755555556	0.00214444444444
0.06907204	0.001744906	0.137355555556	0.00194444444444
0.07664929	0.002023926	0.125644444444	0.00145555555556
0.07101211	0.001242322	0.129633333333	0.00256666666667
0.07164561	0.001863956	0.129633333333	0.00256666666667
0.07405542	0.002275677	0.1305	0.0026
0.07288953	0.001954429	0.136355555556	0.00114444444444
0.06123496	0.001921198	0.125466666667	0.00153333333333
0.07581248	0.003841193	0.125766666667	0.00203333333333
0.0820796	0.001731152	0.131522222222	0.000777777777778
0.07115448	0.002016909	0.137311111111	0.00138888888889
0.08201652	0.0006851886	0.126677777778	0.00112222222222
0.0656037	0.002117639	0.1367	0.0012
0.06848573	0.0007892966	0.133855555556	0.000844444444444
0.06486151	0.001326624	0.125977777778	0.00212222222222
0.07641128	0.002402642	0.131466666667	0.00263333333333
0.06741735	0.003407799	0.128388888889	0.00251111111111
0.0660715	0.002521587	0.132988888889	0.00261111111111
0.05583608	0.001648838	0.126333333333	0.00116666666667
0.06723031	0.002251995	0.1357	0.0024
0.06725203	0.004689914	0.132355555556	0.00264444444444
0.05234969	0.002270105	0.125111111111	0.00168888888889
0.06825496	0.0019508	0.125377777778	0.00142222222222
0.06828141	0.001340184	0.131155555556	0.000744444444444
0.07851587	0.002368484	0.128306666667	0.00253333333333
0.08587697	0.003436638	0.137588888889	0.00201111111111
0.05816778	0.00136158	0.126133333333	0.00116666666667
0.06870361	0.001693566	0.125066666667	0.00163333333333
0.07956112	0.002155359	0.131233333333	0.00266666666667
0.06657582	0.001951799	0.125111111111	0.00188888888889
0.0779371	0.002883624	0.137533333333	0.00206666666667
0.07223318	0.002150169	0.132744444444	0.00265555555556
0.07179547	0.003560806	0.134	0.0026
0.07632946	0.002940267	0.137933333333	0.00186666666667
0.06767451	0.001026027	0.1289	0.0026
0.07114466	0.001637445	0.125722222222	0.00217777777778
0.06808369	0.001811199	0.125722222222	0.00217777777778
0.07127673	0.001372479	0.124888888889	0.00171111111111
0.06126661	0.002211362	0.131211111111	0.00268888888889
0.0744032	0.001081577	0.138122222222	0.00167777777778
0.05956056	0.001530049	0.124933333333	0.00156666666667
0.06798165	0.0005631414	0.124844444444	0.00165555555556
0.07612365	0.001943241	0.132311111111	0.00268888888889
0.07477438	0.0009848962	0.138022222222	0.00147777777778
0.06467519	0.001701341	0.126444444444	0.00235555555556
0.06368195	0.002622873	0.136066666667	0.00243333333333
0.07260113	0.003992466	0.12493	0.0019
0.06069526	0.001336516	0.127055555556	0.000944444444444
0.0608669	0.001358567	0.128311111111	0.00258888888889
0.07058036	0.001956947	0.124944444444	0.00195555555556
0.07549018	0.001199202	0.1266	0.0024
0.07664542	0.001898847	0.129144444444	0.00265555555556
0.06841386	0.001831844	0.131777777778	0.00272222222222
0.06486021	0.002243358	0.126755555556	0.00244444444444
0.06519981	0.001746038	0.126066666667	0.00233333333333
0.06884758	0.003074703	0.1332	0.0027
0.07392084	0.002683486	0.137766666667	0.00213333333333
0.07351351	0.001091171	0.138311111111	0.00188888888889
0.07166535	0.002157076	0.138066666667	0.00203333333333
0.06627746	0.001671975	0.136477777778	0.00242222222222
0.06906799	0.002817417	0.127366666667	0.00253333333333
0.0709208	0.003041515	0.124566666667	0.00163333333333
0.06240462	0.001518305	0.136955555556	0.00234444444444
0.07292691	0.001764644	0.136355555556	0.00244444444444
0.07291746	0.001774505	0.138477777778	0.00172222222222
0.07009133	0.003616491	0.138022222222	0.00207777777778
0.07173106	0.002246277	0.129022222222	0.00267777777778
0.06459664	0.002793645	0.130955555556	0.00274444444444
0.05900701	0.003568523	0.130955555556	0.00274444444444
0.06357007	0.001252427	0.133077777778	0.00272222222222
0.06546253	0.00181947	0.132255555556	0.00274444444444
0.06667733	0.002755207	0.125622222222	0.00227777777778
0.06504557	0.00197998	0.124622222222	0.00147777777778
0.07761501	0.002862623	0.1373	0.0023
0.07469854	0.001590739	0.137977777778	0.00212222222222
0.07393813	0.002341736	0.138155555556	0.00134444444444
0.07413119	0.002037051	0.131844444444	0.00275555555556
0.06623721	0.001822579	0.1292	0.0027
0.08272826	0.0008183406	0.136555555556	0.00244444444444
0.06570888	0.0005558551	0.125188888889	0.00121111111111
0.07440881	0.001931049	0.125522222222	0.00227777777778
0.07331111	0.002108076	0.135188888889	0.00261111111111
0.06963582	0.001407264	0.138511111111	0.00148888888889
0.07099707	0.002246973	0.131033333333	0.00276666666667
0.07154957	0.001827337	0.137522222222	0.00227777777778
0.06862528	0.002445316	0.130244444444	0.00275555555556
0.07086056	0.00270427	0.125111111111	0.00218888888889
0.07054482	0.003424703	0.128711111111	0.00268888888889
0.06939228	0.00145941	0.124533333333	0.00196666666667
0.05942052	0.001181105	0.133244444444	0.000655555555556
0.06290581	0.001703963	0.133988888889	0.00271111111111
0.08110478	0.003829178	0.128144444444	0.00265555555556
0.07118838	0.001792875	0.133455555556	0.00274444444444
0.07478737	0.002173173	0.132933333333	0.00276666666667
0.06646458	0.001438961	0.131711111111	0.00278888888889
0.05865442	0.002333704	0.124211111111	0.00178888888889
0.07400368	0.002346309	0.137844444444	0.00115555555556
0.06780655	0.00138255	0.128222222222	0.00267777777778
0.07560651	0.003512818	0.138644444444	0.00145555555556
0.05865132	0.002651173	0.128033333333	0.00266666666667
0.08269495	0.00150968	0.137844444444	0.00225555555556
0.08181069	0.001336723	0.136844444444	0.00245555555556
0.06565829	0.004249236	0.1317	0.0028
0.07088007	0.001723041	0.136955555556	0.00244444444444
0.06223581	0.0009051026	0.124754444444	0.00215555555556
0.07204902	0.001799195	0.125377777778	0.00232222222222
0.07218948	0.002725471	0.127288888889	0.00261111111111
0.05136502	0.001254073	0.124155555556	0.00154444444444
0.05527783	0.001514425	0.124044444444	0.00175555555556
0.06367562	0.002554606	0.124322222222	0.00137777777778
0.0726378	0.001068715	0.137477777778	0.00102222222222
0.07253553	0.001735444	0.138922222222	0.00187777777778
0.06819021	0.001395903	0.135222222222	0.00267777777778
0.09588934	0.001748955	0.137348888889	0.00241111111111
0.07504622	0.003176629	0.134033333333	0.00276666666667
0.06337137	0.002633698	0.123911111111	0.00168888888889
0.06962261	0.00432903	0.136666666667	0.00253333333333
0.06610212	0.001270473	0.123911111111	0.00178888888889
0.08199058	0.001502212	0.136311111111	0.00258888888889
0.07192964	0.002494892	0.137988888889	0.00231111111111
0.06208636	0.002334451	0.136533333333	0.00256666666667
0.07050629	0.001537288	0.1243	0.0021
0.07424475	0.001888236	0.139088888889	0.00191111111111
0.06553983	0.002161107	0.131444444444	0.00285555555556
0.07143809	0.0009317994	0.136866666667	0.00253333333333
0.0696725	0.00341075	0.135066666667	0.00273333333333
0.074523	0.002820916	0.1355	0.0027
0.08045191	0.00222868	0.133637777778	0.00282222222222
0.06646821	0.002338826	0.129088888889	0.00281111111111
0.07365788	0.001765585	0.136155555556	0.00264444444444
0.07007527	0.003928039	0.135993333333	0.00266666666667
0.06757031	0.002931913	0.133877777778	0.00282222222222
0.0780711	0.002701149	0.126488888889	0.00261111111111
0.07054592	0.002430367	0.130822222222	0.00287777777778
0.07193364	0.00207293	0.124155555556	0.00214444444444
0.0695456	0.000883942	0.137055555556	0.00254444444444
0.07583221	0.001285413	0.138388888889	0.00111111111111
0.06215332	0.002227743	0.125433333333	0.00246666666667
0.07360435	0.003523865	0.125422222222	0.00247777777778
0.0821898	0.002094694	0.139366666667	0.00193333333333
0.07135251	0.003413875	0.125588888889	0.00251111111111
0.07804954	0.0008622465	0.134133333333	0.000566666666667
0.06648714	0.001004402	0.138422222222	0.00107777777778
0.06453276	0.002047383	0.129044444444	0.00285555555556
0.07209128	0.002471765	0.136211111111	0.00268888888889
0.08053436	0.001568904	0.137122222222	0.00257777777778
0.07338748	0.001578383	0.138744444444	0.00225555555556
0.07936091	0.002351236	0.137711111111	0.00248888888889
0.0691653	0.001493789	0.123822222222	0.00127777777778
0.05932413	0.00238924	0.131077777778	0.00292222222222
0.07674882	0.002735359	0.126977777778	0.00272222222222
0.06579147	0.0019164	0.1233	0.0017
0.07884054	0.001661669	0.138577777778	0.00232222222222
0.07053476	0.002435877	0.127433333333	0.00276666666667
0.06298153	0.001248883	0.125066666667	0.000933333333333
0.06796994	0.002251401	0.123988888889	0.00221111111111
0.06067962	0.002144787	0.127888888889	0.00281111111111
0.05530207	0.003207195	0.1258	0.0026
0.07790668	0.003653542	0.1364	0.0027
0.08099446	0.00179448	0.139777777778	0.00162222222222
0.07237021	0.002105209	0.134122222222	0.00287777777778
0.07375696	0.0009344839	0.124722222222	0.000977777777778
0.0739865	0.001771971	0.1292	0.0029
0.0715423	0.002566286	0.137533333333	0.00256666666667
0.05923641	0.002540684	0.127777777778	0.00282222222222
0.05873045	0.003509621	0.137573333333	0.00256666666667
0.08163568	0.002136761	0.137911111111	0.000888888888889
0.06714625	0.002787768	0.131344444444	0.00295555555556
0.06166123	0.005677708	0.137511111111	0.00258888888889
0.07171039	0.001566601	0.133366666667	0.00293333333333
0.07008955	0.003492279	0.125944444444	0.00265555555556
0.07689435	0.002224664	0.127855555556	0.00284444444444
0.05905699	0.002240792	0.131133333333	0.00296666666667
0.07960642	0.001272434	0.136244444444	0.00275555555556
0.05691089	0.003433175	0.126526666667	0.00273333333333
0.07899453	0.00298733	0.138466666667	0.00243333333333
0.06827328	0.003391235	0.128411111111	0.00288888888889
0.07138873	0.003371678	0.130433333333	0.00296666666667
0.0688211	0.002306889	0.133977777778	0.00292222222222
0.07110863	0.002126083	0.140044444444	0.00175555555556
0.06124839	0.002091778	0.139577777778	0.00212222222222
0.07018949	0.0020883	0.131122222222	0.00297777777778
0.07068939	0.004854722	0.123755555556	0.00224444444444
0.07609225	0.00207653	0.138077777778	0.00252222222222
0.0633685	0.00168849	0.123055555556	0.00144444444444
0.06110566	0.004723585	0.134811111111	0.00288888888889
0.07605759	0.002198878	0.139377777778	0.00222222222222
0.04954405	0.003549121	0.131111111111	0.00298888888889
0.07505859	0.003425337	0.137466666667	0.00263333333333
0.0727817	0.001711144	0.122877777778	0.00162222222222
0.06319845	0.004305	0.138677777778	0.00242222222222
0.0673985	0.003058053	0.126	0.0027
0.07406274	0.003732784	0.137811111111	0.00258888888889
0.06696143	0.001764899	0.126355555556	0.00274444444444
0.09217804	0.00258755	0.139655555556	0.00214444444444
0.07038481	0.002706259	0.1238	0.0023
0.07627278	0.003615334	0.1315	0.003
0.06962742	0.0008473179	0.122844444444	0.00155555555556
0.07508469	0.002071248	0.131	0.003
0.07112442	0.002443906	0.127077777778	0.00282222222222
0.06749895	0.00357222	0.132811111111	0.00298888888889
0.06172025	0.002597446	0.138277777778	0.00252222222222
0.07162325	0.00140756	0.123933333333	0.00236666666667
0.07136393	0.002481502	0.136411111111	0.00278888888889
0.07929062	0.002980285	0.139433333333	0.00226666666667
0.06586771	0.001116609	0.126066666667	0.00273333333333
0.07426857	0.002409573	0.130888888889	0.00301111111111
0.06991662	0.002713966	0.129153333333	0.00296666666667
0.0642319	0.001073837	0.122733333333	0.00156666666667
0.07047155	0.003666197	0.129033333333	0.00296666666667
0.05891115	0.004267825	0.124577777778	0.00252222222222
0.07967932	0.001416755	0.134033333333	0.00296666666667
0.05692261	0.002759231	0.131377777778	0.00302222222222
0.07061717	0.002801172	0.125611111111	0.00268888888889
0.08152257	0.002055746	0.126144444444	0.00275555555556
0.06907816	0.002051347	0.134555555556	0.00294444444444
0.08294236	0.002697408	0.134766666667	0.00293333333333
0.06789842	0.002211261	0.1297	0.003
0.06859259	0.001095145	0.1244	0.0009
0.05712964	0.001487777	0.122644444444	0.00185555555556
0.05597202	0.002194922	0.124533333333	0.000866666666667
0.07438308	0.002998871	0.131866666667	0.00303333333333
0.05986477	0.002273902	0.122622222222	0.00187777777778
0.07235838	0.003215133	0.140155555556	0.00204444444444
0.08682398	0.001308457	0.137733333333	0.00266666666667
0.07862576	0.002136331	0.140377777778	0.00192222222222
0.0683003	0.002192327	0.135277777778	0.00292222222222
0.06096024	0.001148789	0.123388888889	0.00111111111111
0.07167289	0.001623919	0.130133333333	0.000366666666667
0.06489711	0.002535309	0.122533333333	0.00186666666667
0.04985065	0.002718107	0.127637777778	0.00292222222222
0.07153472	0.001528591	0.125577777778	0.00272222222222
0.07335106	0.002185702	0.137422222222	0.000677777777778
0.07706689	0.002252618	0.137255555556	0.00274444444444
0.0791317	0.005408674	0.127042222222	0.00287777777778
0.05560636	0.001635257	0.122477777778	0.00182222222222
0.07114957	0.001919298	0.134733333333	0.00296666666667
0.06743645	0.001852167	0.128422222222	0.00297777777778
0.06677658	0.001771914	0.125192222222	0.00267777777778
0.07048597	0.003503872	0.138177777778	0.00262222222222
0.07901521	0.002679941	0.136566666667	0.00283333333333
0.07286004	0.001536196	0.129277777778	0.00302222222222
0.06634873	0.00196079	0.126188888889	0.00281111111111
0.06098098	0.001464863	0.122855555556	0.00214444444444
0.08326239	0.002640717	0.131933333333	0.00306666666667
0.06401608	0.00261525	0.132033333333	0.00306666666667
0.0651859	0.003962882	0.129077777778	0.00302222222222
0.0690036	0.003351553	0.139266666667	0.00243333333333
0.07047533	0.002216867	0.126633333333	0.00286666666667
0.05636306	0.0009174224	0.122355555556	0.00154444444444
0.06652035	0.001115035	0.129455555556	0.00304444444444
0.06598235	0.00111249	0.133244444444	0.00305555555556
0.06194173	0.002252914	0.124755555556	0.00264444444444
0.05798521	0.001551867	0.122488888889	0.00201111111111
0.07719581	0.002531711	0.130622222222	0.00307777777778
0.07046104	0.001831677	0.134488888889	0.00301111111111
0.07845462	0.001716592	0.140733333333	0.00156666666667
0.06799084	0.002150376	0.1348	0.003
0.0914305	0.001599115	0.138722222222	0.00257777777778
0.05026905	0.003317486	0.125266666667	0.00273333333333
0.06938876	0.001085075	0.137022222222	0.000577777777778
0.06510158	0.001886304	0.130022222222	0.00307777777778
0.06517548	0.001629488	0.122388888889	0.00201111111111
0.07016642	0.002793355	0.132511111111	0.00308888888889
0.06434151	0.002609543	0.129533333333	0.00306666666667
0.08907297	0.002698141	0.140022222222	0.00227777777778
0.06926389	0.005643416	0.126333333333	0.00286666666667
0.07765595	0.002451685	0.140554444444	0.00205555555556
0.06626934	0.002058633	0.132711111111	0.00308888888889
0.0508593	0.003858576	0.125166666667	0.00273333333333
0.07252638	0.003534659	0.129722222222	0.00307777777778
0.06092283	0.004183977	0.126877777778	0.00292222222222
0.07135132	0.001559876	0.139855555556	0.00234444444444
0.0640162	0.00471483	0.139311111111	0.00248888888889
0.06873514	0.002960581	0.13042	0.0031
0.07765777	0.001258331	0.125688888889	0.00281111111111
0.07487551	0.002297783	0.1327	0.0031
0.06706449	0.001537106	0.127611111111	0.00298888888889
0.07578293	0.002371507	0.136388888889	0.00291111111111
0.06736322	0.002126512	0.122211111111	0.00198888888889
0.06296916	0.001353827	0.122111111111	0.00148888888889
0.07645507	0.001927787	0.134555555556	0.00304444444444
0.06367792	0.001587059	0.125766666667	0.00283333333333
0.06433009	0.002956372	0.122	0.0018
0.05938846	0.001339145	0.122811111111	0.00228888888889
0.06390827	0.003104852	0.131066666667	0.00313333333333
0.06147933	0.002314121	0.1356	0.003
0.07733539	0.002407889	0.132266666667	0.00313333333333
0.0606611	0.002651925	0.126744444444	0.00295555555556
0.06991526	0.003003308	0.1273	0.003
0.07265054	0.002346683	0.1291	0.0031
0.06452628	0.00200806	0.124588888889	0.00271111111111
0.08380698	0.002290924	0.139355555556	0.00254444444444
0.07433914	0.002874862	0.133628888889	0.00311111111111
0.06414213	0.003241768	0.121955555556	0.00194444444444
0.07849991	0.004341769	0.122333333333	0.00216666666667
0.06636785	0.002494001	0.125111111111	0.00278888888889
0.08557362	0.002906808	0.137344444444	0.00285555555556
0.05312428	0.002948287	0.122844444444	0.00235555555556
0.07347469	0.002146707	0.133788888889	0.00311111111111
0.07484647	0.002955475	0.139355555556	0.000844444444444
0.07081879	0.002270025	0.1218	0.0018
0.06831946	0.003095786	0.131644444444	0.00315555555556
0.07159599	0.002985153	0.136555555556	0.00294444444444
0.06842234	0.001406906	0.122111111111	0.00208888888889
0.06943841	0.001846268	0.136222222222	0.00297777777778
0.08003277	0.004407218	0.138011111111	0.00278888888889
0.07572025	0.003349038	0.136111111111	0.00298888888889
0.07379638	0.002950078	0.128411111111	0.00308888888889
0.07449468	0.001786428	0.127	0.003
0.07807364	0.004123478	0.141144444444	0.00195555555556
0.06147908	0.001569699	0.139566666667	0.00253333333333
0.06943165	0.00407542	0.125177777778	0.00282222222222
0.06998581	0.001673275	0.141288888889	0.00181111111111
0.05849889	0.003246317	0.125088888889	0.00281111111111
0.0605902	0.002335494	0.139688888889	0.00251111111111
0.07444797	0.001737673	0.1285	0.0031
0.0624982	0.003048333	0.137088888889	0.00291111111111
0.06316327	0.002507393	0.121677777778	0.00182222222222
0.0594289	0.002611724	0.138811111111	0.00268888888889
0.05706672	0.001755487	0.121644444444	0.00175555555556
0.06351487	0.002662916	0.123122222222	0.00247777777778
0.0756586	0.002447349	0.130333333333	0.00316666666667
0.074872	0.00259895	0.131122222222	0.00317777777778
0.05755018	0.00122243	0.121788888889	0.00141111111111
0.05776874	0.001968866	0.126244444444	0.00295555555556
0.06044568	0.001322039	0.121822222222	0.00137777777778
0.06638666	0.0009191157	0.122333333333	0.00226666666667
0.07154193	0.002297372	0.141155555556	0.00204444444444
0.07446068	0.001609055	0.139155555556	0.00264444444444
0.07562328	0.00225348	0.1394	0.0026
0.07015094	0.0009458763	0.139522222222	0.00257777777778
0.06388563	0.001289143	0.122244444444	0.00115555555556
0.07246955	0.001165056	0.121555555556	0.00164444444444
0.0632556	0.002733237	0.137288888889	0.00291111111111
0.08560874	0.001359325	0.1374	0.0029
0.06297198	0.003181533	0.128766666667	0.00313333333333
0.07044886	0.00290341	0.128766666667	0.00313333333333
0.06582582	0.003731242	0.132822222222	0.00317777777778
0.05837384	0.002531581	0.1241	0.0027
0.06525424	0.001673104	0.134266666667	0.00313333333333
0.07148536	0.002562051	0.140433333333	0.00236666666667
0.07418108	0.001537745	0.141377777778	0.00192222222222
0.06068325	0.001181702	0.124011111111	0.00268888888889
0.06375512	0.001372116	0.121677777778	0.00142222222222
0.07015814	0.002595824	0.137166666667	0.00293333333333
0.08838378	0.001559291	0.141466666667	0.00153333333333
0.08059649	0.001603633	0.141033333333	0.00216666666667
0.06583259	0.00295282	0.127055555556	0.00304444444444
0.07598682	0.002993467	0.1313	0.0032
0.07609216	0.002931157	0.139866666667	0.00253333333333
0.07504904	0.00229143	0.122677777778	0.00242222222222
0.06808699	0.001706443	0.122444444444	0.00235555555556
0.06809001	0.002090674	0.132911111111	0.00318888888889
0.07437738	0.0009204728	0.122833333333	0.00246666666667
0.05427291	0.002697166	0.123655555556	0.00264444444444
0.05903462	0.001678833	0.126955555556	0.00304444444444
0.06402516	0.001595823	0.135028888889	0.00311111111111
0.06685476	0.002563097	0.1246	0.0028
0.07943457	0.002493786	0.141522222222	0.00187777777778
0.07628111	0.002766333	0.1416	0.0017
0.08003464	0.002427319	0.140111111111	0.00248888888889
0.069765	0.003269084	0.131788888889	0.00321111111111
0.07487786	0.001900729	0.122822222222	0.00247777777778
0.06661147	0.001378076	0.121866666667	0.00123333333333
0.05304089	0.002851499	0.128455555556	0.00314444444444
0.0770046	0.002011082	0.141111111111	0.00218888888889
0.06919792	0.00320982	0.125191111111	0.00288888888889
0.06819152	0.002950338	0.122266666667	0.00233333333333
0.07250007	0.001972155	0.123133333333	0.00256666666667
0.08918869	0.001855251	0.140211111111	0.00248888888889
0.07485588	0.001407343	0.141311111111	0.00128888888889
0.06873914	0.003884255	0.122488888889	0.00241111111111
0.06966348	0.00185403	0.132888888889	0.00321111111111
0.06252314	0.001983308	0.132277777778	0.00322222222222
0.07312146	0.001836545	0.136355555556	0.00304444444444
0.08033904	0.002196038	0.1386	0.0028
0.06641255	0.002180902	0.134855555556	0.00314444444444
0.06027379	0.001750083	0.132577777778	0.00322222222222
0.06862364	0.001402256	0.129728888889	0.00321111111111
0.07952938	0.00337363	0.131016666667	0.00323333333333
0.06294051	0.00254259	0.125277777778	0.00292222222222
0.06620202	0.001667624	0.121977777778	0.00112222222222
0.06818504	0.001263118	0.122422222222	0.000977777777778
0.07614512	0.0007809617	0.141788888889	0.00171111111111
0.06380447	0.004078452	0.121933333333	0.00226666666667
0.05398222	0.00315369	0.130666666667	0.00323333333333
0.08002908	0.002794402	0.134844444444	0.00315555555556
0.08567334	0.00186147	0.141344444444	0.00215555555556
0.06466782	0.0026109	0.134422222222	0.00317777777778
0.07087932	0.001298968	0.128333333333	0.00316666666667
0.06929532	0.002806075	0.123022222222	0.00257777777778
0.07153465	0.001479756	0.135477777778	0.00312222222222
0.07385299	0.002634444	0.141333333333	0.00216666666667
0.06336344	0.001578813	0.133688888889	0.00321111111111
0.0730381	0.002787049	0.1271	0.0031
0.08077661	0.002541144	0.135044444444	0.00315555555556
0.06072581	0.002238256	0.129577777778	0.00322222222222
0.08634661	0.002394987	0.137877777778	0.00292222222222
0.07668975	0.0010327	0.141022222222	0.00107777777778
0.06372019	0.000890689	0.124088888889	0.000611111111111
0.06723849	0.002889086	0.124811111111	0.00288888888889
0.07005878	0.00158288	0.126533333333	0.00306666666667
0.07756428	0.00254632	0.140522222222	0.00247777777778
0.07842748	0.001958668	0.131944444444	0.00325555555556
0.06377737	0.001926533	0.121133333333	0.00186666666667
0.06374495	0.003001222	0.124188888889	0.00281111111111
0.08322632	0.002028794	0.132244444444	0.00325555555556
0.06622449	0.004343488	0.1241	0.0028
0.06186943	0.0018895	0.124977777778	0.00292222222222
0.06816577	0.0042592	0.133566666667	0.00323333333333
0.07179902	0.002040063	0.125244444444	0.00295555555556
0.07706971	0.002978289	0.127455555556	0.00314444444444
0.06664313	0.003031753	0.121388888889	0.00211111111111
0.06744136	0.001982833	0.136633333333	0.00306666666667
0.07745107	0.002708361	0.138188888889	0.00291111111111
0.06812104	0.00255285	0.127524444444	0.00315555555556
0.05760331	0.001337174	0.128111111111	0.00318888888889
0.06091964	0.003782178	0.121433333333	0.00216666666667
0.05677242	0.00196638	0.122166666667	0.00243333333333
0.05601193	0.002208113	0.126511111111	0.00308888888889
0.06931385	0.002672804	0.120922222222	0.00167777777778
0.05872502	0.004693796	0.129155555556	0.00324444444444
0.08836626	0.00302363	0.138855555556	0.00284444444444
0.06418421	0.002209321	0.127811111111	0.00318888888889
0.08561197	0.002605967	0.133233333333	0.00326666666667
0.06841196	0.004389504	0.135211111111	0.00318888888889
0.05033389	0.002045655	0.120866666667	0.00173333333333
0.07024938	0.002527393	0.133333333333	0.00326666666667
0.06968814	0.00234648	0.141266666667	0.00233333333333
0.07295386	0.001764913	0.127711111111	0.00318888888889
0.06984548	0.002375947	0.130022222222	0.00327777777778
0.06742	0.003552786	0.1279	0.0032
0.0624242	0.001821375	0.123711111111	0.00278888888889
0.06606079	0.002603702	0.137255555556	0.00304444444444
0.05847444	0.002142781	0.135411111111	0.00318888888889
0.06622989	0.002930059	0.129333333333	0.00326666666667
0.07650093	0.002947267	0.1312	0.0033
0.07258394	0.001226108	0.122688888889	0.00261111111111
0.06844803	0.003204317	0.1386	0.0029
0.074971	0.002344391	0.130111111111	0.00328888888889
0.06996686	0.001181505	0.124222222222	0.00287777777778
0.08037772	0.001428988	0.13078	0.0033
0.06803695	0.004578675	0.1408	0.0025
0.06301712	0.002164723	0.121233333333	0.00216666666667
0.05776341	0.002674468	0.125111111111	0.00298888888889
0.0669392	0.001116849	0.121111111111	0.00128888888889
0.08838042	0.0007752468	0.141877777778	0.00212222222222
0.06297529	0.001341823	0.122733333333	0.000766666666667
0.06685557	0.002210626	0.120966666667	0.00203333333333
0.06307494	0.00244866	0.127222222222	0.00317777777778
0.0619649	0.001794837	0.122511111111	0.00258888888889
0.07040684	0.001796604	0.138933333333	0.00286666666667
0.06793029	0.003672175	0.135077777778	0.00322222222222
0.06175558	0.001882192	0.121566666667	0.00233333333333
0.06984506	0.003704965	0.1261	0.0031
0.068946	0.002149756	0.123	0.0027
0.06746024	0.002580334	0.121711111111	0.00238888888889
0.06426852	0.00405353	0.136677777778	0.00312222222222
0.05080602	0.002217189	0.122911111111	0.00268888888889
0.06748699	0.002294481	0.124022222222	0.00287777777778
0.05589993	0.001753926	0.128633333333	0.00326666666667
0.07197861	0.003260704	0.123933333333	0.00286666666667
0.05994721	0.001732398	0.122644444444	0.000755555555556
0.07188297	0.002198992	0.1423	0.0015
0.07616318	0.001934339	0.141822222222	0.00117777777778
0.0736825	0.003298404	0.125444444444	0.00305555555556
0.07601463	0.003340801	0.1294	0.0033
0.06733238	0.002033682	0.120866666667	0.00133333333333
0.06798591	0.0007499602	0.1206	0.0016
0.06789141	0.003569809	0.135628888889	0.00321111111111
0.06942074	0.001750664	0.134322222222	0.00327777777778
0.07010978	0.004908724	0.125077777778	0.00302222222222
0.0772827	0.002442615	0.141888888889	0.00221111111111
0.06628608	0.002971792	0.138777777778	0.00292222222222
0.07680624	0.003792643	0.137422222222	0.00307777777778
0.06604024	0.002250344	0.138888888889	0.00291111111111
0.06630312	0.002662119	0.124622222222	0.00297777777778
0.06108342	0.001637787	0.127606666667	0.00323333333333
0.07390852	0.00127121	0.123222222222	0.00277777777778
0.06514836	0.001374782	0.121466666667	0.00103333333333
0.06979726	0.001500654	0.128233333333	0.00326666666667
0.06851128	0.0008017589	0.129	0.0001
0.08535818	0.00379802	0.137633333333	0.00306666666667
0.05372231	0.00322991	0.122642222222	0.00267777777778
0.08124416	0.002538201	0.137966666667	0.00303333333333
0.07516876	0.002772617	0.129577777778	0.00332222222222
0.05712946	0.003075992	0.137077777778	0.00312222222222
0.06049964	0.00248839	0.121888888889	0.00251111111111
0.06538148	0.002686221	0.122955555556	0.00274444444444
0.06692764	0.004878399	0.133888888889	0.00331111111111
0.05479956	0.00355183	0.126155555556	0.00314444444444
0.06400627	0.002781338	0.129088888889	0.00331111111111
0.06036536	0.001669288	0.125748888889	0.00311111111111
0.07870318	0.001656117	0.142554444444	0.00165555555556
0.06237769	0.001706316	0.120666666667	0.00203333333333
0.06141774	0.00222254	0.122866666667	0.00273333333333
0.07149663	0.00214106	0.133988888889	0.00331111111111
0.06086811	0.001198814	0.120555555556	0.00194444444444
0.07774233	0.001199279	0.1374	0.0031
0.06457272	0.00330781	0.133266666667	0.00333333333333
0.07242139	0.001944251	0.142477777778	0.00192222222222
0.07350975	0.002477155	0.131844444444	0.00335555555556
0.07111108	0.003244199	0.129257777778	0.00332222222222
0.06870506	0.001520777	0.125233333333	0.00306666666667
0.05595083	0.002358892	0.121411111111	0.00238888888889
0.06374023	0.003825552	0.1246	0.003
0.08394111	0.002490356	0.127077777778	0.00322222222222
0.08138415	0.001509519	0.130644444444	0.00335555555556
0.07416282	0.003264616	0.138511111111	0.00298888888889
0.06646422	0.001813448	0.131633333333	0.00336666666667
0.06618525	0.003226816	0.137933333333	0.00306666666667
0.06703884	0.003087077	0.120544444444	0.00205555555556
0.06748056	0.003456481	0.120311111111	0.00158888888889
0.06868288	0.002001233	0.128677777778	0.00332222222222
0.05281959	0.001869286	0.120377777778	0.00192222222222
0.07942255	0.002892537	0.121522222222	0.00247777777778
0.05337392	0.002872446	0.120355555556	0.00194444444444
0.07521971	0.003682113	0.132522222222	0.00337777777778
0.07234396	0.002177345	0.141122222222	0.00257777777778
0.07664804	0.00263835	0.134557777778	0.00332222222222
0.06625405	0.001158563	0.137688888889	0.00311111111111
0.05125622	0.003163589	0.139866666667	0.00283333333333
0.06984309	0.002816962	0.132902222222	0.00337777777778
0.07042149	0.001348414	0.120277777778	0.00192222222222
0.07656982	0.002048618	0.142255555556	0.00224444444444
0.06379765	0.001006055	0.120144444444	0.00165555555556
0.08640557	0.002837234	0.139966666667	0.00283333333333
0.06588995	0.002039576	0.133733333333	0.00336666666667
0.0620957	0.002484765	0.126288888889	0.00321111111111
0.08286773	0.001887126	0.1407	0.0027
0.06514986	0.003188997	0.13094	0.0034
0.06643953	0.003131064	0.127411111111	0.00328888888889
0.06697355	0.001483608	0.135611111111	0.00328888888889
0.06810142	0.00319315	0.120382222222	0.00207777777778
0.06183247	0.002304766	0.122544444444	0.00275555555556
0.0777906	0.001907073	0.1389	0.003
0.06563342	0.0008770981	0.122122222222	0.00267777777778
0.05644196	0.001863664	0.120055555556	0.00164444444444
0.07627568	0.00247985	0.134966666667	0.00333333333333
0.0653687	0.003400775	0.128833333333	0.00336666666667
0.0713753	0.003266202	0.121155555556	0.00244444444444
0.0781564	0.002478525	0.134333333333	0.00336666666667
0.06688397	0.001355205	0.121833333333	0.000766666666667
0.06863181	0.002735672	0.129311111111	0.00338888888889
0.05792201	0.002424479	0.120355555556	0.00214444444444
0.06326838	0.001836908	0.127388888889	0.00331111111111
0.05098144	0.004890991	0.128244444444	0.00335555555556
0.07978655	0.002183325	0.136655555556	0.00324444444444
0.06654728	0.001990302	0.132277777778	0.00342222222222
0.06846136	0.001727351	0.124344444444	0.00305555555556
0.07402568	0.003104151	0.132377777778	0.00342222222222
0.06487787	0.00285343	0.120688888889	0.00231111111111
0.0648006	0.002133732	0.124522222222	0.00307777777778
0.07190182	0.002446842	0.135497777778	0.00332222222222
0.06073744	0.00270515	0.123544444444	0.00295555555556
0.06222152	0.001712694	0.121444444444	0.00255555555556
0.06233783	0.00292676	0.1337	0.0034
0.06914264	0.003251017	0.120333333333	0.00216666666667
0.0731521	0.002336249	0.134111111111	0.00338888888889
0.08105883	0.00293722	0.137188888889	0.00321111111111
0.07645892	0.002050434	0.1292	0.0034
0.06671724	0.003749578	0.125055555556	0.00314444444444
0.05921865	0.002699557	0.121433333333	0.00256666666667
0.06576382	0.001813023	0.122333333333	0.00276666666667
0.05714631	0.005160726	0.119933333333	0.00186666666667
0.07434486	0.003009731	0.128233333333	0.00336666666667
0.07038713	0.002531757	0.136966666667	0.00323333333333
0.06850876	0.001051684	0.143111111111	0.00178888888889
0.07627356	0.001893787	0.119877777778	0.00162222222222
0.07513335	0.003702163	0.129388888889	0.00341111111111
0.06011825	0.002059295	0.1269	0.0033
0.07788257	0.003509227	0.135566666667	0.00333333333333
0.07439176	0.002394329	0.134933333333	0.00336666666667
0.06071981	0.002370143	0.12	0.002
0.06583524	0.002226484	0.130166666667	0.00343333333333
0.06620086	0.001952727	0.131255555556	0.00344444444444
0.07423688	0.002499731	0.139533333333	0.00296666666667
0.05270146	0.001341891	0.119888888889	0.00151111111111
0.05689606	0.003438704	0.121822222222	0.00267777777778
0.09221823	0.002632425	0.1385	0.0031
0.07193745	0.002098648	0.133888888889	0.00341111111111
0.06187983	0.003299809	0.125133333333	0.00316666666667
0.08199911	0.001162163	0.1432	0.0017
0.06461419	0.001375508	0.120983333333	0.00246666666667
0.05933195	0.00192194	0.119933333333	0.00196666666667
0.06589027	0.001720552	0.119822222222	0.00157777777778
0.06671187	0.003522783	0.130555555556	0.00344444444444
0.07154554	0.002330163	0.127077777778	0.00332222222222
0.06101831	0.004234591	0.124044444444	0.00305555555556
0.06688563	0.002485968	0.123688888889	0.00301111111111
0.05781549	0.005039195	0.131644444444	0.00345555555556
0.06224543	0.002730193	0.119755555556	0.00174444444444
0.0870577	0.002717975	0.134711111111	0.00338888888889
0.05977912	0.001814568	0.121888888889	0.00271111111111
0.06883649	0.00362099	0.131044444444	0.00345555555556
0.07356084	0.004871623	0.127166666667	0.00333333333333
0.05816992	0.002063619	0.120777777778	0.00242222222222
0.07096702	0.001579493	0.141866666667	0.00253333333333
0.0810521	0.002138588	0.129955555556	0.00344444444444
0.06608223	0.001160676	0.119966666667	0.00133333333333
0.07794795	0.003039776	0.140068888889	0.00291111111111
0.07285137	0.003468275	0.136822222222	0.00327777777778
0.05507497	0.001800064	0.121788888889	0.00271111111111
0.0740659	0.002990297	0.127533333333	0.00336666666667
0.07314506	0.002728172	0.133866666667	0.00343333333333
0.0640652	0.005558246	0.130833333333	0.00346666666667
0.0684332	0.002989003	0.123144444444	0.00295555555556
0.0813093	0.002419525	0.135895555556	0.00334444444444
0.07535639	0.002919682	0.122033333333	0.00276666666667
0.06839376	0.00228296	0.129844444444	0.00345555555556
0.07239737	0.002018286	0.140433333333	0.00286666666667
0.06683894	0.003090142	0.126866666667	0.00333333333333
0.09403735	0.001980087	0.143288888889	0.00191111111111
0.06320866	0.004752435	0.125011111111	0.00318888888889
0.07357942	0.002067931	0.131822222222	0.00347777777778
0.07886245	0.002276383	0.121855555556	0.00274444444444
0.07309981	0.001759143	0.130033333333	0.00346666666667
0.06021376	0.002533337	0.120888888889	0.00251111111111
0.06242089	0.001708504	0.120433333333	0.00236666666667
0.07962668	0.005176038	0.128666666667	0.00343333333333
0.07941894	0.002486838	0.141655555556	0.00264444444444
0.06747828	0.002844379	0.131211111111	0.00348888888889
0.0635047	0.004858089	0.123733333333	0.00306666666667
0.07267998	0.003603338	0.129433333333	0.00346666666667
0.06582903	0.003289314	0.119522222222	0.00157777777778
0.08104782	0.0021917	0.139111111111	0.00308888888889
0.0729133	0.001302092	0.137766666667	0.00323333333333
0.07017599	0.00306964	0.137655555556	0.00324444444444
0.06964151	0.002766136	0.126466666667	0.00333333333333
0.07600189	0.002257949	0.139333333333	0.00306666666667
0.04765546	0.002505209	0.1318	0.0035
0.08075732	0.002766393	0.133833333333	0.00346666666667
0.08468921	0.001706361	0.126933333333	0.00336666666667
0.08379086	0.0009581609	0.140144444444	0.00295555555556
0.06544705	0.001015018	0.143555555556	0.00174444444444
0.06704186	0.0009842895	0.126555555556	0.00334444444444
0.07823924	0.002934096	0.142822222222	0.00107777777778
0.06721783	0.0006283013	0.120411111111	0.000988888888889
0.07829611	0.001872861	0.143522222222	0.00187777777778
0.07607044	0.001215678	0.143088888889	0.00221111111111
0.06054847	0.002725546	0.124344444444	0.00315555555556
0.07092184	0.001704699	0.142144444444	0.00255555555556
0.08093678	0.002976918	0.143322222222	0.00207777777778
0.0897008	0.004866956	0.136344444444	0.00335555555556
0.06427729	0.001541305	0.124977777778	0.00322222222222
0.06724166	0.003648894	0.120166666667	0.00233333333333
0.06509881	0.002879558	0.129711111111	0.00348888888889
0.07168392	0.002589929	0.129711111111	0.00348888888889
0.08036455	0.001417159	0.143097777778	0.00222222222222
0.06808562	0.002601388	0.137311111111	0.00328888888889
0.06533086	0.00365336	0.126733333333	0.00336666666667
0.0669859	0.004127603	0.124788888889	0.00321111111111
0.0599705	0.001510368	0.122566666667	0.00293333333333
0.06397478	0.00361966	0.130468888889	0.00351111111111
0.08460976	0.002251063	0.121144444444	0.00265555555556
0.05874218	0.003317654	0.126255555556	0.00334444444444
0.07883619	0.003524871	0.139117777778	0.00312222222222
0.07440182	0.003049884	0.1393	0.0031
0.06498034	0.003182416	0.123611111111	0.00308888888889
0.06811725	0.002064186	0.131457777778	0.00352222222222
0.06273005	0.003011723	0.123433333333	0.00306666666667
0.06885132	0.004626542	0.130078888889	0.00351111111111
0.05127084	0.002412623	0.119655555556	0.00214444444444
0.0807809	0.002113891	0.142366666667	0.00253333333333
0.08119716	0.001871312	0.143366666667	0.00213333333333
0.06509071	0.001525917	0.119588888889	0.00211111111111
0.05571677	0.003906638	0.134011111111	0.00348888888889
0.06322251	0.002016023	0.125322222222	0.00327777777778
0.06186456	0.002453877	0.1229	0.003
0.06573248	0.002323237	0.124955555556	0.00324444444444
0.06440817	0.006053845	0.1385	0.0032
0.06787789	0.00182254	0.121288888889	0.00271111111111
0.06949994	0.002702491	0.119244444444	0.00175555555556
0.07621841	0.001657551	0.119633333333	0.00216666666667
0.06507268	0.003854806	0.129977777778	0.00352222222222
0.06674328	0.003466603	0.127655555556	0.00344444444444
0.05721169	0.002300961	0.119244444444	0.00155555555556
0.07325741	0.002776195	0.132366666667	0.00353333333333
0.06237009	0.0022585	0.122711111111	0.00298888888889
0.08129307	0.003364083	0.128222222222	0.00347777777778
0.06945435	0.002632058	0.131155555556	0.00354444444444
0.07444248	0.004442745	0.127933333333	0.00346666666667
0.0878805	0.001748967	0.143844444444	0.00165555555556
0.06806653	0.002771964	0.131895555556	0.00354444444444
0.06172159	0.002144709	0.119733333333	0.00226666666667
0.06005137	0.004387076	0.14379	0.0019
0.06040648	0.00178034	0.119288888889	0.00141111111111
0.07645642	0.001568778	0.135133333333	0.00346666666667
0.07245286	0.003439739	0.120233333333	0.00246666666667
0.0609877	0.002689865	0.123488888889	0.00311111111111
0.06329932	0.003866654	0.1286	0.0035
0.07552753	0.002034197	0.142422222222	0.00257777777778
0.05007032	0.002125271	0.119422222222	0.00127777777778
0.07174748	0.002109564	0.126222222222	0.00337777777778
0.06627902	0.004450343	0.133366666667	0.00353333333333
0.07785073	0.003810465	0.129466666667	0.00353333333333
0.06647618	0.004196463	0.128121111111	0.00348888888889
0.06657678	0.002889858	0.125844444444	0.00335555555556
0.08056519	0.002215667	0.133566666667	0.00353333333333
0.07604377	0.003678853	0.137577777778	0.00332222222222
0.07001613	0.002188977	0.120522222222	0.00257777777778
0.0584545	0.003052672	0.126271111111	0.00338888888889
0.062837	0.004277238	0.127155555556	0.00344444444444
0.07486637	0.001913029	0.1347	0.0035
0.06830097	0.001705382	0.128777777778	0.00352222222222
0.06219069	0.001773352	0.119022222222	0.00157777777778
0.07937344	0.003979755	0.136377777778	0.00342222222222
0.06133466	0.003427916	0.127393333333	0.00346666666667
0.06673471	0.002135056	0.124544444444	0.00325555555556
0.06093962	0.002710589	0.118977777778	0.00172222222222
0.06210478	0.002847702	0.129355555556	0.00354444444444
0.07519062	0.002176931	0.130533333333	0.00356666666667
0.06701368	0.004002504	0.134377777778	0.00352222222222
0.06405913	0.001965825	0.122411111111	0.00298888888889
0.07361713	0.002760096	0.124	0.0032
0.07733841	0.001378293	0.143611111111	0.00218888888889
0.07570615	0.002844017	0.131102222222	0.00357777777778
0.07698535	0.004159842	0.125693333333	0.00336666666667
0.06916179	0.003278414	0.132022222222	0.00357777777778
0.0637908	0.00285717	0.122695555556	0.00304444444444
0.05676676	0.004534043	0.125911111111	0.00338888888889
0.07325127	0.001626821	0.121044444444	0.00275555555556
0.06650888	0.003316841	0.132722222222	0.00357777777778
0.07398524	0.000895631	0.119577777778	0.00232222222222
0.06328129	0.002652359	0.119066666667	0.00203333333333
0.07700715	0.003198016	0.133022222222	0.00357777777778
0.07115309	0.002030997	0.142866666667	0.00253333333333
0.06680266	0.002475764	0.119288888889	0.00221111111111
0.07525396	0.001487568	0.138744444444	0.00325555555556
0.05785113	0.003604878	0.132541111111	0.00358888888889
0.07171476	0.001979042	0.126177777778	0.00342222222222
0.05756608	0.002869779	0.119922222222	0.00247777777778
0.06657822	0.004033272	0.136666666667	0.00343333333333
0.06479985	0.001905717	0.124877777778	0.00332222222222
0.0814959	0.001820974	0.133011111111	0.00358888888889
0.06794589	0.003002837	0.129033333333	0.00356666666667
0.06026603	0.0008741289	0.119544444444	0.00235555555556
0.070888	0.003619908	0.1307	0.0036
0.06974103	0.00352048	0.122111111111	0.00298888888889
0.05822648	0.002954524	0.126544444444	0.00345555555556
0.0747171	0.002957458	0.137441111111	0.00338888888889
0.09347921	0.003429377	0.142677777778	0.00262222222222
0.0724285	0.002657012	0.134544444444	0.00355555555556
0.06396114	0.00171847	0.119455555556	0.00234444444444
0.07567075	0.001508316	0.132088888889	0.00361111111111
0.0800432	0.002166351	0.143733333333	0.00226666666667
0.07335163	0.002933689	0.119522222222	0.00237777777778
0.07158907	0.005103332	0.141877777778	0.00282222222222
0.07710708	0.002292659	0.1443	0.0018
0.07671553	0.003756432	0.140422222222	0.00307777777778
0.06422022	0.002162631	0.140351111111	0.00308888888889
0.06440013	0.004296563	0.121666666667	0.00293333333333
0.05892127	0.001012628	0.119166666667	0.00223333333333
0.07410612	0.002301205	0.127666666667	0.00353333333333
0.06768037	0.003480272	0.121577777778	0.00292222222222
0.05588019	0.001970658	0.119644444444	0.000955555555556
0.06267903	0.00173935	0.125638888889	0.00341111111111
0.07370583	0.002316124	0.136422222222	0.00347777777778
0.07426005	0.003244985	0.143044444444	0.00255555555556
0.05994922	0.001612233	0.128622222222	0.00357777777778
0.06080098	0.002878253	0.126711111111	0.00348888888889
0.05256665	0.001137053	0.1201	0.0026
0.06874262	0.002188433	0.123488888889	0.00321111111111
0.06721271	0.002303214	0.118622222222	0.00157777777778
0.07921174	0.002887277	0.138477777778	0.00332222222222
0.08029373	0.002557497	0.140755555556	0.00304444444444
0.05512815	0.002332301	0.141966666667	0.00283333333333
0.06398257	0.00244363	0.132777777778	0.00362222222222
0.08461004	0.0009356366	0.144422222222	0.00177777777778
0.07884628	0.004905163	0.121055555556	0.00284444444444
0.07462612	0.00260386	0.137266666667	0.00343333333333
0.07732918	0.003594508	0.135666666667	0.00353333333333
0.07379085	0.001808868	0.132256666667	0.00363333333333
0.06210534	0.0007137781	0.119222222222	0.00107777777778
0.06523415	0.003030263	0.134411111111	0.00358888888889
0.07259441	0.003085138	0.119612222222	0.00247777777778
0.06356942	0.002459601	0.123744444444	0.00325555555556
0.07542311	0.002577581	0.121722222222	0.00297777777778
0.07862083	0.001329092	0.142722222222	0.00267777777778
0.07308942	0.002910608	0.134511111111	0.00358888888889
0.06723669	0.002361186	0.1342	0.0036
0.05815939	0.002904168	0.121044444444	0.00285555555556
0.07438518	0.001982656	0.132866666667	0.00363333333333
0.06217984	0.002284407	0.121377777778	0.00292222222222
0.06339163	0.003305213	0.127355555556	0.00354444444444
0.07741082	0.002814914	0.132966666667	0.00363333333333
0.09136283	0.003495116	0.135655555556	0.00354444444444
0.0711197	0.002851175	0.129966666667	0.00363333333333
0.08190767	0.003224753	0.137577777778	0.00342222222222
0.0635393	0.002470575	0.130555555556	0.00364444444444
0.06798341	0.001882215	0.1251	0.0034
0.05874997	0.002683732	0.121033333333	0.00286666666667
0.07419714	0.002701627	0.135333333333	0.00356666666667
0.08594525	0.002564383	0.135333333333	0.00356666666667
0.05805487	0.003031758	0.1193	0.0024
0.08484745	0.002565803	0.140133333333	0.00316666666667
0.06175609	0.004145715	0.121277777778	0.00292222222222
0.05339179	0.00166488	0.1184	0.0017
0.06716711	0.002738388	0.123544444444	0.00325555555556
0.078453	0.00320358	0.137888888889	0.00341111111111
0.06196388	0.002779935	0.120444444444	0.00275555555556
0.06709325	0.002476823	0.123811111111	0.00328888888889
0.06700595	0.002362232	0.135955555556	0.00354444444444
0.05933306	0.003257705	0.125088888889	0.00341111111111
0.06470322	0.004885694	0.120122222222	0.00267777777778
0.07907877	0.001841097	0.140466666667	0.00313333333333
0.07817448	0.001896527	0.144622222222	0.00177777777778
0.06216757	0.003047869	0.135322222222	0.00357777777778
0.05950375	0.001991264	0.120766666667	0.00283333333333
0.07271657	0.001765724	0.121177777778	0.00292222222222
0.07878156	0.00331669	0.140455555556	0.00314444444444
0.06503721	0.002611803	0.130833333333	0.00366666666667
0.07738312	0.001564813	0.137011111111	0.00348888888889
0.06517698	0.006878836	0.138533333333	0.00336666666667
0.0702452	0.001785217	0.128288888889	0.00361111111111
0.07143527	0.003597987	0.134066666667	0.00363333333333
0.06838837	0.001919341	0.120755555556	0.00284444444444
0.0673433	0.002504811	0.126815555556	0.00354444444444
0.06685032	0.001046749	0.144666666667	0.00153333333333
0.0737173	0.003465541	0.125166666667	0.00343333333333
0.07461138	0.002643745	0.128377777778	0.00362222222222
0.06842892	0.001862344	0.121588888889	0.00301111111111
0.06503293	0.00445801	0.121588888889	0.00301111111111
