root_height	pop_size	pi_net	pi_within
0.08825868	0.003409872	0.160211111111	0.00478888888889
0.09855173	0.002651123	0.159842222222	0.00457777777778
0.09088946	0.002273872	0.160388888889	0.00481111111111
0.09826047	0.003274006	0.160944444444	0.00475555555556
0.07557732	0.003212884	0.160977777778	0.00482222222222
0.05951529	0.004261987	0.160322222222	0.00487777777778
0.09565205	0.003443215	0.160955555556	0.00484444444444
0.08838882	0.002508917	0.160966666667	0.00453333333333
0.09049455	0.007366329	0.159022222222	0.00477777777778
0.08548432	0.003356517	0.161333333333	0.00456666666667
0.08613246	0.003283759	0.159833333333	0.00446666666667
0.09010181	0.004509001	0.160608888889	0.00491111111111
0.08846881	0.003042835	0.158706666667	0.00463333333333
0.09527336	0.003783583	0.160244444444	0.00445555555556
0.0837432	0.004435612	0.158733333333	0.00476666666667
0.08388164	0.002679006	0.160544444444	0.00445555555556
0.08819733	0.003131907	0.161033333333	0.00446666666667
0.08970826	0.001766858	0.158511111111	0.00468888888889
0.07592952	0.003347669	0.158611111111	0.00458888888889
0.0925582	0.001793515	0.16195	0.0047
0.09657075	0.003210924	0.161133333333	0.00446666666667
0.08274315	0.003961021	0.1615	0.0045
0.08687976	0.002088057	0.161911111111	0.00478888888889
0.07879655	0.003602925	0.161984444444	0.00475555555556
0.09892345	0.003870169	0.158533333333	0.00456666666667
0.09401368	0.004474493	0.162	0.0046
0.08581097	0.003486379	0.159277777778	0.00442222222222
0.08242172	0.004255918	0.159214444444	0.00495555555556
0.09000885	0.003083738	0.158233333333	0.00476666666667
0.0896382	0.002258737	0.158844444444	0.00445555555556
0.08452396	0.002841669	0.158133333333	0.00466666666667
0.09760739	0.004969509	0.158222222222	0.00457777777778
0.08456155	0.004144054	0.162311111111	0.00478888888889
0.08126645	0.003413237	0.162155555556	0.00484444444444
0.07241135	0.004174434	0.158133333333	0.00456666666667
0.08052175	0.005175458	0.160344444444	0.00435555555556
0.09466707	0.002964627	0.160044444444	0.00435555555556
0.08723134	0.002959308	0.1584	0.0049
0.08787601	0.003202724	0.159388888889	0.00501111111111
0.09986605	0.00287023	0.160877777778	0.00502222222222
0.08799199	0.002002348	0.162277777778	0.00452222222222
0.0910946	0.006786477	0.160465555556	0.00504444444444
0.08776143	0.00386777	0.161077777778	0.00502222222222
0.09956707	0.003485243	0.162455555556	0.00484444444444
0.09152481	0.003096616	0.162424444444	0.00485555555556
0.07481267	0.003481984	0.162388888889	0.00451111111111
0.0949117	0.003378424	0.162444444444	0.00485555555556
0.08430304	0.002996728	0.157844444444	0.00455555555556
0.09219399	0.003421276	0.162761111111	0.00468888888889
0.08678591	0.002955756	0.162633333333	0.00456666666667
0.08490774	0.003767882	0.158177777778	0.00492222222222
0.09456622	0.004230804	0.162166666667	0.00443333333333
0.07844547	0.003746151	0.1577	0.0048
0.09117815	0.002614546	0.160131111111	0.00508888888889
0.08311661	0.002960856	0.15949	0.0043
0.09629193	0.001809732	0.1604	0.0051
0.0925569	0.003046347	0.1622	0.0044
0.08031711	0.001595111	0.162455555556	0.00444444444444
0.1017672	0.003766915	0.159411111111	0.00508888888889
0.08619193	0.004466133	0.157566666667	0.00483333333333
0.08597862	0.003592857	0.1594	0.0051
0.08757707	0.00221426	0.163055555556	0.00474444444444
0.07963032	0.00485229	0.157692222222	0.00447777777778
0.09249801	0.003234159	0.15931	0.0051
0.07178636	0.004401134	0.157611111111	0.00448888888889
0.1081702	0.003334547	0.163044444444	0.00455555555556
0.07848632	0.00328127	0.157333333333	0.00456666666667
0.08601943	0.003333059	0.159866666667	0.00513333333333
0.08688313	0.002789979	0.157531111111	0.00448888888889
0.08368797	0.004442067	0.159805555556	0.00424444444444
0.1018198	0.003028706	0.16314	0.0048
0.08543167	0.001599356	0.157166666667	0.00463333333333
0.07608451	0.002647146	0.1626	0.0044
0.09767801	0.003688866	0.158988888889	0.00511111111111
0.09279783	0.004070479	0.158077777778	0.00502222222222
0.08256952	0.001499263	0.1572	0.0048
0.08091202	0.003164604	0.161902222222	0.00507777777778
0.08996469	0.00452055	0.161155555556	0.00424444444444
0.08003298	0.005112118	0.160077777778	0.00422222222222
0.07415166	0.002413347	0.157466666667	0.00493333333333
0.08908408	0.004067336	0.162711111111	0.00498888888889
0.09144924	0.003557088	0.161355555556	0.00514444444444
0.09544552	0.004008993	0.162111111111	0.00508888888889
0.1045215	0.003717562	0.158544444444	0.00425555555556
0.06192225	0.006129757	0.16116	0.0042
0.07728199	0.0021978	0.158844444444	0.00515555555556
0.07667134	0.004498732	0.156955555556	0.00484444444444
0.08831849	0.00298398	0.160911111111	0.00418888888889
0.0790885	0.002645582	0.157411111111	0.00438888888889
0.08499589	0.002523095	0.162411111111	0.00508888888889
0.1051662	0.003117667	0.163226666667	0.00443333333333
0.09273632	0.004590533	0.158277777778	0.00512222222222
0.07511236	0.005383218	0.157022222222	0.00447777777778
0.08058937	0.001396245	0.157166666667	0.00443333333333
0.09532129	0.002570904	0.161522222222	0.00517777777778
0.08179866	0.003793313	0.16319	0.0044
0.08003944	0.003116343	0.158366666667	0.00423333333333
0.1007963	0.001821674	0.157133333333	0.00496666666667
0.07602236	0.004233464	0.1569	0.0049
0.08664953	0.003563647	0.163211111111	0.00498888888889
0.1031489	0.001819345	0.158811111111	0.00518888888889
0.1051029	0.001896746	0.158922222222	0.00417777777778
0.08024159	0.004076731	0.159855555556	0.00414444444444
0.08040567	0.003860282	0.159377777778	0.00522222222222
0.0797487	0.002430796	0.162366666667	0.00513333333333
0.08463801	0.002645219	0.157111111111	0.00498888888889
0.08885295	0.0030981	0.158144444444	0.00515555555556
0.09169188	0.0028333	0.156711111111	0.00488888888889
0.09035747	0.002115317	0.157	0.0044
0.08974122	0.008162178	0.156826666667	0.00493333333333
0.08402045	0.003399545	0.157078888889	0.00501111111111
0.1079419	0.003419052	0.160677777778	0.00412222222222
0.08639022	0.003686287	0.1574	0.0043
0.0839499	0.002950942	0.158088888889	0.00421111111111
0.08926916	0.002580168	0.159255555556	0.00524444444444
0.09584879	0.003108946	0.164011111111	0.00478888888889
0.09542284	0.001639587	0.156677777778	0.00492222222222
0.08669901	0.002758054	0.157342222222	0.00507777777778
0.08897622	0.002997231	0.156628888889	0.00491111111111
0.08467204	0.00307605	0.164133333333	0.00466666666667
0.09945406	0.002558201	0.159433333333	0.00526666666667
0.08515504	0.002971934	0.162048888889	0.00521111111111
0.08993253	0.004141503	0.157055555556	0.00504444444444
0.08189524	0.003075992	0.164055555556	0.00454444444444
0.07449493	0.002612668	0.158444444444	0.00415555555556
0.08650478	0.002810773	0.163733333333	0.00496666666667
0.09190534	0.00257753	0.157922222222	0.00517777777778
0.08967733	0.002468433	0.157911111111	0.00518888888889
0.08943586	0.00253632	0.156244444444	0.00455555555556
0.08127429	0.004429092	0.157564444444	0.00515555555556
0.09148032	0.00240919	0.1591	0.0041
0.06928362	0.003931102	0.1566	0.0044
0.09541083	0.001494066	0.156066666667	0.00473333333333
0.08618581	0.002093759	0.159988888889	0.00531111111111
0.07494238	0.004084134	0.163788888889	0.00501111111111
0.09101108	0.004084996	0.164222222222	0.00487777777778
0.09774278	0.002957727	0.161722222222	0.00527777777778
0.08503436	0.003590045	0.164466666667	0.00473333333333
0.09405224	0.003350304	0.156	0.0048
0.06796071	0.003103453	0.157955555556	0.00414444444444
0.08117875	0.00418553	0.1569	0.0051
0.08238552	0.00325572	0.160455555556	0.00404444444444
0.07764623	0.005071791	0.156422222222	0.00437777777778
0.08091963	0.001413419	0.163133333333	0.00516666666667
0.09309302	0.004038144	0.159666666667	0.00533333333333
0.099642	0.003173666	0.155966666667	0.00483333333333
0.08367486	0.003181197	0.158933333333	0.00406666666667
0.08456988	0.005547681	0.157411111111	0.00518888888889
0.08805733	0.002800636	0.164522222222	0.00457777777778
0.09818087	0.004051206	0.161397777778	0.00532222222222
0.08541465	0.004828173	0.164411111111	0.00448888888889
0.09591392	0.004230934	0.160077777778	0.00402222222222
0.09274427	0.002216895	0.15578	0.0046
0.08874218	0.005582808	0.158211111111	0.00528888888889
0.08858943	0.002751709	0.163644444444	0.00425555555556
0.100452	0.003086932	0.156688888889	0.00511111111111
0.08882435	0.004173349	0.161586666667	0.00533333333333
0.08411067	0.0024918	0.155677777778	0.00472222222222
0.08993528	0.003272486	0.164722222222	0.00477777777778
0.09459407	0.004010554	0.163666666667	0.00513333333333
0.08032601	0.002039674	0.163422222222	0.00517777777778
0.07751481	0.004716423	0.155744444444	0.00485555555556
0.08741247	0.001792093	0.156177777778	0.00502222222222
0.08958577	0.002363265	0.158233333333	0.00406666666667
0.08640202	0.003667277	0.158755555556	0.00534444444444
0.0871216	0.002269922	0.156	0.0044
0.09454099	0.003791511	0.164577777778	0.00492222222222
0.08497812	0.002519291	0.157244444444	0.00415555555556
0.07904954	0.005782801	0.164566666667	0.00493333333333
0.08289986	0.005665227	0.158555555556	0.00534444444444
0.08674217	0.003368863	0.161866666667	0.00403333333333
0.09766031	0.003036668	0.164777777778	0.00452222222222
0.08448272	0.003837043	0.162277777778	0.00532222222222
0.09263665	0.003703617	0.163944444444	0.00425555555556
0.08151345	0.00354984	0.155456666667	0.00463333333333
0.09449666	0.003065606	0.1646	0.0044
0.08598179	0.002560024	0.164944444444	0.00455555555556
0.09847473	0.003974415	0.164888888889	0.00451111111111
0.07092186	0.006277852	0.158155555556	0.00534444444444
0.09251208	0.002971405	0.159853333333	0.00396666666667
0.08745187	0.004930144	0.155488888889	0.00451111111111
0.08423692	0.003408518	0.156877777778	0.00522222222222
0.08913947	0.005556495	0.164877777778	0.00492222222222
0.0649917	0.003139486	0.164433333333	0.00506666666667
0.08683834	0.001945807	0.163566666667	0.00523333333333
0.09596396	0.002288594	0.157644444444	0.00405555555556
0.08374617	0.003411446	0.163733333333	0.00416666666667
0.08707404	0.004418736	0.1588	0.0054
0.08014974	0.004575497	0.156511111111	0.00518888888889
0.08335085	0.004194216	0.161144444444	0.00395555555556
0.08699174	0.00434272	0.157122222222	0.00527777777778
0.07308427	0.003733168	0.161822222222	0.00397777777778
0.07672853	0.004136249	0.155222222222	0.00477777777778
0.08569789	0.001785535	0.160955555556	0.00394444444444
0.08728117	0.003827125	0.162557777778	0.00402222222222
0.09097338	0.002859703	0.162755555556	0.00534444444444
0.08437339	0.003902125	0.162122222222	0.00397777777778
0.09954107	0.004021595	0.157664444444	0.00535555555556
0.08105819	0.004721621	0.163846666667	0.00523333333333
0.08359117	0.002445869	0.160644444444	0.00545555555556
0.08217947	0.006207045	0.1623	0.0054
0.07758652	0.004288956	0.162622222222	0.00537777777778
0.07790111	0.002931379	0.156566666667	0.00413333333333
0.0938207	0.003656283	0.156122222222	0.00517777777778
0.08661914	0.005025079	0.158846666667	0.00393333333333
0.08639394	0.004833363	0.155011111111	0.00458888888889
0.07335345	0.004152343	0.155011111111	0.00458888888889
0.0789513	0.005293899	0.165444444444	0.00475555555556
0.07128273	0.004070587	0.155122222222	0.00447777777778
0.06379495	0.004929374	0.156455555556	0.00524444444444
0.0826525	0.003321578	0.161755555556	0.00544444444444
0.0833761	0.005699238	0.16054	0.0039
0.0708968	0.005160992	0.162933333333	0.00536666666667
0.08822093	0.00243077	0.1607	0.0039
0.08516819	0.003209866	0.1626	0.0054
0.08116597	0.004431949	0.157542222222	0.00537777777778
0.07509235	0.004385843	0.154888888889	0.00461111111111
0.08811465	0.002097234	0.156582222222	0.00527777777778
0.0836714	0.006280534	0.165566666667	0.00473333333333
0.08379799	0.003804391	0.164166666667	0.00413333333333
0.07876506	0.002571624	0.160622222222	0.00387777777778
0.06860877	0.005372287	0.156688888889	0.00531111111111
0.08611888	0.002318045	0.154911111111	0.00488888888889
0.07912647	0.002067133	0.155348888889	0.00431111111111
0.09268311	0.003344261	0.165633333333	0.00456666666667
0.08028072	0.004351085	0.15512	0.005
0.08658921	0.004761557	0.1639	0.0053
0.0749887	0.004380258	0.1565	0.0053
0.1024713	0.007249138	0.164011111111	0.00528888888889
0.09719352	0.003811643	0.160888888889	0.00551111111111
0.0849529	0.004781811	0.158233333333	0.00546666666667
0.0677673	0.005384362	0.157825555556	0.00544444444444
0.0963801	0.001520963	0.165755555556	0.00454444444444
0.09440977	0.003491296	0.161077777778	0.00552222222222
0.08335557	0.004199753	0.156322222222	0.00407777777778
0.09000936	0.002983132	0.154655555556	0.00484444444444
0.07853081	0.004335353	0.159244444444	0.00385555555556
0.08401685	0.0030734	0.156063333333	0.00526666666667
0.101438	0.003156856	0.157777777778	0.00392222222222
0.08970067	0.002443604	0.154737777778	0.00492222222222
0.09289497	0.003383052	0.157188888889	0.00541111111111
0.09418789	0.002487126	0.162211111111	0.00388888888889
0.08940622	0.00429595	0.156344444444	0.00405555555556
0.08145118	0.003516231	0.160666666667	0.00383333333333
0.08229667	0.002270763	0.1583	0.0055
0.08135718	0.003307698	0.162401111111	0.00388888888889
0.0880296	0.002495858	0.164233333333	0.00406666666667
0.08784289	0.004004091	0.159266666667	0.00383333333333
0.08579589	0.003680699	0.155755555556	0.00524444444444
0.08014698	0.00225592	0.156711111111	0.00398888888889
0.07344213	0.003229752	0.154344444444	0.00465555555556
0.07905599	0.002112101	0.164755555556	0.00524444444444
0.08645039	0.003038232	0.159988888889	0.00381111111111
0.09217452	0.003167677	0.1628	0.0039
0.08830433	0.003745069	0.155911111111	0.00528888888889
0.08415582	0.004887197	0.158277777778	0.00552222222222
0.09261094	0.004171641	0.155067777778	0.00512222222222
0.09691904	0.004753911	0.154622222222	0.00497777777778
0.08784895	0.001282468	0.162922222222	0.00547777777778
0.08448407	0.003071176	0.154477777778	0.00492222222222
0.09183639	0.005673617	0.163244444444	0.00545555555556
0.08081417	0.002448119	0.162911111111	0.00548888888889
0.07462661	0.005120679	0.154188888889	0.00461111111111
0.09004396	0.002311111	0.157004444444	0.00545555555556
0.0793465	0.002938049	0.159611111111	0.00378888888889
0.1014957	0.003279457	0.166288888889	0.00471111111111
0.08281488	0.002356307	0.161788888889	0.00381111111111
0.08405024	0.004457191	0.158922222222	0.00557777777778
0.08324902	0.003306632	0.154544444444	0.00435555555556
0.09713635	0.003424123	0.1603	0.0056
0.09117945	0.003628255	0.161211111111	0.00558888888889
0.08209754	0.002095152	0.1562	0.004
0.091046	0.001938642	0.163022222222	0.00387777777778
0.08763104	0.003640739	0.158066666667	0.00383333333333
0.08390301	0.005227378	0.158493333333	0.00556666666667
0.09493945	0.003690649	0.161988888889	0.00381111111111
0.08048533	0.002428886	0.166266666667	0.00453333333333
0.09155504	0.00346632	0.160628888889	0.00561111111111
0.09275461	0.004228691	0.157111111111	0.00548888888889
0.08472761	0.001668893	0.157566666667	0.00553333333333
0.09315432	0.003066253	0.166322222222	0.00487777777778
0.1053248	0.003233552	0.165344444444	0.00415555555556
0.08843762	0.00200105	0.166255555556	0.00444444444444
0.08815108	0.001994963	0.162755555556	0.00554444444444
0.08504324	0.002680723	0.153988888889	0.00481111111111
0.07438876	0.005609867	0.155145555556	0.00524444444444
0.07968237	0.005299646	0.161433333333	0.00376666666667
0.08931302	0.002920387	0.1645	0.004
0.08977891	0.004163014	0.155833333333	0.00536666666667
0.08553877	0.003160955	0.154211111111	0.00498888888889
0.09627575	0.004596666	0.164855555556	0.00404444444444
0.08169663	0.004802778	0.1662	0.005
0.07161647	0.004112339	0.156266666667	0.00543333333333
0.08360015	0.003884762	0.161733333333	0.00376666666667
0.08146125	0.002738384	0.153888888889	0.00481111111111
0.08785186	0.003432784	0.153844444444	0.00475555555556
0.08661904	0.004712403	0.158877777778	0.00562222222222
0.07375325	0.003827033	0.156711111111	0.00548888888889
0.08828328	0.001759211	0.155922222222	0.00397777777778
0.0730258	0.005255375	0.157891111111	0.00558888888889
0.08000284	0.005038392	0.153777777778	0.00482222222222
0.07960899	0.004400195	0.1537	0.0047
0.08530753	0.002895479	0.154611111111	0.00518888888889
0.1006184	0.004586286	0.155012222222	0.00527777777778
0.08474535	0.002408871	0.154477777778	0.00422222222222
0.07525169	0.003003649	0.153677777778	0.00462222222222
0.09509364	0.001933002	0.166708888889	0.00481111111111
0.08651356	0.004350459	0.155788888889	0.00541111111111
0.09864792	0.003626717	0.165977777778	0.00422222222222
0.09203558	0.003121715	0.166677777778	0.00452222222222
0.0799181	0.003092024	0.154211111111	0.00508888888889
0.09769653	0.003974996	0.158044444444	0.00375555555556
0.09028374	0.003563089	0.155255555556	0.00534444444444
0.09408087	0.001767911	0.156977777778	0.00382222222222
0.07579033	0.00466648	0.163011111111	0.00378888888889
0.07462619	0.005322639	0.158055555556	0.00374444444444
0.07225887	0.003647472	0.156211111111	0.00548888888889
0.08027333	0.003711125	0.155166666667	0.00403333333333
0.09085621	0.003703709	0.165244444444	0.00535555555556
0.09530323	0.003074439	0.166922222222	0.00477777777778
0.07225022	0.002266785	0.153477777778	0.00462222222222
0.08702788	0.003293339	0.1573	0.0056
0.07891444	0.003218766	0.154	0.0051
0.07944574	0.003935848	0.158622222222	0.00567777777778
0.07504845	0.004096647	0.1661	0.0052
0.09553917	0.003253353	0.165544444444	0.00405555555556
0.08571375	0.003338161	0.155892222222	0.00547777777778
0.08783432	0.003169149	0.161611111111	0.00368888888889
0.09297261	0.003468447	0.1534	0.0046
0.07781627	0.006094486	0.153911111111	0.00508888888889
0.09772084	0.002357326	0.162288888889	0.00371111111111
0.08577455	0.002612371	0.164511111111	0.00388888888889
0.1038598	0.002188976	0.164066666667	0.00383333333333
0.08104009	0.00352822	0.1533	0.0046
0.0829757	0.002032824	0.1623	0.0037
0.09482672	0.00195129	0.156044444444	0.00385555555556
0.09338235	0.004121635	0.166612222222	0.00427777777778
0.08161129	0.002519825	0.154677777778	0.00532222222222
0.09163143	0.002685667	0.154255555556	0.00524444444444
0.07452547	0.004237595	0.155255555556	0.00394444444444
0.0837231	0.005526699	0.1535	0.005
0.0997865	0.004869233	0.163477777778	0.00562222222222
0.09058033	0.002669362	0.154022222222	0.00417777777778
0.07639122	0.002238221	0.159855555556	0.00574444444444
0.08732559	0.002414018	0.153133333333	0.00466666666667
0.07944974	0.002322643	0.154534444444	0.00405555555556
0.083452	0.001906253	0.153888888889	0.00421111111111
0.08395951	0.002410776	0.153273333333	0.00446666666667
0.09314626	0.007076206	0.155277777778	0.00392222222222
0.06203227	0.005041311	0.165	0.0039
0.0792655	0.002715468	0.1673	0.0048
0.09987923	0.001926683	0.167188888889	0.00491111111111
0.08407745	0.003048125	0.1531	0.0048
0.1039129	0.003208862	0.155055555556	0.00394444444444
0.08247318	0.001786552	0.155055555556	0.00394444444444
0.07223302	0.003848485	0.153045555556	0.00474444444444
0.08729321	0.001304621	0.167361111111	0.00478888888889
0.08808244	0.003780723	0.163188888889	0.00371111111111
0.08734476	0.003352156	0.166366666667	0.00413333333333
0.07701824	0.004341702	0.153042222222	0.00457777777778
0.09440569	0.004905314	0.1666	0.0052
0.09273335	0.003676556	0.153108888889	0.00491111111111
0.09028788	0.002325979	0.1629	0.0057
0.08280957	0.002605275	0.158155555556	0.00364444444444
0.0757719	0.002991007	0.156333333333	0.00376666666667
0.07232212	0.002124106	0.160422222222	0.00577777777778
0.0944566	0.003516005	0.153844444444	0.00415555555556
0.06794115	0.003672505	0.162557777778	0.00572222222222
0.07299159	0.00315632	0.153077777778	0.00492222222222
0.07780505	0.001976277	0.153257777778	0.00502222222222
0.08646434	0.004339707	0.155666666667	0.00383333333333
0.0864875	0.003080023	0.153095555556	0.00494444444444
0.08984562	0.003186347	0.157	0.0037
0.09963597	0.003967001	0.155466666667	0.00553333333333
0.08221996	0.001451191	0.166411111111	0.00528888888889
0.08874637	0.002160731	0.154266666667	0.00403333333333
0.1004431	0.004823938	0.166166666667	0.00403333333333
0.09884399	0.003240652	0.162844444444	0.00365555555556
0.07089556	0.004654473	0.153533333333	0.00516666666667
0.08793705	0.00191442	0.1676	0.0048
0.07157812	0.003987482	0.153097777778	0.00502222222222
0.06912937	0.003087307	0.16197	0.0036
0.09943581	0.004337343	0.162	0.0036
0.08067694	0.002057004	0.155434444444	0.00555555555556
0.08334087	0.002413834	0.166622222222	0.00527777777778
0.09742125	0.004708614	0.153577777778	0.00522222222222
0.07628395	0.003629951	0.152988888889	0.00501111111111
0.09376276	0.002105428	0.152744444444	0.00485555555556
0.1044898	0.003641714	0.1662	0.004
0.07835872	0.002805525	0.153088888889	0.00431111111111
0.1015249	0.003832725	0.159288888889	0.00581111111111
0.1007988	0.003678879	0.158411111111	0.00578888888889
0.08156661	0.003332095	0.158122222222	0.00577777777778
0.07948723	0.004002012	0.1623	0.0036
0.09009142	0.003519387	0.152611111111	0.00468888888889
0.08514662	0.004544124	0.152653333333	0.00456666666667
0.07849717	0.003969074	0.152966666667	0.00503333333333
0.07493533	0.003957702	0.160944444444	0.00355555555556
0.07997687	0.003722537	0.1677	0.0049
0.06409916	0.004149156	0.152766666667	0.00493333333333
0.08289115	0.004787836	0.1531	0.0051
0.07622068	0.005507945	0.158211111111	0.00358888888889
0.08788908	0.00261011	0.161688888889	0.00581111111111
0.08281983	0.002418631	0.159955555556	0.00354444444444
0.0748909	0.001770766	0.1548	0.0055
0.08739478	0.004026429	0.152982222222	0.00507777777778
0.0734161	0.004060382	0.156844444444	0.00365555555556
0.08970576	0.002658609	0.166311111111	0.00538888888889
0.09077056	0.003525087	0.163748888889	0.00571111111111
0.0928968	0.002627347	0.156133333333	0.00566666666667
0.08035102	0.001954514	0.153415555556	0.00414444444444
0.08901505	0.00298804	0.153033333333	0.00426666666667
0.05102104	0.004998756	0.15617	0.0037
0.07678836	0.005946009	0.162158888889	0.00581111111111
0.09170509	0.002414237	0.158955555556	0.00354444444444
0.0650771	0.005609574	0.15273	0.005
0.08196222	0.003480254	0.167355555556	0.00514444444444
0.09901354	0.002997183	0.159466666667	0.00353333333333
0.07666254	0.006959325	0.157512222222	0.00577777777778
0.09714385	0.002428379	0.166244444444	0.00395555555556
0.08243105	0.003262213	0.159266666667	0.00353333333333
0.08870413	0.003765291	0.158377777778	0.00582222222222
0.08627858	0.004213315	0.152755555556	0.00434444444444
0.08622895	0.004286358	0.153755555556	0.00534444444444
0.0966397	0.001378548	0.167911111111	0.00488888888889
0.0911771	0.001786544	0.155666666667	0.00373333333333
0.08193342	0.003152012	0.1535	0.0053
0.08242342	0.001784979	0.161685555556	0.00584444444444
0.09922912	0.002198758	0.164588888889	0.00371111111111
0.1050917	0.003388611	0.162344444444	0.00355555555556
0.07460058	0.002931281	0.164133333333	0.00366666666667
0.1033803	0.002728331	0.159933333333	0.00586666666667
0.06495359	0.004640223	0.155111111111	0.00558888888889
0.09469722	0.003245932	0.161855555556	0.00584444444444
0.05180972	0.004186529	0.152866666667	0.00513333333333
0.07765655	0.002844862	0.152788888889	0.00511111111111
0.09541112	0.002183611	0.164733333333	0.00566666666667
0.08573786	0.002139951	0.158055555556	0.00354444444444
0.08278324	0.004953915	0.152255555556	0.00464444444444
0.09098127	0.003181701	0.165055555556	0.00374444444444
0.09689945	0.002865874	0.152255555556	0.00474444444444
0.07060731	0.003717898	0.153444444444	0.00405555555556
0.08634501	0.004667011	0.16319	0.0058
0.08451635	0.002866952	0.1645	0.0057
0.08562404	0.003801918	0.167933333333	0.00436666666667
0.09005844	0.00184111	0.152911111111	0.00418888888889
0.08438364	0.003420058	0.153844444444	0.00395555555556
0.09052472	0.002909022	0.162655555556	0.00354444444444
0.09444582	0.003867309	0.153955555556	0.00544444444444
0.08045571	0.001734628	0.161828888889	0.00351111111111
0.09276521	0.004306573	0.160791111111	0.00348888888889
0.08793971	0.00356057	0.162466666667	0.00353333333333
0.08887073	0.003606114	0.158488888889	0.00351111111111
0.08546562	0.006464274	0.168224444444	0.00485555555556
0.09032337	0.003054077	0.160122222222	0.00347777777778
0.08155837	0.004879458	0.154466666667	0.00383333333333
0.08970551	0.006208403	0.157755555556	0.00584444444444
0.08283638	0.002718502	0.168188888889	0.00491111111111
0.08412035	0.002068285	0.159622222222	0.00347777777778
0.09774682	0.002345253	0.168155555556	0.00494444444444
0.08852125	0.002164623	0.154588888889	0.00381111111111
0.08067272	0.004558198	0.162945555556	0.00354444444444
0.09552105	0.004138424	0.16116	0.0059
0.08952505	0.003072813	0.165088888889	0.00371111111111
0.07990415	0.002847138	0.166744444444	0.00395555555556
0.07388864	0.001732887	0.1525	0.0051
0.08169155	0.002619345	0.1556	0.0057
0.08863829	0.003301006	0.153922222222	0.00547777777778
0.08415038	0.003753548	0.168	0.0043
0.08023753	0.002830441	0.152144444444	0.00445555555556
0.06655567	0.004065848	0.152	0.0046
0.08513111	0.002738725	0.168266666667	0.00443333333333
0.0841751	0.003518495	0.158002222222	0.00587777777778
0.08991888	0.002197305	0.166166666667	0.00383333333333
0.07415726	0.001830789	0.153788888889	0.00391111111111
0.082965	0.004401795	0.162713333333	0.00586666666667
0.08043104	0.004654441	0.167266666667	0.00533333333333
0.0894984	0.0020595	0.154855555556	0.00374444444444
0.08851893	0.002736481	0.154511111111	0.00558888888889
0.07523014	0.0039006	0.152688888889	0.00521111111111
0.07998126	0.004566139	0.162	0.0059
0.07873925	0.003943509	0.163466666667	0.00583333333333
0.08019801	0.002419993	0.151911111111	0.00478888888889
0.08046478	0.003137833	0.151877777778	0.00462222222222
0.08100071	0.003002041	0.153933333333	0.00386666666667
0.08666483	0.003384339	0.16275	0.0035
0.08382589	0.003878259	0.153444444444	0.00395555555556
0.04978595	0.006781349	0.155388888889	0.00571111111111
0.08263893	0.002235467	0.152108888889	0.00501111111111
0.07434444	0.004235331	0.166844444444	0.00545555555556
0.08856085	0.003368742	0.1629	0.0035
0.07259907	0.002598018	0.151966666667	0.00493333333333
0.08921467	0.004993119	0.161366666667	0.00593333333333
0.08787222	0.003338711	0.158233333333	0.00346666666667
0.07356546	0.004334589	0.151777777778	0.00462222222222
0.0850762	0.004741028	0.159335555556	0.00594444444444
0.09122327	0.002438671	0.151766666667	0.00463333333333
0.05906679	0.004233848	0.157988888889	0.00591111111111
0.0865592	0.002867254	0.160224444444	0.00595555555556
0.08921603	0.0041243	0.160244444444	0.00595555555556
0.09415037	0.003791933	0.160144444444	0.00595555555556
0.07710657	0.003105294	0.152955555556	0.00534444444444
0.08135826	0.002001008	0.151733333333	0.00466666666667
0.0685982	0.00464113	0.162951111111	0.00588888888889
0.07401843	0.005428242	0.160744444444	0.00595555555556
0.09091981	0.005249342	0.158855555556	0.00594444444444
0.08707676	0.004514544	0.165744444444	0.00565555555556
0.09130661	0.002763307	0.163433333333	0.00586666666667
0.08578433	0.003987875	0.156337777778	0.00582222222222
0.1041872	0.001756861	0.168533333333	0.00496666666667
0.08304395	0.003105984	0.1518	0.0049
0.08786424	0.003215279	0.159177777778	0.00342222222222
0.07971504	0.002389997	0.153377777778	0.00392222222222
0.08823846	0.002819476	0.160033333333	0.00596666666667
0.07470785	0.00433807	0.155366666667	0.00363333333333
0.08165833	0.003007905	0.1521	0.0051
0.08361903	0.00341399	0.158106666667	0.00593333333333
0.08801644	0.005148101	0.163955555556	0.00584444444444
0.06793231	0.00321311	0.153255555556	0.00544444444444
0.08928894	0.003488672	0.167831111111	0.00528888888889
0.08118548	0.005309497	0.152155555556	0.00514444444444
0.07895306	0.002937358	0.1569	0.0035
0.08428404	0.005563067	0.156355555556	0.00584444444444
0.0894658	0.004532858	0.158464444444	0.00595555555556
0.06617642	0.004182792	0.154533333333	0.00566666666667
0.09171226	0.001823783	0.152055555556	0.00424444444444
0.1055603	0.003782529	0.167377777778	0.00542222222222
0.06626056	0.003621129	0.156533333333	0.00586666666667
0.07668332	0.002624654	0.152277777778	0.00522222222222
0.07984586	0.004615048	0.155944444444	0.00355555555556
0.1000026	0.002510587	0.1689	0.0046
0.08271689	0.003878144	0.151522222222	0.00477777777778
0.09547714	0.001675145	0.161888888889	0.00341111111111
0.081581	0.003001361	0.151488888889	0.00471111111111
0.08910949	0.002307021	0.166077777778	0.00372222222222
0.08086668	0.002844717	0.1524	0.0041
0.06399074	0.005783652	0.152811111111	0.00538888888889
0.08192531	0.004682197	0.153222222222	0.00547777777778
0.08374586	0.003005607	0.162577777778	0.00342222222222
0.08248349	0.002042083	0.1514	0.0047
0.09086707	0.002783157	0.153211111111	0.00388888888889
0.07623133	0.006546054	0.151555555556	0.00494444444444
0.08647178	0.005521013	0.1612	0.006
0.06840919	0.003719294	0.157933333333	0.00596666666667
0.094015	0.005446457	0.162222222222	0.00597777777778
0.09122594	0.004185725	0.159	0.006
0.07524039	0.002009562	0.152506666667	0.00403333333333
0.09496916	0.006712925	0.1616	0.006
0.08591456	0.001964496	0.152358888889	0.00531111111111
0.09792405	0.003854752	0.168733333333	0.00506666666667
0.07874892	0.001791077	0.154988888889	0.00361111111111
0.08737657	0.002832768	0.164877777778	0.00582222222222
0.08784447	0.005364063	0.157255555556	0.00594444444444
0.097155	0.003461717	0.164504444444	0.00585555555556
0.06407625	0.00281728	0.152533333333	0.00536666666667
0.0809135	0.00255191	0.168222222222	0.00527777777778
0.08558894	0.005341662	0.159717777778	0.00602222222222
0.07488712	0.002570194	0.151277777778	0.00462222222222
0.09258553	0.001890851	0.166644444444	0.00375555555556
0.09052029	0.00237836	0.154777777778	0.00362222222222
0.07515881	0.003547843	0.152077777778	0.00412222222222
0.0586398	0.004846847	0.152026666667	0.00413333333333
0.08525678	0.005844275	0.157433333333	0.00596666666667
0.08956455	0.003286317	0.1622	0.006
0.08573956	0.003470243	0.160366666667	0.00603333333333
0.09603507	0.002501077	0.166388888889	0.00371111111111
0.06737891	0.004777222	0.1521	0.0041
0.08006917	0.003003711	0.154333333333	0.00366666666667
0.08900379	0.002503909	0.157811111111	0.00598888888889
0.0944229	0.001779664	0.169011111111	0.00438888888889
0.09932375	0.004220315	0.169022222222	0.00437777777778
0.07064994	0.003071016	0.155022222222	0.00357777777778
0.08456374	0.005006965	0.169288888889	0.00471111111111
0.08302369	0.002924083	0.155	0.0058
0.0851041	0.002827765	0.155822222222	0.00587777777778
0.08336452	0.003647252	0.151677777778	0.00422222222222
0.08146529	0.001823001	0.159566666667	0.00333333333333
0.07504066	0.003180516	0.159555555556	0.00604444444444
0.07830642	0.005507678	0.152257777778	0.00402222222222
0.07861513	0.003632079	0.151311111111	0.00498888888889
0.1008826	0.003235023	0.168333333333	0.00406666666667
0.0902296	0.001486029	0.152206666667	0.00403333333333
0.07326893	0.004223101	0.156277777778	0.00592222222222
0.09830839	0.003443804	0.169344444444	0.00475555555556
0.05541041	0.007236062	0.151855555556	0.00524444444444
0.08746505	0.003917619	0.162533333333	0.00336666666667
0.09261965	0.004495077	0.153666666667	0.00373333333333
0.08849494	0.002099615	0.16575	0.0036
0.08421524	0.003722399	0.153188888889	0.00381111111111
0.07016271	0.004953233	0.167233333333	0.00556666666667
0.09496179	0.005128586	0.153311111111	0.00558888888889
0.08336465	0.003564986	0.151577777778	0.00422222222222
0.08710174	0.003142306	0.158355555556	0.00334444444444
0.08336665	0.001658669	0.164244444444	0.00345555555556
0.07808612	0.005365332	0.1514	0.0043
0.07715319	0.002862934	0.151222222222	0.00497777777778
0.08204923	0.004363282	0.155344444444	0.00585555555556
0.06712965	0.004376084	0.151068888889	0.00451111111111
0.07423906	0.00500884	0.16305	0.006
0.1031039	0.002964213	0.1688	0.0052
0.07794341	0.003555243	0.154611111111	0.00578888888889
0.06175117	0.005695236	0.153377777778	0.00562222222222
0.08959154	0.003674394	0.169466666667	0.00473333333333
0.08940209	0.003232022	0.152055555556	0.00534444444444
0.085601	0.003081579	0.157388888889	0.00601111111111
0.09231032	0.002197923	0.155944444444	0.00345555555556
0.07490896	0.004023802	0.155788888889	0.00591111111111
0.09672135	0.005799579	0.169433333333	0.00486666666667
0.08280399	0.001739803	0.166266666667	0.00363333333333
0.0931262	0.00312468	0.151077777778	0.00442222222222
0.06281236	0.003752342	0.154511111111	0.00358888888889
0.09267586	0.003906866	0.162666666667	0.00603333333333
0.08379954	0.001963958	0.161688888889	0.00331111111111
0.1072349	0.00164934	0.163968888889	0.00341111111111
0.07967761	0.003207809	0.162177777778	0.00332222222222
0.08857889	0.002019977	0.151833333333	0.00406666666667
0.09233694	0.003191679	0.169133333333	0.00426666666667
0.08954713	0.004725756	0.154935555556	0.00584444444444
0.08641204	0.001897418	0.169444444444	0.00445555555556
0.07683151	0.005144915	0.151857777778	0.00532222222222
0.0929284	0.004908966	0.156711111111	0.00598888888889
0.07914433	0.002975135	0.152511111111	0.00388888888889
0.1021823	0.002061921	0.164244444444	0.00595555555556
0.09317346	0.003874768	0.162645555556	0.00604444444444
0.07914921	0.004443321	0.169077777778	0.00422222222222
0.1077405	0.003224587	0.168788888889	0.00411111111111
0.1006105	0.004059329	0.163433333333	0.00336666666667
0.08239524	0.003194696	0.167922222222	0.00387777777778
0.09319737	0.001903897	0.166022222222	0.00357777777778
0.07705592	0.004974437	0.15118	0.0051
0.08786375	0.003988325	0.156044444444	0.00595555555556
0.08740718	0.002865675	0.153541111111	0.00568888888889
0.1030052	0.002923074	0.151066666667	0.00433333333333
0.08238009	0.002175984	0.159822222222	0.00327777777778
0.08838698	0.004839666	0.152088888889	0.00541111111111
0.09944388	0.002979672	0.169344444444	0.00505555555556
0.07794146	0.00246995	0.150988888889	0.00501111111111
0.09139687	0.002875695	0.152498888889	0.00551111111111
0.08436468	0.00327691	0.151455555556	0.00414444444444
0.06895266	0.003987427	0.151611111111	0.00528888888889
0.111409	0.003965956	0.169655555556	0.00454444444444
0.08484422	0.004785683	0.151436666667	0.00523333333333
0.07497242	0.003250927	0.1528	0.0038
0.090339	0.003491287	0.158611111111	0.00608888888889
0.09963963	0.001614303	0.158611111111	0.00328888888889
0.107017	0.004370638	0.169666666667	0.00453333333333
0.08713076	0.004328277	0.151248888889	0.00421111111111
0.09100928	0.002670255	0.162877777778	0.00332222222222
0.09244029	0.003390125	0.168111111111	0.00388888888889
0.09572525	0.004103027	0.157026666667	0.00603333333333
0.0718102	0.002580223	0.1671	0.0037
0.08559482	0.005371312	0.153933333333	0.00576666666667
0.09529788	0.003098267	0.162833333333	0.00606666666667
0.1029875	0.001616002	0.169477777778	0.00432222222222
0.09359518	0.002636965	0.165777777778	0.00352222222222
0.1044967	0.002871059	0.155188888889	0.00591111111111
0.07442311	0.003968199	0.169777777778	0.00482222222222
0.07656599	0.004727225	0.151296666667	0.00523333333333
0.08719216	0.004251467	0.151422222222	0.00527777777778
0.09044307	0.005708358	0.156966666667	0.00333333333333
0.1042647	0.001794659	0.156755555556	0.00334444444444
0.08067416	0.005772535	0.152456666667	0.00383333333333
0.1088024	0.003030996	0.168377777778	0.00392222222222
0.09195709	0.005285361	0.169406666667	0.00513333333333
0.1037319	0.002780096	0.160436666667	0.00613333333333
0.1007819	0.003974703	0.156855555556	0.00604444444444
0.08893787	0.00259538	0.158333333333	0.00326666666667
0.08659575	0.002929674	0.152488888889	0.00381111111111
0.08623024	0.004281112	0.152355555556	0.00554444444444
0.08633474	0.003249872	0.151157777778	0.00522222222222
0.08464618	0.003432146	0.1546	0.0035
0.09586917	0.003048429	0.169533333333	0.00426666666667
0.08550517	0.003101136	0.152266666667	0.00553333333333
0.09131408	0.004357368	0.1694	0.0042
0.08935785	0.00385016	0.169433333333	0.00516666666667
0.08274972	0.005872414	0.150455555556	0.00484444444444
0.0987649	0.004769717	0.167655555556	0.00564444444444
0.07935236	0.004982849	0.168533333333	0.00546666666667
0.09427155	0.002830518	0.169233333333	0.00526666666667
0.09533565	0.003272789	0.156226666667	0.00603333333333
0.08344999	0.008376066	0.165577777778	0.00592222222222
0.08050052	0.00371035	0.154844444444	0.00345555555556
0.08638433	0.004155896	0.151355555556	0.00404444444444
0.07953625	0.004116365	0.165133333333	0.00596666666667
0.0654636	0.005204906	0.158555555556	0.00614444444444
0.07489988	0.004353445	0.151511111111	0.00398888888889
0.08751693	0.004209309	0.151511111111	0.00398888888889
0.08482828	0.001877127	0.169511111111	0.00418888888889
0.08425133	0.002458656	0.1669	0.0036
0.07177828	0.002325026	0.151988888889	0.00551111111111
0.07048997	0.002234152	0.150455555556	0.00494444444444
0.06980529	0.00547337	0.156055555556	0.00334444444444
0.07861186	0.002214235	0.150333333333	0.00456666666667
0.09940339	0.002352531	0.155441111111	0.00598888888889
0.0754896	0.003138819	0.156722222222	0.00607777777778
0.07094928	0.006601005	0.15114	0.0053
0.07611237	0.004034501	0.153511111111	0.00358888888889
0.09284688	0.002972935	0.158155555556	0.00614444444444
0.08179774	0.005779825	0.155777777778	0.00602222222222
0.09211674	0.003890803	0.160222222222	0.00617777777778
0.09494059	0.002848473	0.154855555556	0.00594444444444
0.09080091	0.004054074	0.167733333333	0.00566666666667
0.07856752	0.005274025	0.151488888889	0.00541111111111
0.08571547	0.004193108	0.164366666667	0.00333333333333
0.07358849	0.003711722	0.167488888889	0.00571111111111
0.08166651	0.003184429	0.158788888889	0.00321111111111
0.07885445	0.004341307	0.155866666667	0.00603333333333
0.08241278	0.002598401	0.154577777778	0.00592222222222
0.07390122	0.003738015	0.1506	0.0051
0.09528239	0.00409702	0.165746666667	0.00593333333333
0.07170876	0.002341304	0.150208888889	0.00461111111111
0.08827482	0.002440168	0.154322222222	0.00347777777778
0.08371752	0.003820454	0.164777777778	0.00602222222222
0.08924909	0.003434235	0.164188888889	0.00331111111111
0.08235381	0.003803864	0.155746666667	0.00603333333333
0.08133393	0.003131442	0.163911111111	0.00328888888889
0.07869319	0.003630784	0.156133333333	0.00606666666667
0.08416503	0.003566579	0.166311111111	0.00348888888889
0.09659584	0.003456151	0.169855555556	0.00424444444444
0.07281349	0.0008898959	0.154566666667	0.00343333333333
0.09406492	0.005026113	0.170311111111	0.00458888888889
0.07946583	0.00227517	0.152733333333	0.00366666666667
0.08395701	0.003758573	0.163266666667	0.00613333333333
0.07707696	0.002405251	0.150134444444	0.00485555555556
0.07872905	0.006097205	0.150055555556	0.00474444444444
0.09138567	0.001882774	0.159122222222	0.00317777777778
0.0682556	0.004043072	0.162588888889	0.00321111111111
0.0883457	0.002673835	0.170311111111	0.00448888888889
0.08231833	0.005471189	0.150111111111	0.00488888888889
0.07814754	0.00170454	0.150533333333	0.00516666666667
0.09191273	0.001925149	0.159733333333	0.00316666666667
0.09393272	0.003233048	0.155	0.006
0.07556117	0.00573232	0.150888888889	0.00531111111111
0.074541	0.003909022	0.156322222222	0.00327777777778
0.06864844	0.002099933	0.150811111111	0.00408888888889
0.0834444	0.003314075	0.150522222222	0.00517777777778
0.09996094	0.003734288	0.163366666667	0.00323333333333
0.09460568	0.002150505	0.152522222222	0.00367777777778
0.0843841	0.00473912	0.169466666667	0.00403333333333
0.08949728	0.002248935	0.155577777778	0.00332222222222
0.08681438	0.006521792	0.149988888889	0.00481111111111
0.08694081	0.003582797	0.149951111111	0.00468888888889
0.06331517	0.003761119	0.151548888889	0.00551111111111
0.08572083	0.00360438	0.162968888889	0.00321111111111
0.1013097	0.002960808	0.170477777778	0.00462222222222
0.1061675	0.005374387	0.170455555556	0.00454444444444
0.07391354	0.002671297	0.164133333333	0.00326666666667
0.08032802	0.003516737	0.15386	0.0059
0.07259097	0.008345506	0.150817777778	0.00532222222222
0.09343397	0.002158813	0.1705	0.0046
0.09868262	0.004146036	0.1629	0.0032
0.09619674	0.00219976	0.168488888889	0.00561111111111
0.08662395	0.00172387	0.159044444444	0.00315555555556
0.08093076	0.006400987	0.149962222222	0.00487777777778
0.0735725	0.002169845	0.150155555556	0.00504444444444
0.08193396	0.002791851	0.1524	0.0057
0.1051846	0.003474504	0.160155555556	0.00314444444444
0.09637828	0.004139614	0.151022222222	0.00397777777778
0.08629522	0.002566642	0.163288888889	0.00321111111111
0.09052376	0.004260119	0.167866666667	0.00573333333333
0.08630619	0.004707323	0.167866666667	0.00573333333333
0.08351355	0.003251379	0.159366666667	0.00623333333333
0.0750173	0.005488239	0.159366666667	0.00623333333333
0.09805157	0.003123487	0.170306666667	0.00433333333333
0.09974274	0.003096118	0.1682	0.0037
0.08802468	0.004425142	0.161155555556	0.00314444444444
0.08962614	0.002970396	0.167388888889	0.00581111111111
0.107562	0.002599915	0.170582222222	0.00477777777778
0.0716083	0.003710803	0.157822222222	0.00317777777778
0.0759058	0.002618099	0.149888888889	0.00451111111111
0.09396262	0.001886132	0.165544444444	0.00335555555556
0.08254197	0.003676374	0.154293333333	0.00596666666667
0.08423456	0.003030492	0.149833333333	0.00456666666667
0.0927159	0.005346258	0.160555555556	0.00624444444444
0.07876803	0.002568114	0.154955555556	0.00334444444444
0.07600259	0.002256669	0.149944444444	0.00495555555556
0.0767613	0.002107722	0.150077777778	0.00432222222222
0.09926103	0.006066319	0.165728888889	0.00601111111111
0.07807703	0.003412055	0.150055555556	0.00504444444444
0.09139517	0.005032778	0.161626666667	0.00623333333333
0.07480834	0.001834314	0.167295555556	0.00354444444444
0.0816629	0.004301506	0.155177777778	0.00332222222222
0.08771112	0.002351788	0.151955555556	0.00564444444444
0.08414563	0.005635167	0.1576	0.0062
0.07942988	0.004087528	0.150644444444	0.00405555555556
0.08265656	0.0006607882	0.152222222222	0.00367777777778
0.08579479	0.003403937	0.1522	0.0057
0.08087536	0.004674397	0.149911111111	0.00438888888889
0.09070144	0.004227644	0.161666666667	0.00313333333333
0.07711033	0.003179879	0.157844444444	0.00315555555556
0.08442108	0.006362381	0.168422222222	0.00567777777778
0.08079014	0.001881781	0.168822222222	0.00377777777778
0.08393661	0.003341026	0.161965555556	0.00624444444444
0.06744532	0.003115255	0.149655555556	0.00474444444444
0.09223645	0.001400951	0.165111111111	0.00328888888889
0.08224798	0.002153576	0.151844444444	0.00565555555556
0.08324002	0.00566532	0.158335555556	0.00624444444444
0.08865606	0.004866196	0.149633333333	0.00476666666667
0.09437731	0.002294048	0.167377777778	0.00352222222222
0.08860057	0.00225304	0.155855555556	0.00324444444444
0.08303259	0.002186773	0.151522222222	0.00377777777778
0.08916058	0.005621939	0.170555555556	0.00504444444444
0.09561436	0.002723608	0.169844444444	0.00535555555556
0.09547189	0.004524264	0.167644444444	0.00355555555556
0.0802141	0.005098518	0.156532222222	0.00617777777778
0.06823937	0.003155242	0.155966666667	0.00323333333333
0.07125902	0.004920244	0.169411111111	0.00548888888889
0.1033782	0.003790464	0.167028888889	0.00591111111111
0.09243859	0.00337454	0.167454444444	0.00585555555556
0.09007901	0.002702211	0.166766666667	0.00343333333333
0.0989654	0.002715487	0.169822222222	0.00537777777778
0.05480321	0.005613874	0.150388888889	0.00531111111111
0.07774244	0.003716275	0.155388888889	0.00611111111111
0.0895493	0.003287648	0.170644444444	0.00435555555556
0.08801197	0.002836749	0.151022222222	0.00387777777778
0.06197576	0.007358542	0.150893333333	0.00546666666667
0.08333263	0.002314651	0.150533333333	0.00536666666667
0.09674234	0.003286624	0.170855555556	0.00454444444444
0.08958175	0.003939697	0.1685	0.0057
0.07996439	0.002165059	0.150233333333	0.00526666666667
0.079561	0.001742913	0.152288888889	0.00361111111111
0.07706999	0.003859154	0.149502222222	0.00477777777778
0.08607352	0.004363698	0.161632222222	0.00627777777778
0.1029012	0.001894748	0.170601111111	0.00508888888889
0.07572025	0.003326621	0.149877777778	0.00512222222222
0.0814663	0.003994692	0.151311111111	0.00558888888889
0.07807325	0.003341982	0.152177777778	0.00362222222222
0.07994649	0.002242834	0.149466666667	0.00463333333333
0.08868193	0.003678377	0.159211111111	0.00628888888889
0.08314845	0.002612642	0.152233333333	0.00576666666667
0.06907925	0.004074743	0.152035555556	0.00364444444444
0.07535525	0.003570406	0.156748888889	0.00621111111111
0.07644546	0.003461487	0.149847777778	0.00512222222222
0.08439406	0.00455333	0.170844444444	0.00495555555556
0.08484685	0.005150346	0.150933333333	0.00386666666667
0.07511615	0.003122333	0.151212222222	0.00557777777778
0.08932155	0.004347853	0.170544444444	0.00515555555556
0.07596961	0.002427454	0.150377777778	0.00402222222222
0.09065163	0.002302885	0.157888888889	0.00311111111111
0.09295193	0.003230338	0.171027777778	0.00472222222222
0.09461362	0.002196465	0.169815555556	0.00394444444444
0.0993525	0.002308536	0.168955555556	0.00564444444444
0.06468936	0.004445382	0.155753333333	0.00616666666667
0.0843423	0.006665906	0.170457777778	0.00522222222222
0.09978671	0.002844443	0.1668	0.0034
0.07788197	0.005426798	0.157135555556	0.00624444444444
0.08636369	0.005890833	0.155266666667	0.00613333333333
0.08588056	0.006408916	0.150246666667	0.00533333333333
0.08314946	0.002448945	0.156866666667	0.00623333333333
0.07930152	0.003117444	0.152733333333	0.00586666666667
0.09618187	0.001662972	0.170373333333	0.00526666666667
0.09760311	0.003858255	0.156796666667	0.00623333333333
0.08159947	0.001772086	0.150277777778	0.00402222222222
0.07280657	0.007385681	0.150277777778	0.00402222222222
0.07741139	0.003203986	0.149366666667	0.00453333333333
0.08433324	0.002606659	0.170455555556	0.00524444444444
0.06880905	0.003076461	0.166588888889	0.00601111111111
0.08645211	0.005043923	0.164984444444	0.00615555555556
0.04786635	0.005072824	0.152577777778	0.00352222222222
0.09846711	0.004728978	0.169813333333	0.00546666666667
0.07430169	0.003927833	0.15472	0.0061
0.1007564	0.003064672	0.168733333333	0.00366666666667
0.08709179	0.003644574	0.157077777778	0.00312222222222
0.08616446	0.00281035	0.171166666667	0.00473333333333
0.07482811	0.004813255	0.163866666667	0.00623333333333
0.08962949	0.003988447	0.1582	0.0063
0.09115393	0.00209401	0.166891111111	0.00338888888889
0.1024225	0.002664428	0.171177777778	0.00462222222222
0.07647379	0.003475841	0.149322222222	0.00447777777778
0.08257542	0.002956331	0.169033333333	0.00566666666667
0.08126879	0.004127378	0.158488888889	0.00631111111111
0.0946973	0.001807552	0.162711111111	0.00308888888889
0.09429259	0.001392701	0.168577777778	0.00362222222222
0.1029202	0.003575368	0.170422222222	0.00407777777778
0.0875482	0.004480732	0.166324444444	0.00605555555556
0.07676409	0.001667136	0.158022222222	0.00307777777778
0.08142887	0.003213023	0.153471111111	0.00598888888889
0.08694891	0.003160232	0.167325555556	0.00594444444444
0.08563781	0.003208747	0.149222222222	0.00457777777778
0.07976227	0.005119402	0.15582	0.0062
0.06735663	0.002481945	0.150055555556	0.00404444444444
0.09203172	0.004367438	0.149333333333	0.00496666666667
0.08183012	0.003804502	0.157511111111	0.00628888888889
0.0884592	0.004340296	0.155144444444	0.00615555555556
0.07273023	0.003147214	0.155933333333	0.00316666666667
0.09262996	0.001987497	0.151533333333	0.00366666666667
0.0868775	0.002211084	0.155422222222	0.00617777777778
0.08773017	0.004797095	0.161366666667	0.00633333333333
0.08751489	0.0038917	0.149162222222	0.00477777777778
0.07879281	0.003019007	0.153866666667	0.00333333333333
0.08897501	0.004712682	0.154311111111	0.00608888888889
0.08471606	0.004872816	0.156644444444	0.00625555555556
0.0828401	0.002413373	0.160335555556	0.00634444444444
0.09709099	0.003523814	0.151322222222	0.00567777777778
0.08689634	0.002555803	0.168373333333	0.00356666666667
0.08315994	0.005271771	0.149165555556	0.00484444444444
0.09771048	0.004154249	0.164255555556	0.00314444444444
0.08019837	0.002588042	0.149422222222	0.00507777777778
0.06575351	0.005552675	0.151677777778	0.00362222222222
0.08727756	0.003198709	0.168866666667	0.00573333333333
0.09192556	0.00225376	0.169844444444	0.00385555555556
0.08011018	0.004471844	0.170622222222	0.00527777777778
0.07822586	0.005558024	0.149744444444	0.00525555555556
0.08852719	0.004223904	0.163522222222	0.00627777777778
0.0925585	0.003707355	0.160144444444	0.00635555555556
0.07709359	0.003026984	0.170777777778	0.00522222222222
0.08429031	0.003900744	0.152522222222	0.00347777777778
0.09206771	0.003284982	0.171155555556	0.00434444444444
0.08112271	0.002795026	0.152273333333	0.00586666666667
0.0871306	0.003471992	0.166977777778	0.00602222222222
0.08764102	0.003349899	0.153151111111	0.00598888888889
0.0736898	0.005239517	0.149057777778	0.00452222222222
0.09446692	0.00396565	0.150088888889	0.00541111111111
0.07236609	0.003122372	0.171444444444	0.00465555555556
0.0823515	0.001593537	0.149866666667	0.00403333333333
0.09657371	0.002036407	0.166955555556	0.00334444444444
0.09981353	0.003623544	0.170275555556	0.00544444444444
0.09013171	0.003559012	0.171066666667	0.00423333333333
0.09104203	0.002076071	0.171133333333	0.00426666666667
0.0899408	0.00357332	0.149	0.0045
0.1105086	0.004395357	0.171433333333	0.00486666666667
0.07379156	0.007590605	0.152477777778	0.00592222222222
0.08251877	0.004366006	0.148887777778	0.00472222222222
0.09269852	0.00293705	0.163184444444	0.00305555555556
0.08565238	0.003642521	0.148877777778	0.00472222222222
0.09617775	0.003402437	0.161788888889	0.00301111111111
0.07757119	0.004023746	0.150211111111	0.00388888888889
0.08184639	0.004815586	0.170977777778	0.00522222222222
0.07423523	0.00330041	0.1612	0.003
0.07665111	0.004849148	0.154633333333	0.00616666666667
0.08864079	0.003828609	0.171344444444	0.00435555555556
0.07151294	0.003735326	0.158044444444	0.00635555555556
0.08275796	0.003025739	0.149277777778	0.00422222222222
0.08040685	0.005991281	0.160311111111	0.00638888888889
0.07227809	0.003747368	0.160111111111	0.00298888888889
0.08886736	0.002241089	0.171511111111	0.00448888888889
0.07629092	0.003096989	0.149288888889	0.00421111111111
0.08606415	0.006709282	0.15655	0.0063
0.09079011	0.002798199	0.171111111111	0.00418888888889
0.06043383	0.005170596	0.148855555556	0.00484444444444
0.09405611	0.00304364	0.170977777778	0.00412222222222
0.0807696	0.001702977	0.150644444444	0.00375555555556
0.09359825	0.00254366	0.149333333333	0.00416666666667
0.09053894	0.00302834	0.161311111111	0.00638888888889
0.09045383	0.002892491	0.170155555556	0.00384444444444
0.09948907	0.002438622	0.171255555556	0.00424444444444
0.08491717	0.002270358	0.163066666667	0.00303333333333
0.07709124	0.00323277	0.149833333333	0.00396666666667
0.09237406	0.002463618	0.158322222222	0.00637777777778
0.07058611	0.002148803	0.149345555556	0.00414444444444
0.08882311	0.005210098	0.158791111111	0.00638888888889
0.09515896	0.003477386	0.171055555556	0.00524444444444
0.07495394	0.005281663	0.148902222222	0.00497777777778
0.09831127	0.002359449	0.1545	0.0032
0.08248259	0.002362116	0.148955555556	0.00434444444444
0.07111448	0.002581744	0.148766666667	0.00453333333333
0.08940289	0.003210215	0.150411111111	0.00558888888889
0.07798096	0.00419739	0.154333333333	0.00616666666667
0.09047243	0.004662521	0.148733333333	0.00456666666667
0.09555583	0.002312549	0.165722222222	0.00317777777778
0.09199074	0.004566633	0.160288888889	0.00641111111111
0.06566551	0.007381244	0.159888888889	0.00641111111111
0.05067453	0.005112573	0.149244444444	0.00415555555556
0.08632813	0.003027843	0.158822222222	0.00297777777778
0.08982097	0.002538866	0.148688888889	0.00461111111111
0.07274707	0.004547556	0.149085555556	0.00514444444444
0.07647147	0.003867831	0.152384444444	0.00595555555556
0.08679107	0.003108845	0.1497	0.0054
0.07019765	0.002983766	0.151144444444	0.00575555555556
0.08161501	0.002943047	0.159588888889	0.00641111111111
0.08233153	0.001263431	0.162888888889	0.00301111111111
0.0895666	0.002670376	0.148633333333	0.00466666666667
0.06165686	0.003897952	0.1487	0.0045
0.07692914	0.001919597	0.148633333333	0.00476666666667
0.07755036	0.004033465	0.148791111111	0.00438888888889
0.07714439	0.002952366	0.155066666667	0.00313333333333
0.08159314	0.003617578	0.151044444444	0.00575555555556
0.09026236	0.006093444	0.163715555556	0.00634444444444
0.08103738	0.004437383	0.148628888889	0.00451111111111
0.06814395	0.004108016	0.152066666667	0.00593333333333
0.08961089	0.006673039	0.168133333333	0.00596666666667
0.08851858	0.001681273	0.156566666667	0.00303333333333
0.09475933	0.003126992	0.1712	0.0041
0.07916153	0.001610009	0.148936666667	0.00423333333333
0.07648593	0.00182634	0.156988888889	0.00301111111111
0.1053719	0.006487014	0.166877777778	0.00612222222222
0.09392688	0.003673443	0.167477777778	0.00332222222222
0.07990482	0.002828539	0.148566666667	0.00483333333333
0.08926123	0.002130534	0.148766666667	0.00433333333333
0.09113632	0.004404312	0.155014444444	0.00625555555556
0.07881987	0.004558925	0.151042222222	0.00577777777778
0.09379926	0.003714704	0.171412222222	0.00417777777778
0.08194582	0.003930151	0.149408888889	0.00401111111111
0.0810607	0.003958742	0.1577	0.0064
0.1009222	0.003074477	0.158048888889	0.00641111111111
0.08031486	0.002024415	0.1485	0.0046
0.06596795	0.004837441	0.148508888889	0.00481111111111
0.08920191	0.003142932	0.151444444444	0.00585555555556
0.08826718	0.003881549	0.163111111111	0.00298888888889
0.0847892	0.003483428	0.152666666667	0.00603333333333
