root_height	pop_size	pi_net	pi_within
0.0270593	0.002155704	0.0613066666667	0.00363333333333
0.02892653	0.004198343	0.0616444444444	0.00365555555556
0.03470747	0.001469879	0.0617666666667	0.00363333333333
0.03031325	0.002215934	0.0617777777778	0.00362222222222
0.02507606	0.004494122	0.0610666666667	0.00363333333333
0.03019787	0.003055516	0.0613111111111	0.00368888888889
0.03747072	0.003700555	0.0609477777778	0.00362222222222
0.03720001	0.003517374	0.0613888888889	0.00371111111111
0.03178566	0.002006265	0.0619888888889	0.00361111111111
0.03437721	0.001784053	0.0619111111111	0.00368888888889
0.03283885	0.002468711	0.0615777777778	0.00372222222222
0.03472372	0.00467066	0.0620111111111	0.00358888888889
0.03336042	0.002101789	0.0619333333333	0.00356666666667
0.03947309	0.002593745	0.0621577777778	0.00362222222222
0.0355437	0.00414141	0.0608	0.0036
0.04090806	0.002667003	0.0608	0.0036
0.02948872	0.002846992	0.0619888888889	0.00371111111111
0.03175167	0.004338152	0.0611466666667	0.00373333333333
0.03127042	0.002965444	0.06085	0.0037
0.0390031	0.002703556	0.0619555555556	0.00354444444444
0.03267555	0.00178913	0.0608333333333	0.00356666666667
0.03844399	0.004541542	0.0608444444444	0.00355555555556
0.02620104	0.002969001	0.0612444444444	0.00375555555556
0.03386378	0.001818655	0.0623111111111	0.00358888888889
0.03157134	0.002578262	0.0609555555556	0.00374444444444
0.02649173	0.001652038	0.0606111111111	0.00358888888889
0.03440446	0.001673308	0.0621555555556	0.00354444444444
0.02969671	0.002316928	0.0606111111111	0.00368888888889
0.02550732	0.001765011	0.0608888888889	0.00351111111111
0.02856196	0.002851328	0.0607577777778	0.00352222222222
0.02967815	0.001923214	0.0615111111111	0.00378888888889
0.02270569	0.003182015	0.0606666666667	0.00353333333333
0.03481843	0.003487058	0.0622666666667	0.00353333333333
0.03213308	0.002076811	0.0622666666667	0.00353333333333
0.03332009	0.004983225	0.0623888888889	0.00371111111111
0.0369191	0.002083806	0.0610222222222	0.00377777777778
0.03085824	0.002610785	0.0625888888889	0.00361111111111
0.03161411	0.004745742	0.0604133333333	0.00356666666667
0.0351786	0.001961085	0.0617333333333	0.00346666666667
0.03100524	0.002497462	0.0626222222222	0.00367777777778
0.03004518	0.001788216	0.0616444444444	0.00345555555556
0.03264737	0.00216556	0.0612888888889	0.00381111111111
0.02867506	0.002773766	0.0622111111111	0.00348888888889
0.03823115	0.002511062	0.0617888888889	0.00381111111111
0.03720662	0.003354619	0.0609333333333	0.00346666666667
0.02555528	0.002612187	0.0610888888889	0.00381111111111
0.02941638	0.002458229	0.0602333333333	0.00366666666667
0.03612373	0.002193634	0.0602333333333	0.00366666666667
0.03493698	0.002523538	0.0614355555556	0.00344444444444
0.03383203	0.001391186	0.0613555555556	0.00344444444444
0.03450042	0.002726568	0.0616555555556	0.00344444444444
0.03854209	0.002832232	0.0627111111111	0.00358888888889
0.02381514	0.004500898	0.0603666666667	0.00353333333333
0.02893563	0.003009675	0.0601777777778	0.00362222222222
0.04362254	0.001972444	0.0627555555556	0.00364444444444
0.03645324	0.006923335	0.0611777777778	0.00382222222222
0.0304498	0.003503106	0.0602222222222	0.00357777777778
0.03859767	0.001891436	0.0621333333333	0.00346666666667
0.03225084	0.002675622	0.0603777777778	0.00352222222222
0.03451279	0.001813789	0.0608444444444	0.00345555555556
0.03252848	0.00314542	0.0628111111111	0.00358888888889
0.04812912	0.003603272	0.0628444444444	0.00365555555556
0.02658556	0.003075347	0.0628222222222	0.00367777777778
0.03414303	0.003195937	0.0628555555556	0.00364444444444
0.03000093	0.002569105	0.0616777777778	0.00342222222222
0.02569865	0.003061096	0.0601	0.0037
0.02676143	0.005511804	0.0618555555556	0.00384444444444
0.03170206	0.002263457	0.0620666666667	0.00343333333333
0.02913855	0.001652066	0.0614888888889	0.00341111111111
0.04138516	0.002619656	0.0629555555556	0.00364444444444
0.03292161	0.001756856	0.0612888888889	0.00341111111111
0.03326202	0.003783744	0.0629222222222	0.00357777777778
0.03292693	0.003513813	0.0621666666667	0.00383333333333
0.02728713	0.00232097	0.0618444444444	0.00385555555556
0.03262749	0.003374863	0.0627233333333	0.00376666666667
0.03090529	0.005593092	0.0623555555556	0.00344444444444
0.0353568	0.007141647	0.0613333333333	0.00386666666667
0.02952709	0.002797515	0.0604444444444	0.00345555555556
0.02965731	0.002924798	0.0628555555556	0.00374444444444
0.0418094	0.002197369	0.0627111111111	0.00348888888889
0.03678285	0.001546857	0.0617	0.0034
0.01850011	0.002869025	0.0628	0.0035
0.03303755	0.002648592	0.0622555555556	0.00384444444444
0.03446307	0.002305417	0.0617222222222	0.00387777777778
0.02746706	0.002142127	0.0605555555556	0.00384444444444
0.03082595	0.003791524	0.0627333333333	0.00346666666667
0.0291485	0.003685087	0.0597777777778	0.00362222222222
0.03063176	0.002975093	0.0626888888889	0.00381111111111
0.03329719	0.002767363	0.0626888888889	0.00381111111111
0.03932958	0.002373589	0.0614222222222	0.00337777777778
0.02499651	0.002696243	0.0615111111111	0.00388888888889
0.02549399	0.002848678	0.0624555555556	0.00384444444444
0.0220915	0.002414877	0.0632	0.0036
0.03475525	0.004839	0.0607222222222	0.00387777777778
0.02759838	0.002991043	0.0626666666667	0.00383333333333
0.0314954	0.002494156	0.0607111111111	0.00338888888889
0.03134013	0.003327093	0.0617333333333	0.00336666666667
0.03102367	0.002354442	0.0631777777778	0.00372222222222
0.02791052	0.003316057	0.0598444444444	0.00375555555556
0.0346718	0.002253337	0.0628444444444	0.00345555555556
0.02659801	0.001756316	0.0600888888889	0.00381111111111
0.030042	0.002375519	0.0630111111111	0.00348888888889
0.02828377	0.001617802	0.0597466666667	0.00353333333333
0.02975226	0.003357776	0.0627666666667	0.00343333333333
0.03300402	0.002113931	0.0600777777778	0.00382222222222
0.03281797	0.001845578	0.0611888888889	0.00391111111111
0.02967025	0.00216876	0.0596333333333	0.00356666666667
0.03152296	0.003278426	0.0631333333333	0.00376666666667
0.03359714	0.004599046	0.0632777777778	0.00372222222222
0.04137445	0.003092641	0.0627555555556	0.00384444444444
0.03694502	0.002138759	0.06216	0.0039
0.02640568	0.002249218	0.0602444444444	0.00385555555556
0.0340941	0.00505099	0.0612777777778	0.00392222222222
0.03150361	0.004697689	0.0620888888889	0.00391111111111
0.02939316	0.00190265	0.0599555555556	0.00344444444444
0.03686289	0.002670091	0.0634444444444	0.00365555555556
0.04129966	0.002141914	0.0609577777778	0.00392222222222
0.03809815	0.002634441	0.0594666666667	0.00363333333333
0.03677427	0.002372257	0.0625111111111	0.00388888888889
0.03253686	0.004815141	0.0606888888889	0.00391111111111
0.02821388	0.003052169	0.0620955555556	0.00334444444444
0.02966843	0.002615871	0.0618666666667	0.00333333333333
0.03247133	0.003405699	0.0605888888889	0.00391111111111
0.03180704	0.002747613	0.0607555555556	0.00334444444444
0.03006697	0.002056956	0.0604333333333	0.00336666666667
0.0288707	0.003358618	0.0625	0.0039
0.03181356	0.00184322	0.0596	0.0035
0.03907978	0.001691638	0.0634888888889	0.00371111111111
0.02090222	0.00346438	0.0608666666667	0.00393333333333
0.0283532	0.00232793	0.0617555555556	0.00394444444444
0.03256504	0.00284769	0.0617777777778	0.00332222222222
0.02596597	0.003673884	0.0611555555556	0.00394444444444
0.03466637	0.002254586	0.0631555555556	0.00344444444444
0.03225975	0.003150018	0.0601111111111	0.00338888888889
0.0327271	0.005821771	0.0621666666667	0.00393333333333
0.03337133	0.002521271	0.0629888888889	0.00341111111111
0.039938	0.00221931	0.0632444444444	0.00345555555556
0.04114173	0.004091628	0.0634777777778	0.00352222222222
0.03318291	0.00402167	0.0620555555556	0.00394444444444
0.04032796	0.002153316	0.0631666666667	0.00383333333333
0.03348573	0.002972792	0.0597666666667	0.00343333333333
0.02876812	0.003120344	0.0636111111111	0.00358888888889
0.03195632	0.00213598	0.0616888888889	0.00331111111111
0.03174671	0.001787255	0.0629111111111	0.00338888888889
0.03046178	0.004482923	0.0592888888889	0.00361111111111
0.02838713	0.001429892	0.0593111111111	0.00368888888889
0.03472226	0.001942083	0.0621555555556	0.00394444444444
0.03465266	0.002871004	0.0592788888889	0.00361111111111
0.03129201	0.002052171	0.0636533333333	0.00366666666667
0.03441489	0.001804984	0.0609888888889	0.00331111111111
0.02582113	0.003826842	0.0599	0.0034
0.03307899	0.002679764	0.0597555555556	0.00384444444444
0.03324326	0.003611062	0.0625777777778	0.00392222222222
0.03136915	0.002173263	0.0608888888889	0.00331111111111
0.03905143	0.001001339	0.0613333333333	0.00396666666667
0.03977389	0.001817842	0.0610533333333	0.00396666666667
0.03053167	0.00303776	0.0623777777778	0.00332222222222
0.04224417	0.002520244	0.0591777777778	0.00362222222222
0.03621155	0.004680025	0.0609333333333	0.00396666666667
0.03001936	0.004608109	0.06088	0.0033
0.02960915	0.004192863	0.0613222222222	0.00397777777778
0.03022854	0.001515632	0.0596888888889	0.00341111111111
0.02030545	0.003162198	0.0627777777778	0.00392222222222
0.02567785	0.002823158	0.0600444444444	0.00335555555556
0.04369702	0.002257573	0.0636111111111	0.00348888888889
0.03266298	0.002219854	0.0594777777778	0.00382222222222
0.03839978	0.001377944	0.0637555555556	0.00354444444444
0.03197951	0.002385329	0.0592444444444	0.00375555555556
0.03402223	0.004584524	0.0638222222222	0.00367777777778
0.03602617	0.002490527	0.0637888888889	0.00371111111111
0.03609568	0.002352188	0.0637888888889	0.00371111111111
0.04013777	0.004011963	0.0623	0.0033
0.03113853	0.002513233	0.0616211111111	0.00398888888889
0.03104878	0.002918648	0.0591555555556	0.00354444444444
0.03522851	0.002266927	0.0638555555556	0.00364444444444
0.03054745	0.004080508	0.0597222222222	0.00387777777778
0.03345915	0.002636437	0.0612222222222	0.00327777777778
0.01924601	0.005001806	0.0593888888889	0.00381111111111
0.0374269	0.00415641	0.06359	0.0038
0.02375538	0.00217582	0.0636622222222	0.00377777777778
0.02508789	0.001565922	0.0596333333333	0.00386666666667
0.03369614	0.003871783	0.0610222222222	0.00327777777778
0.02835462	0.002691886	0.0609222222222	0.00327777777778
0.03023571	0.002233688	0.0596222222222	0.00387777777778
0.0296903	0.001873695	0.0608111111111	0.00398888888889
0.03356469	0.003222095	0.0625333333333	0.00396666666667
0.03491482	0.00193608	0.0637222222222	0.00347777777778
0.03828701	0.002293874	0.0597333333333	0.00336666666667
0.03153697	0.002595727	0.0590666666667	0.00353333333333
0.04153566	0.004018435	0.0607111111111	0.00398888888889
0.04525833	0.004176481	0.0628555555556	0.00394444444444
0.03747288	0.002239185	0.0638444444444	0.00375555555556
0.02868286	0.003357239	0.0592	0.0038
0.04289785	0.002210003	0.0638333333333	0.00376666666667
0.03730145	0.003405118	0.0631888888889	0.00391111111111
0.03585249	0.002051373	0.0604111111111	0.00328888888889
0.03626104	0.001633846	0.0638533333333	0.00376666666667
0.02012449	0.003162409	0.0589777777778	0.00372222222222
0.04120393	0.002288146	0.0639577777778	0.00372222222222
0.02982334	0.002883462	0.0592377777778	0.00382222222222
0.03579356	0.003501985	0.0640444444444	0.00365555555556
0.02815936	0.002708363	0.0633333333333	0.00336666666667
0.02995049	0.003292404	0.0594	0.0034
0.03650852	0.002524592	0.0625111111111	0.00398888888889
0.02973619	0.003122383	0.0614777777778	0.00402222222222
0.02965349	0.003130652	0.0604111111111	0.00398888888889
0.02256201	0.003983357	0.0617555555556	0.00324444444444
0.03240279	0.003143884	0.0594222222222	0.00387777777778
0.03464839	0.00232342	0.0635222222222	0.00387777777778
0.03049167	0.002438729	0.0640444444444	0.00355555555556
0.04217065	0.004738927	0.0640444444444	0.00355555555556
0.02643232	0.00373884	0.0596777777778	0.00392222222222
0.0392855	0.001874354	0.0599444444444	0.00395555555556
0.02939548	0.002294072	0.0593333333333	0.00386666666667
0.03866504	0.003660202	0.0634233333333	0.00336666666667
0.03466182	0.001744959	0.06	0.0033
0.0325426	0.003279129	0.0640888888889	0.00371111111111
0.03465126	0.002176813	0.0641333333333	0.00366666666667
0.02993668	0.002053612	0.0597555555556	0.00394444444444
0.03168468	0.002491507	0.0621777777778	0.00402222222222
0.02827134	0.003107112	0.0603333333333	0.00326666666667
0.03218325	0.003803548	0.0610666666667	0.00403333333333
0.02968734	0.003256682	0.0633777777778	0.00392222222222
0.03179571	0.003252651	0.0595555555556	0.00334444444444
0.03959562	0.003977648	0.0592333333333	0.00386666666667
0.02871332	0.003429168	0.0590666666667	0.00343333333333
0.0309878	0.004044499	0.0602	0.004
0.03673164	0.004584706	0.0595666666667	0.00393333333333
0.03309966	0.003497333	0.0607666666667	0.00403333333333
0.03035174	0.004189752	0.0642222222222	0.00367777777778
0.03525258	0.00363395	0.0642222222222	0.00367777777778
0.03027001	0.003105462	0.0641777777778	0.00372222222222
0.03620509	0.003684925	0.0592222222222	0.00387777777778
0.03515976	0.002939118	0.0630222222222	0.00397777777778
0.02717362	0.002054307	0.0599111111111	0.00328888888889
0.03031351	0.001668999	0.0593333333333	0.00336666666667
0.03316423	0.001679654	0.0589	0.0038
0.02715243	0.003840356	0.0623666666667	0.00403333333333
0.02863184	0.003583241	0.0640444444444	0.00345555555556
0.02885266	0.002950798	0.0607555555556	0.00404444444444
0.02354798	0.003243655	0.0595888888889	0.00331111111111
0.02710707	0.002591026	0.0640555555556	0.00344444444444
0.03627156	0.002551239	0.063	0.004
0.03211296	0.003695608	0.0614133333333	0.00406666666667
0.03181548	0.004161323	0.0601777777778	0.00402222222222
0.02913781	0.002072705	0.0627555555556	0.00324444444444
0.02643682	0.002608539	0.0586177777778	0.00372222222222
0.03829927	0.002045381	0.0636555555556	0.00334444444444
0.02956509	0.003860708	0.0624555555556	0.00404444444444
0.0402023	0.003731997	0.0604755555556	0.00404444444444
0.03111682	0.002788694	0.0640666666667	0.00383333333333
0.03400314	0.001734861	0.0642111111111	0.00378888888889
0.02897218	0.0031304	0.0585333333333	0.00366666666667
0.03730344	0.002313976	0.0633022222222	0.00397777777778
0.03301734	0.002737852	0.0609333333333	0.00406666666667
0.02600388	0.002025482	0.05865	0.0035
0.03881134	0.003120448	0.0633222222222	0.00397777777778
0.0352706	0.00266051	0.0644111111111	0.00358888888889
0.03086055	0.002784447	0.0638333333333	0.00336666666667
0.03311926	0.003352273	0.0585333333333	0.00356666666667
0.02662264	0.003267129	0.0585222222222	0.00357777777778
0.03351935	0.003169458	0.0643888888889	0.00371111111111
0.03266075	0.001893433	0.0585666666667	0.00373333333333
0.02561317	0.00230202	0.0636666666667	0.00393333333333
0.03470661	0.003272412	0.0602777777778	0.00322222222222
0.02168918	0.004265294	0.0585555555556	0.00374444444444
0.03172388	0.002455611	0.0643777777778	0.00352222222222
0.02974098	0.001641325	0.06434	0.0035
0.02977493	0.002161854	0.0599555555556	0.00324444444444
0.03869712	0.001382966	0.0599555555556	0.00324444444444
0.03350666	0.003562833	0.0588444444444	0.00385555555556
0.02254527	0.002311724	0.0584888888889	0.00371111111111
0.03705805	0.004020602	0.0592555555556	0.00394444444444
0.03081753	0.001780226	0.0627555555556	0.00404444444444
0.02769182	0.002387149	0.059	0.0039
0.04323591	0.003884793	0.0627777777778	0.00322222222222
0.01762953	0.002837915	0.0627777777778	0.00322222222222
0.03356438	0.00205922	0.0622222222222	0.00407777777778
0.03718621	0.003131826	0.0644777777778	0.00372222222222
0.02696982	0.00218428	0.0628555555556	0.00404444444444
0.04151877	0.001607763	0.0636	0.0033
0.03466382	0.002149016	0.0625333333333	0.00406666666667
0.034802	0.005197628	0.0606022222222	0.00407777777778
0.03047927	0.002635398	0.0603333333333	0.00406666666667
0.03139909	0.002989802	0.0595333333333	0.00326666666667
0.02591721	0.002317552	0.0640333333333	0.00336666666667
0.03098518	0.00251559	0.0585111111111	0.00378888888889
0.03047918	0.003154203	0.0585111111111	0.00378888888889
0.02842484	0.002303335	0.0617333333333	0.00316666666667
0.03674654	0.002424228	0.0593222222222	0.00397777777778
0.03082039	0.003175321	0.0625111111111	0.00318888888889
0.03132468	0.001858505	0.0646111111111	0.00358888888889
0.02874535	0.002575599	0.0583222222222	0.00367777777778
0.02986656	0.002536301	0.0583222222222	0.00367777777778
0.03175961	0.001915092	0.0583666666667	0.00373333333333
0.02879206	0.002526125	0.0643777777778	0.00382222222222
0.03868434	0.001787433	0.0640444444444	0.00335555555556
0.03145738	0.002270964	0.0588333333333	0.00336666666667
0.03977556	0.00187189	0.0638855555556	0.00394444444444
0.0371763	0.003443045	0.0608	0.0041
0.03549088	0.0030066	0.0584	0.0035
0.02448421	0.002485777	0.0583555555556	0.00374444444444
0.03325728	0.001710046	0.0615888888889	0.00411111111111
0.03450445	0.00452225	0.0636111111111	0.00398888888889
0.03004357	0.00220745	0.0584888888889	0.00381111111111
0.03215551	0.00251696	0.0606933333333	0.00316666666667
0.03523141	0.004117939	0.0632666666667	0.00323333333333
0.02912882	0.001957302	0.0632666666667	0.00403333333333
0.03288724	0.001858989	0.0582444444444	0.00365555555556
0.02345805	0.003735132	0.0645222222222	0.00347777777778
0.03874211	0.002435482	0.0598888888889	0.00321111111111
0.03251774	0.003281006	0.0634888888889	0.00401111111111
0.03272521	0.002258077	0.0595355555556	0.00324444444444
0.04111738	0.002518386	0.0629333333333	0.00406666666667
0.03135713	0.002501978	0.0586133333333	0.00386666666667
0.03766538	0.002929724	0.0626111111111	0.00408888888889
0.03844518	0.005790916	0.0620888888889	0.00411111111111
0.03476294	0.001293634	0.0646888888889	0.00371111111111
0.03435562	0.001363118	0.0621444444444	0.00315555555556
0.04000007	0.001508357	0.0613555555556	0.00314444444444
0.0332088	0.002960359	0.0617777777778	0.00412222222222
0.03636918	0.003276147	0.0646777777778	0.00352222222222
0.03179236	0.002683761	0.0618777777778	0.00412222222222
0.03146512	0.002519237	0.0593444444444	0.00325555555556
0.03643506	0.004082289	0.0609777777778	0.00412222222222
0.02284507	0.002679129	0.0597444444444	0.00405555555556
0.02800418	0.003052698	0.0581555555556	0.00364444444444
0.03518083	0.001838458	0.0605444444444	0.00315555555556
0.03444337	0.002583249	0.0631333333333	0.00406666666667
0.03667207	0.002845865	0.0614666666667	0.00413333333333
0.03816304	0.002958001	0.0648111111111	0.00358888888889
0.03147199	0.002690307	0.0590222222222	0.00397777777778
0.03502967	0.002400968	0.0640444444444	0.00395555555556
0.04528355	0.002807503	0.0636888888889	0.00401111111111
0.03052109	0.003771273	0.0610666666667	0.00313333333333
0.03038512	0.00191564	0.0610666666667	0.00413333333333
0.03554737	0.003676415	0.0581777777778	0.00352222222222
0.03149968	0.002124842	0.0648333333333	0.00366666666667
0.03722811	0.003962606	0.0581	0.0036
0.03342455	0.003279222	0.0600111111111	0.00408888888889
0.03034509	0.00201514	0.0609666666667	0.00413333333333
0.02559515	0.001746384	0.0582222222222	0.00377777777778
0.03320996	0.001985155	0.0582	0.0035
0.03339831	0.002186796	0.0623555555556	0.00314444444444
0.02690534	0.003014092	0.0589133333333	0.00396666666667
0.03463003	0.004917771	0.0646444444444	0.00345555555556
0.03125891	0.003014758	0.0581555555556	0.00374444444444
0.03683787	0.002357927	0.0588444444444	0.00395555555556
0.03193371	0.003153179	0.0598222222222	0.00407777777778
0.02351583	0.005650525	0.0589	0.0033
0.0322257	0.002733062	0.0587555555556	0.00394444444444
0.02633114	0.001916008	0.0596533333333	0.00406666666667
0.03179842	0.002417199	0.0616555555556	0.00414444444444
0.03044578	0.002261456	0.0586866666667	0.00333333333333
0.02960062	0.002921416	0.0611555555556	0.00414444444444
0.03004721	0.003619963	0.0580777777778	0.00372222222222
0.03006588	0.003263711	0.0629333333333	0.00316666666667
0.02638263	0.002043286	0.0648	0.0035
0.03624561	0.00295751	0.0644333333333	0.00336666666667
0.02341939	0.00272123	0.0580555555556	0.00354444444444
0.03417715	0.001967284	0.0580555555556	0.00354444444444
0.02767488	0.003607179	0.0634688888889	0.00321111111111
0.0359756	0.00259428	0.0641333333333	0.00396666666667
0.03285753	0.001702582	0.0640111111111	0.00398888888889
0.02823057	0.004451157	0.0595333333333	0.00406666666667
0.03229525	0.003221682	0.0626777777778	0.00412222222222
0.02807449	0.002634346	0.0585555555556	0.00334444444444
0.04081459	0.002884803	0.0596222222222	0.00407777777778
0.02885183	0.00109159	0.0590444444444	0.00325555555556
0.02319617	0.003252549	0.0579555555556	0.00364444444444
0.03604894	0.002684494	0.0632222222222	0.00317777777778
0.03969377	0.001143073	0.0629444444444	0.00315555555556
0.02731174	0.003399061	0.0599888888889	0.00411111111111
0.009193731	0.005392481	0.0609844444444	0.00415555555556
0.04118563	0.002781834	0.0623777777778	0.00312222222222
0.03533827	0.0032065	0.0644788888889	0.00391111111111
0.02704131	0.003744677	0.0582444444444	0.00385555555556
0.03312999	0.002666892	0.0642333333333	0.00396666666667
0.02261891	0.002623777	0.0641111111111	0.00398888888889
0.03033901	0.003708927	0.0594	0.0032
0.0380869	0.001915451	0.0649777777778	0.00372222222222
0.02608926	0.003510175	0.0598888888889	0.00411111111111
0.03764456	0.004822904	0.0604555555556	0.00414444444444
0.03351181	0.001922217	0.0579888888889	0.00351111111111
0.03556902	0.003050892	0.0585555555556	0.00394444444444
0.03530787	0.003262956	0.0647555555556	0.00384444444444
0.03009512	0.001429571	0.0622888888889	0.00311111111111
0.03048844	0.003788731	0.0590666666667	0.00403333333333
0.03762634	0.003159036	0.0636	0.0032
0.03887619	0.002501895	0.0584666666667	0.00393333333333
0.02181341	0.002542734	0.0584666666667	0.00333333333333
0.03213888	0.002208359	0.0595222222222	0.00317777777778
0.03197968	0.002948836	0.0634111111111	0.00408888888889
0.03338863	0.002271358	0.0593	0.0032
0.02871896	0.002283466	0.0626555555556	0.00414444444444
0.03739257	0.003174974	0.0626555555556	0.00414444444444
0.03462907	0.003508515	0.0633	0.0041
0.03313643	0.003027598	0.0588	0.004
0.02496049	0.002251466	0.0586	0.0033
0.01650958	0.00264406	0.0590777777778	0.00322222222222
0.03489582	0.002532524	0.0642911111111	0.00328888888889
0.03475211	0.003904057	0.0650033333333	0.00376666666667
0.02234544	0.00199098	0.0617111111111	0.00308888888889
0.02877943	0.003532063	0.0578555555556	0.00354444444444
0.03615449	0.003012681	0.0650666666667	0.00353333333333
0.03627354	0.003558519	0.0610822222222	0.00417777777778
0.02572124	0.002266124	0.0586111111111	0.00328888888889
0.02902981	0.00185954	0.0595333333333	0.00316666666667
0.02417489	0.002691565	0.0634	0.0041
0.03323321	0.001847086	0.0650333333333	0.00376666666667
0.03080494	0.002110998	0.0582111111111	0.00388888888889
0.03032062	0.004584299	0.0581711111111	0.00338888888889
0.0375909	0.00150674	0.0648	0.0034
0.03921475	0.002030321	0.0642333333333	0.00326666666667
0.0373511	0.003246805	0.0630666666667	0.00413333333333
0.03039955	0.002659393	0.0589777777778	0.00322222222222
0.02972478	0.003914941	0.0581222222222	0.00387777777778
0.02511551	0.004315133	0.0583777777778	0.00332222222222
0.03282815	0.003396733	0.0593222222222	0.00317777777778
0.03560312	0.002883233	0.0623111111111	0.00308888888889
0.0321581	0.001714484	0.0626	0.0031
0.03094518	0.00333309	0.0585111111111	0.00328888888889
0.03898053	0.002487663	0.0634244444444	0.00315555555556
0.03366519	0.002518713	0.0580244444444	0.00385555555556
0.02381338	0.001550189	0.0589155555556	0.00404444444444
0.02030632	0.003529346	0.0624222222222	0.00417777777778
0.03822542	0.003422379	0.0652222222222	0.00367777777778
0.03631835	0.004210802	0.0650444444444	0.00345555555556
0.0277875	0.004644102	0.0621111111111	0.00418888888889
0.03123535	0.002850972	0.0608111111111	0.00418888888889
0.02734176	0.001882784	0.0633555555556	0.00314444444444
0.0341547	0.00321092	0.0637111111111	0.00408888888889
0.03826845	0.002268639	0.0652333333333	0.00356666666667
0.03435563	0.003229249	0.0607111111111	0.00418888888889
0.03539367	0.00351591	0.0639333333333	0.00406666666667
0.03024588	0.001317181	0.0580222222222	0.00387777777778
0.03240534	0.00246682	0.0633066666667	0.00413333333333
0.03693913	0.003430806	0.061	0.0042
0.02899912	0.00258459	0.0601	0.0031
0.03205876	0.003255334	0.0597555555556	0.00414444444444
0.03202834	0.004526755	0.0581555555556	0.00334444444444
0.03074738	0.002228099	0.0577333333333	0.00376666666667
0.03136726	0.001943734	0.0646444444444	0.00395555555556
0.03312036	0.002708645	0.0591222222222	0.00317777777778
0.03050608	0.003162838	0.0591222222222	0.00317777777778
0.02768955	0.00333842	0.0595666666667	0.00313333333333
0.03405194	0.001409786	0.0639111111111	0.00318888888889
0.03091654	0.002231963	0.0648444444444	0.00335555555556
0.03085289	0.002590059	0.06	0.0031
0.04435425	0.001452585	0.0653	0.0037
0.03568105	0.002397954	0.0647666666667	0.00393333333333
0.0403731	0.003611858	0.0607233333333	0.00306666666667
0.03100479	0.002192831	0.0636888888889	0.00411111111111
0.03657504	0.003403128	0.0628911111111	0.00308888888889
0.03952495	0.002377395	0.0653777777778	0.00362222222222
0.03549258	0.003498696	0.0605	0.0042
0.04054556	0.003265713	0.0629111111111	0.00308888888889
0.04419203	0.002952792	0.0653888888889	0.00361111111111
0.03491182	0.002627085	0.0584444444444	0.00325555555556
0.03412933	0.001860811	0.0613555555556	0.00304444444444
0.03431596	0.001856575	0.0650222222222	0.00337777777778
0.03573335	0.001547738	0.0653777777778	0.00372222222222
0.03558597	0.003177605	0.0575666666667	0.00353333333333
0.03439246	0.003488577	0.065	0.0039
0.01972149	0.003024702	0.0575333333333	0.00356666666667
0.0282953	0.003340883	0.0581444444444	0.00395555555556
0.03721738	0.004093618	0.0630222222222	0.00417777777778
0.03031135	0.003200324	0.0594677777778	0.00312222222222
0.03946504	0.003072332	0.0610555555556	0.00304444444444
0.03845884	0.004755127	0.0605888888889	0.00421111111111
0.03097626	0.004071751	0.0589311111111	0.00408888888889
0.03180947	0.002247213	0.0603	0.0042
0.02610776	0.002496935	0.0576	0.0035
0.02707559	0.001904893	0.0577555555556	0.00384444444444
0.03821434	0.001917407	0.0637555555556	0.00314444444444
0.0371842	0.003000369	0.0631111111111	0.00308888888889
0.02736217	0.002909888	0.0646333333333	0.00326666666667
0.03843329	0.002040198	0.0583	0.004
0.03822926	0.002669231	0.0653888888889	0.00351111111111
0.0320169	0.001063538	0.0625444444444	0.00305555555556
0.0279247	0.003675117	0.0622777777778	0.00422222222222
0.0384055	0.001886083	0.0599222222222	0.00307777777778
0.03246167	0.001815843	0.0578888888889	0.00391111111111
0.02780116	0.002378989	0.0597111111111	0.00308888888889
0.03016665	0.002385257	0.0654666666667	0.00373333333333
0.03426527	0.002501722	0.0574111111111	0.00368888888889
0.04610447	0.003718336	0.0655333333333	0.00366666666667
0.03597244	0.004413984	0.0579555555556	0.00394444444444
0.02046875	0.005679189	0.05739	0.0036
0.02995226	0.002406568	0.0582	0.004
0.03136943	0.00259662	0.0614777777778	0.00302222222222
0.04037336	0.003229099	0.0611055555556	0.00424444444444
0.02945997	0.003639904	0.0641333333333	0.00316666666667
0.03519815	0.002856542	0.0640444444444	0.00315555555556
0.0334392	0.001914867	0.0605666666667	0.00303333333333
0.03160254	0.003132965	0.0591777777778	0.00312222222222
0.0341186	0.002309087	0.0575666666667	0.00383333333333
0.03384009	0.003648715	0.0649888888889	0.00331111111111
0.03860267	0.002020078	0.0620555555556	0.00424444444444
0.03956174	0.003937396	0.0627177777778	0.00422222222222
0.02755447	0.003221551	0.0634222222222	0.00417777777778
0.03085497	0.002663199	0.0601777777778	0.00422222222222
0.02788368	0.002493938	0.0621555555556	0.00424444444444
0.03534479	0.002513469	0.0606777777778	0.00302222222222
0.02138171	0.003580478	0.0612888888889	0.00301111111111
0.03997165	0.004118264	0.0646666666667	0.00323333333333
0.04063899	0.002851532	0.0587	0.0041
0.02628999	0.001463464	0.0581444444444	0.00325555555556
0.02516457	0.002777792	0.0573555555556	0.00374444444444
0.02761029	0.003846987	0.0583177777778	0.00322222222222
0.03032825	0.002272151	0.0581188888889	0.00401111111111
0.03201088	0.001681707	0.0592333333333	0.00416666666667
0.03379409	0.002951881	0.0576888888889	0.00391111111111
0.03341987	0.003109644	0.0650888888889	0.00331111111111
0.02790146	0.002992016	0.0574666666667	0.00343333333333
0.03873173	0.002428694	0.0639355555556	0.00414444444444
0.02462571	0.004108967	0.0645333333333	0.00406666666667
0.03757543	0.00392081	0.0627866666667	0.00423333333333
0.03065813	0.002275751	0.0587777777778	0.00412222222222
0.03261861	0.002827517	0.0646244444444	0.00405555555556
0.03691764	0.001653835	0.0622888888889	0.00301111111111
0.03978734	0.002526455	0.0644222222222	0.00317777777778
0.03941445	0.002924885	0.0652888888889	0.00391111111111
0.03872071	0.002427999	0.0626555555556	0.00424444444444
0.03761077	0.002837494	0.0619	0.003
0.03484836	0.001430015	0.0638	0.0031
0.01938125	0.002340296	0.0573111111111	0.00348888888889
0.03211072	0.001154817	0.062	0.003
0.03322822	0.003790029	0.0595	0.0042
0.03480131	0.005343978	0.0652777777778	0.00392222222222
0.03794525	0.002573193	0.0620333333333	0.00426666666667
0.02303852	0.004009958	0.0573333333333	0.00346666666667
0.03215803	0.005960734	0.0597777777778	0.00422222222222
0.02574742	0.001419474	0.0601777777778	0.00302222222222
0.03642222	0.002444729	0.0657555555556	0.00364444444444
0.0368198	0.002604477	0.0657555555556	0.00364444444444
0.03430812	0.002734306	0.0627777777778	0.00302222222222
0.03836391	0.002197905	0.0572177777778	0.00352222222222
0.0275905	0.002335868	0.0617111111111	0.00298888888889
0.03094109	0.003054451	0.06469	0.0032
0.03403762	0.003768384	0.0653888888889	0.00391111111111
0.03653548	0.004031706	0.0637111111111	0.00418888888889
0.03398282	0.002720631	0.0582333333333	0.00406666666667
0.02576258	0.003824078	0.0654911111111	0.00338888888889
0.03282382	0.003502222	0.0581644444444	0.00405555555556
0.02878301	0.002663681	0.0620222222222	0.00427777777778
0.03929819	0.002642615	0.0652444444444	0.00395555555556
0.02690382	0.002894716	0.0587777777778	0.00312222222222
0.0320088	0.001983106	0.0641555555556	0.00414444444444
0.03251255	0.003388541	0.0658	0.0037
0.03299195	0.003320085	0.0656355555556	0.00344444444444
0.03989902	0.00233156	0.0631666666667	0.00423333333333
0.03002082	0.003132463	0.0597666666667	0.00303333333333
0.03500201	0.003390084	0.0653777777778	0.00392222222222
0.0229259	0.001509281	0.0572111111111	0.00348888888889
0.03285478	0.002184916	0.0658222222222	0.00367777777778
0.02635653	0.004245128	0.0582	0.0032
0.04061718	0.001356891	0.0640888888889	0.00311111111111
0.03498916	0.001641548	0.0571111111111	0.00368888888889
0.03740835	0.002665231	0.0640133333333	0.00416666666667
0.02793578	0.001353767	0.0572444444444	0.00345555555556
0.03788987	0.004184031	0.0615011111111	0.00428888888889
0.03493943	0.002267693	0.0615222222222	0.00297777777778
0.02363515	0.004073601	0.0576444444444	0.00395555555556
0.03762491	0.001719321	0.0576444444444	0.00395555555556
0.02937672	0.002987194	0.0593888888889	0.00421111111111
0.0307674	0.00308275	0.0598555555556	0.00424444444444
0.03521462	0.002287164	0.0644888888889	0.00411111111111
0.03250814	0.002068672	0.0570666666667	0.00363333333333
0.03784505	0.003649873	0.0648444444444	0.00405555555556
0.03418678	0.004647532	0.0577611111111	0.00398888888889
0.03427285	0.004173814	0.0653555555556	0.00394444444444
0.0229827	0.003771157	0.0637333333333	0.00306666666667
0.03485813	0.003943031	0.0649255555556	0.00404444444444
0.0304379	0.002647704	0.0627333333333	0.00426666666667
0.03123554	0.004173234	0.0571333333333	0.00376666666667
0.02542313	0.004438382	0.0571333333333	0.00376666666667
0.03564396	0.002214176	0.0570777777778	0.00372222222222
0.03035606	0.003210305	0.0654888888889	0.00391111111111
0.04113209	0.002584065	0.0641	0.0031
0.0380769	0.002325314	0.0653444444444	0.00395555555556
0.04260031	0.002749867	0.0655333333333	0.00336666666667
0.0338138	0.004295278	0.0572555555556	0.00384444444444
0.02416169	0.005545466	0.0601333333333	0.00426666666667
0.0375453	0.001452007	0.0570555555556	0.00354444444444
0.03579166	0.002943936	0.0603622222222	0.00427777777778
0.02771915	0.00284168	0.0591333333333	0.00306666666667
0.03421255	0.002084062	0.0630444444444	0.00425555555556
0.02682908	0.001291645	0.0571	0.0035
0.03568776	0.003515562	0.0636888888889	0.00421111111111
0.03278964	0.004133377	0.0653333333333	0.00396666666667
0.03228787	0.001453957	0.0658111111111	0.00378888888889
0.0341792	0.002977981	0.0606111111111	0.00428888888889
0.03512482	0.002651101	0.0635777777778	0.00422222222222
0.02900052	0.002359555	0.0571777777778	0.00382222222222
0.03646282	0.002104557	0.0618	0.0043
0.02571282	0.002292473	0.0618333333333	0.00296666666667
0.02448623	0.001801104	0.0569888888889	0.00361111111111
0.02896351	0.003752792	0.0602222222222	0.00427777777778
0.02929265	0.002805438	0.0627122222222	0.00427777777778
0.03252098	0.002005394	0.0659333333333	0.00356666666667
0.03717448	0.003406498	0.0651888888889	0.00401111111111
0.03202781	0.004903979	0.0608333333333	0.00296666666667
0.0264618	0.002904046	0.0576222222222	0.00327777777778
0.02949889	0.001991021	0.0570333333333	0.00376666666667
0.03594402	0.001495251	0.0655944444444	0.00335555555556
0.03794498	0.001290506	0.0635666666667	0.00303333333333
0.03060012	0.002420758	0.0652444444444	0.00325555555556
0.0338288	0.001934638	0.0605333333333	0.00296666666667
0.03782739	0.003644489	0.0624	0.0043
0.02843171	0.003946724	0.0578888888889	0.00321111111111
0.03493795	0.003661679	0.0660111111111	0.00368888888889
0.03522324	0.003246235	0.0641111111111	0.00418888888889
0.03437043	0.00339537	0.0605	0.0043
0.03059193	0.003060088	0.0609444444444	0.00295555555556
0.03623195	0.004304928	0.0577666666667	0.00403333333333
0.02364818	0.002832695	0.0569555555556	0.00374444444444
0.04010531	0.00184176	0.0659777777778	0.00352222222222
0.03193738	0.001860413	0.0656444444444	0.00335555555556
0.02917246	0.002171798	0.0589	0.0042
0.03884518	0.003731994	0.0653333333333	0.00326666666667
0.03337992	0.001704946	0.0653333333333	0.00326666666667
0.03044368	0.003476712	0.0652888888889	0.00401111111111
0.03347045	0.002905764	0.0621444444444	0.00295555555556
0.03881227	0.003322561	0.0633888888889	0.00301111111111
0.02611969	0.003980965	0.0601111111111	0.00428888888889
0.03829769	0.004347125	0.0659333333333	0.00346666666667
0.04492887	0.002759795	0.0649222222222	0.00317777777778
0.02790357	0.00437332	0.0614477777778	0.00432222222222
0.02943469	0.004331625	0.0603	0.0043
0.03502248	0.003565876	0.0660777777778	0.00362222222222
0.02702321	0.003213262	0.0572444444444	0.00335555555556
0.03477188	0.004836209	0.0633	0.003
0.02905949	0.001050757	0.0617555555556	0.00294444444444
0.03047842	0.002574785	0.0569333333333	0.00376666666667
0.03367368	0.002070356	0.0629222222222	0.00297777777778
0.03089995	0.00255619	0.0629222222222	0.00297777777778
0.02503178	0.002461716	0.0645777777778	0.00312222222222
0.03001628	0.001507243	0.0657333333333	0.00336666666667
0.03724328	0.003587757	0.0642222222222	0.00307777777778
0.03580836	0.006371707	0.0627	0.0043
0.0336853	0.002713313	0.0653444444444	0.00325555555556
0.03522801	0.002693846	0.0658011111111	0.00338888888889
0.03391421	0.003266394	0.0654	0.004
0.03006309	0.002472799	0.0631711111111	0.00298888888889
0.03377715	0.002818666	0.0604888888889	0.00431111111111
0.02858765	0.002382107	0.0660555555556	0.00374444444444
0.03240238	0.003766812	0.0648444444444	0.00315555555556
0.0264416	0.003118722	0.0568222222222	0.00367777777778
0.04151511	0.003795103	0.0661222222222	0.00367777777778
0.03972623	0.002872829	0.0646555555556	0.00414444444444
0.03095671	0.001792327	0.0590666666667	0.00303333333333
0.03570582	0.001927121	0.0638666666667	0.00303333333333
0.03271085	0.001636869	0.0572777777778	0.00332222222222
0.03615243	0.004165877	0.0656555555556	0.00394444444444
0.03860372	0.002119137	0.0652555555556	0.00404444444444
0.03478489	0.001967742	0.0644111111111	0.00308888888889
0.03364849	0.003192734	0.0602888888889	0.00431111111111
0.03519677	0.003321289	0.0658	0.0039
0.04285103	0.004276113	0.0612666666667	0.00433333333333
0.03338945	0.003262551	0.0633222222222	0.00427777777778
0.03351449	0.002727457	0.0623555555556	0.00294444444444
0.03798553	0.006060668	0.0636444444444	0.00425555555556
0.02764659	0.003163647	0.0645233333333	0.00416666666667
0.03183702	0.003429986	0.0605177777778	0.00432222222222
0.02986429	0.002770483	0.0604777777778	0.00432222222222
0.03113579	0.002666008	0.0594	0.003
0.03370119	0.002237746	0.0661	0.0035
0.03483104	0.002904374	0.0646444444444	0.00415555555556
0.03168027	0.00207052	0.0638555555556	0.00424444444444
0.03126518	0.003272305	0.0644111111111	0.00418888888889
0.03008906	0.005388968	0.0637444444444	0.00425555555556
0.03874693	0.001782341	0.0645111111111	0.00308888888889
0.03470991	0.002228687	0.0661888888889	0.00371111111111
0.03093093	0.001395479	0.0578222222222	0.00317777777778
0.03397185	0.002887374	0.0578222222222	0.00317777777778
0.03612839	0.003286778	0.0622666666667	0.00433333333333
0.03657681	0.002692643	0.0628888888889	0.00431111111111
0.032757	0.002372357	0.0567677777778	0.00352222222222
0.02534207	0.004992881	0.0633111111111	0.00428888888889
0.03399621	0.001719347	0.0613555555556	0.00434444444444
0.03393531	0.002025297	0.0578111111111	0.00408888888889
0.03931939	0.001013777	0.0659888888889	0.00341111111111
0.02695583	0.002259106	0.0569444444444	0.00385555555556
0.03030456	0.002517908	0.0598	0.0043
0.03803031	0.003321571	0.0662222222222	0.00367777777778
0.03871928	0.002226209	0.0646333333333	0.00416666666667
0.03701455	0.002905427	0.0629488888889	0.00431111111111
0.03364422	0.004048867	0.0610455555556	0.00434444444444
0.02712793	0.004939753	0.0570333333333	0.00336666666667
0.03531525	0.002688749	0.0662444444444	0.00365555555556
0.03633408	0.002125184	0.0640666666667	0.00423333333333
0.03378822	0.002328673	0.0609777777778	0.00292222222222
0.02756318	0.002172141	0.0604666666667	0.00433333333333
0.0330318	0.007142402	0.0633911111111	0.00428888888889
0.03141136	0.00230168	0.0575355555556	0.00404444444444
0.03656657	0.00252322	0.0661333333333	0.00346666666667
0.02605492	0.002886436	0.0589555555556	0.00424444444444
0.03155691	0.004100819	0.0649777777778	0.00412222222222
0.04151487	0.003440367	0.0637333333333	0.00426666666667
0.0373669	0.003329142	0.0662444444444	0.00355555555556
0.03441163	0.003539488	0.0662444444444	0.00355555555556
0.03640178	0.004076792	0.0621555555556	0.00434444444444
0.0390761	0.002070094	0.0638888888889	0.00301111111111
0.03651841	0.002745079	0.0641466666667	0.00303333333333
0.02654029	0.002794726	0.0573033333333	0.00326666666667
0.02663326	0.001534108	0.0576	0.0032
0.03265816	0.003784722	0.0612888888889	0.00291111111111
0.03113744	0.002782054	0.0652222222222	0.00317777777778
0.03449136	0.002503509	0.0611888888889	0.00291111111111
0.03347168	0.003407943	0.0580355555556	0.00414444444444
0.03329322	0.005351418	0.0573777777778	0.00402222222222
0.0335565	0.001564489	0.0567111111111	0.00348888888889
0.0354088	0.004702716	0.0663	0.0037
0.03506357	0.003786613	0.0619444444444	0.00435555555556
0.02399955	0.004810157	0.0576222222222	0.00407777777778
0.03301409	0.003830599	0.0567333333333	0.00346666666667
0.02248606	0.00166354	0.0573555555556	0.00324444444444
0.03058922	0.003097481	0.0567111111111	0.00378888888889
0.03221242	0.002707827	0.0634333333333	0.00296666666667
0.02406451	0.003211077	0.0647111111111	0.00308888888889
0.02647358	0.002123461	0.0570888888889	0.00331111111111
0.0240152	0.002822981	0.0625555555556	0.00434444444444
0.04156805	0.004367281	0.0625555555556	0.00434444444444
0.03860972	0.003062046	0.0654	0.0032
0.03398483	0.003535826	0.0600666666667	0.00433333333333
0.01360584	0.003527117	0.0659777777778	0.00392222222222
0.02667421	0.001690807	0.0623444444444	0.00435555555556
0.02039288	0.003503313	0.0576111111111	0.00408888888889
0.03464628	0.003455278	0.0661022222222	0.00387777777778
0.03634012	0.00329942	0.0611333333333	0.00436666666667
0.03050625	0.001984445	0.0572	0.004
0.03526651	0.002319238	0.0572	0.004
0.03211737	0.003044595	0.0637222222222	0.00297777777778
0.02742968	0.003477542	0.062	0.0029
0.04155073	0.001055261	0.0664	0.0036
0.0323343	0.002690957	0.0647222222222	0.00307777777778
0.03502899	0.001612642	0.0642555555556	0.00424444444444
0.03426451	0.004074512	0.0630666666667	0.00293333333333
0.0316873	0.001770539	0.0585666666667	0.00303333333333
0.03558676	0.003387458	0.0590222222222	0.00427777777778
0.02385199	0.002973526	0.0634788888889	0.00431111111111
0.02874474	0.003297718	0.0642777777778	0.00302222222222
0.03059775	0.002152931	0.0594444444444	0.00295555555556
0.03948822	0.00208605	0.0626444444444	0.00435555555556
0.0320595	0.001926275	0.058	0.0031
0.0320083	0.002992473	0.0660555555556	0.00334444444444
0.03520696	0.001743978	0.0614222222222	0.00437777777778
0.04629789	0.002366408	0.0654222222222	0.00317777777778
0.03239802	0.003289974	0.0575111111111	0.00408888888889
0.03161792	0.003552012	0.0605333333333	0.00436666666667
0.02714694	0.00248901	0.0648111111111	0.00418888888889
0.03300258	0.002500279	0.0648222222222	0.00307777777778
0.03890613	0.003466257	0.0596866666667	0.00433333333333
0.03590151	0.003594011	0.0664777777778	0.00362222222222
0.03982101	0.003512448	0.0662333333333	0.00386666666667
0.03866134	0.003991788	0.0659222222222	0.00397777777778
0.03609127	0.003386191	0.0645777777778	0.00422222222222
0.03711768	0.00209154	0.0639111111111	0.00428888888889
0.03341503	0.001626603	0.0582444444444	0.00305555555556
0.02932717	0.002974638	0.0661444444444	0.00335555555556
0.02908428	0.004120215	0.0567888888889	0.00391111111111
0.03110909	0.003313872	0.0657777777778	0.00402222222222
0.0429496	0.002277633	0.0660244444444	0.00395555555556
0.03279854	0.002626488	0.0633666666667	0.00433333333333
0.03133372	0.004703296	0.0633666666667	0.00433333333333
0.03888898	0.002404904	0.0631777777778	0.00292222222222
0.03630182	0.002156272	0.0664	0.0038
0.03087039	0.001801042	0.0616222222222	0.00287777777778
0.02728617	0.002869294	0.0568888888889	0.00331111111111
0.02936141	0.002451335	0.0576666666667	0.00413333333333
0.03553508	0.002265269	0.0665333333333	0.00366666666667
0.02915223	0.001624266	0.0640222222222	0.00297777777778
0.0373888	0.002632291	0.0663	0.0034
0.02714099	0.002078338	0.0566333333333	0.00386666666667
0.03126674	0.002035696	0.0643888888889	0.00301111111111
0.0310616	0.00121278	0.0585444444444	0.00425555555556
0.02327628	0.002307519	0.0594666666667	0.00293333333333
0.03639267	0.00182404	0.0634666666667	0.00293333333333
0.03025549	0.002650525	0.0660111111111	0.00328888888889
0.03881546	0.00200347	0.0656111111111	0.00318888888889
0.03292343	0.003400552	0.0629	0.0029
0.03463482	0.002410632	0.0626222222222	0.00437777777778
0.02940364	0.003434328	0.0633555555556	0.00434444444444
0.02989487	0.002052351	0.0590888888889	0.00431111111111
0.02370641	0.003735424	0.0602722222222	0.00437777777778
0.03378493	0.002897086	0.0623111111111	0.00438888888889
0.02728043	0.003035848	0.0566888888889	0.00391111111111
0.03187609	0.002589396	0.0613333333333	0.00286666666667
0.03282027	0.002880607	0.0582666666667	0.00423333333333
0.03495196	0.002621777	0.0627111111111	0.00288888888889
0.03422709	0.003498369	0.0602222222222	0.00437777777778
0.02875695	0.002813506	0.0627222222222	0.00437777777778
0.03377898	0.003689601	0.058	0.0042
0.03237112	0.00166048	0.0611333333333	0.00286666666667
0.02961751	0.003920729	0.0565444444444	0.00385555555556
0.03610049	0.002839265	0.0661	0.0033
0.04157094	0.002647219	0.0665666666667	0.00373333333333
0.03104206	0.002878141	0.0665666666667	0.00353333333333
0.03487397	0.003804308	0.0664555555556	0.00344444444444
0.02975931	0.004916113	0.0591777777778	0.00432222222222
0.03445565	0.003635442	0.0658666666667	0.00323333333333
0.04101565	0.002927341	0.0661777777778	0.00332222222222
0.03207704	0.002544959	0.0569333333333	0.00326666666667
0.04284289	0.002875577	0.0637777777778	0.00432222222222
0.02529889	0.003152591	0.0604111111111	0.00438888888889
0.02643354	0.002092711	0.0566444444444	0.00335555555556
0.03379322	0.002118645	0.0563133333333	0.00356666666667
0.03410077	0.002221033	0.0664666666667	0.00383333333333
0.03443122	0.001635698	0.0631333333333	0.00436666666667
0.03164825	0.005058224	0.0646555555556	0.00424444444444
0.02927786	0.004408819	0.0603111111111	0.00438888888889
0.03143871	0.004824385	0.0564	0.0038
0.03584932	0.00220197	0.0639888888889	0.00431111111111
0.03792527	0.004527566	0.0639888888889	0.00431111111111
0.03816925	0.001488208	0.0661222222222	0.00397777777778
0.02616689	0.003382121	0.0581666666667	0.00423333333333
0.03308777	0.003010627	0.0647666666667	0.00303333333333
0.04075014	0.002930305	0.0663822222222	0.00337777777778
0.03824127	0.002867338	0.0616888888889	0.00441111111111
0.0379947	0.002592133	0.0610888888889	0.00441111111111
0.02769381	0.001453272	0.0650533333333	0.00306666666667
0.0364954	0.004154638	0.0618888888889	0.00441111111111
0.03166973	0.003039441	0.0572222222222	0.00317777777778
0.02968997	0.002446852	0.0609444444444	0.00285555555556
0.03059531	0.00420353	0.0589777777778	0.00432222222222
0.03548376	0.003292637	0.0634888888889	0.00291111111111
0.03469792	0.002556619	0.0631111111111	0.00288888888889
0.03992034	0.004552783	0.0647555555556	0.00424444444444
0.03382229	0.002884741	0.0626	0.0044
0.03332469	0.002431013	0.0629111111111	0.00438888888889
0.02078544	0.002824586	0.0572888888889	0.00411111111111
0.03176949	0.002505722	0.0580666666667	0.00423333333333
0.03419878	0.00363526	0.0665666666667	0.00343333333333
0.02599049	0.002290291	0.0605888888889	0.00441111111111
0.03798173	0.002233209	0.0615155555556	0.00284444444444
0.03233023	0.003516752	0.0613777777778	0.00442222222222
0.04056117	0.00461388	0.0615777777778	0.00442222222222
0.03439987	0.001970962	0.0627333333333	0.00286666666667
0.03833083	0.002808997	0.0662222222222	0.00397777777778
0.03809947	0.004391036	0.0641888888889	0.00431111111111
0.03311716	0.001955644	0.0656888888889	0.00411111111111
0.02918976	0.001200172	0.0576111111111	0.00308888888889
0.03468605	0.001973018	0.0665222222222	0.00387777777778
0.03521806	0.002312368	0.0565777777778	0.00332222222222
0.02650253	0.002613377	0.0656555555556	0.00314444444444
0.03744743	0.001339029	0.0598222222222	0.00287777777778
0.03011296	0.002715642	0.0662222222222	0.00327777777778
0.03180524	0.002006814	0.0561444444444	0.00365555555556
0.02915846	0.001886261	0.057	0.0032
0.02951762	0.002170109	0.0565888888889	0.00331111111111
0.0262515	0.003300877	0.0587777777778	0.00432222222222
0.03470302	0.002302645	0.0571333333333	0.00316666666667
0.02843228	0.002746825	0.0561666666667	0.00373333333333
0.03300824	0.002238558	0.0667777777778	0.00372222222222
0.03396165	0.002852619	0.0664555555556	0.00334444444444
0.03221706	0.004176687	0.0647333333333	0.00426666666667
0.03128178	0.002955998	0.0561222222222	0.00367777777778
0.02856809	0.003859415	0.0615666666667	0.00283333333333
0.03592682	0.003720491	0.0562444444444	0.00345555555556
0.04398342	0.002239485	0.0623777777778	0.00442222222222
0.03316575	0.003139645	0.0570111111111	0.00318888888889
0.0348345	0.004064854	0.0639555555556	0.00434444444444
0.03431065	0.004395482	0.0604777777778	0.00442222222222
0.0246487	0.004289684	0.0565444444444	0.00395555555556
0.03321661	0.00124873	0.0609666666667	0.00443333333333
0.03285269	0.004002908	0.0588266666667	0.00433333333333
0.02724406	0.002839497	0.066	0.0032
0.02685721	0.002792345	0.0562	0.0038
0.03177858	0.001887317	0.0594222222222	0.00437777777778
0.02612636	0.00303699	0.0561444444444	0.00375555555556
0.03257299	0.003913616	0.0580444444444	0.00425555555556
0.02878919	0.00215171	0.0598	0.0044
0.031849	0.001447994	0.0584333333333	0.00296666666667
0.03335092	0.002351583	0.06316	0.0044
0.03936427	0.004757041	0.06588	0.0041
0.03502602	0.001255318	0.0657777777778	0.00412222222222
0.0297167	0.00311606	0.0577555555556	0.00304444444444
0.03388914	0.001842794	0.0651777777778	0.00422222222222
0.03073484	0.001878263	0.0565333333333	0.00396666666667
0.04093002	0.002798515	0.0663711111111	0.00328888888889
0.0388483	0.002105144	0.0654111111111	0.00418888888889
0.02504813	0.004483996	0.0593222222222	0.00437777777778
0.02923253	0.00213103	0.0579888888889	0.00301111111111
0.03202864	0.004278369	0.0636222222222	0.00437777777778
0.02913972	0.002603351	0.0613755555556	0.00444444444444
0.0377299	0.00170547	0.0562444444444	0.00385555555556
0.03344941	0.001997932	0.0617777777778	0.00282222222222
0.01983337	0.002661509	0.0585777777778	0.00432222222222
0.02549819	0.001597605	0.0574222222222	0.00417777777778
0.03955253	0.003233646	0.0574222222222	0.00417777777778
0.02854823	0.00308518	0.0565	0.0033
0.02635121	0.002179095	0.05699	0.0041
0.02656063	0.003625313	0.0637111111111	0.00288888888889
0.04182775	0.002496256	0.0641555555556	0.00434444444444
0.03691885	0.002034623	0.0597888888889	0.00441111111111
0.03181893	0.003397006	0.0571366666667	0.00413333333333
0.03032982	0.00253599	0.0660111111111	0.00408888888889
0.02516183	0.003117511	0.0587555555556	0.00434444444444
0.03441679	0.003135664	0.0565222222222	0.00327777777778
0.03141437	0.003262609	0.0606555555556	0.00444444444444
0.03492215	0.002521035	0.0662666666667	0.00403333333333
0.04084419	0.002879836	0.0664222222222	0.00327777777778
0.03032405	0.002716829	0.0571555555556	0.00414444444444
0.03162782	0.001594554	0.0560333333333	0.00376666666667
0.04327058	0.003243818	0.0664	0.004
0.02904606	0.001633361	0.0568222222222	0.00407777777778
0.04179103	0.00324176	0.0610444444444	0.00445555555556
0.01730785	0.003500665	0.0594333333333	0.00286666666667
0.03273343	0.002409711	0.0635	0.0044
0.0270877	0.003689752	0.0561444444444	0.00385555555556
0.02635424	0.00245829	0.0658666666667	0.00313333333333
0.03368393	0.002418169	0.0561177777778	0.00342222222222
0.03650787	0.001703884	0.0603777777778	0.00282222222222
0.03490186	0.003101793	0.0572333333333	0.00416666666667
0.03412619	0.00323601	0.0608444444444	0.00445555555556
0.03630273	0.002241211	0.06476	0.0043
0.0301677	0.002535244	0.0641888888889	0.00291111111111
0.02934307	0.001418031	0.0654444444444	0.00305555555556
0.0351711	0.004901611	0.0663777777778	0.00402222222222
0.03580251	0.002530226	0.0602555555556	0.00444444444444
0.0339499	0.002577985	0.0572	0.0031
0.03290211	0.004205046	0.0648	0.0043
0.03088001	0.002819543	0.0560777777778	0.00342222222222
0.03252578	0.003158053	0.0601777777778	0.00282222222222
0.03695348	0.002643653	0.056	0.0038
0.03685215	0.003937527	0.0612333333333	0.00446666666667
0.02164139	0.002910442	0.0561222222222	0.00387777777778
0.03073224	0.001539508	0.0656511111111	0.00418888888889
0.0363708	0.001680557	0.0633555555556	0.00284444444444
0.03326243	0.003428209	0.0590311111111	0.00438888888889
0.0348344	0.003267132	0.0639111111111	0.00438888888889
0.03795965	0.003293854	0.0668422222222	0.00387777777778
0.02309082	0.002306136	0.0573888888889	0.00421111111111
0.03668601	0.002180006	0.0660888888889	0.00411111111111
0.03189811	0.003523476	0.0652444444444	0.00425555555556
0.03647795	0.003597959	0.0654777777778	0.00422222222222
0.02995177	0.003346738	0.0558444444444	0.00365555555556
0.03122819	0.004288377	0.0622333333333	0.00446666666667
0.03509177	0.003252497	0.0561777777778	0.00392222222222
0.03573214	0.002379331	0.0667555555556	0.00334444444444
0.03326673	0.002597755	0.0653455555556	0.00424444444444
0.03846254	0.001954135	0.0641111111111	0.00288888888889
0.03306718	0.00210153	0.0643888888889	0.00291111111111
0.02975684	0.002719841	0.0567111111111	0.00408888888889
0.02973479	0.00379641	0.0614222222222	0.00447777777778
0.03371071	0.003617566	0.0627888888889	0.00281111111111
0.01813938	0.002909932	0.0601444444444	0.00445555555556
0.02582553	0.002600261	0.0589111111111	0.00438888888889
0.03841822	0.001948218	0.0667666666667	0.00393333333333
0.03256651	0.003634195	0.0666111111111	0.00398888888889
0.03020036	0.003983343	0.0593977777778	0.00442222222222
0.02855811	0.003255984	0.0625	0.0028
0.04889634	0.002245983	0.0625	0.0028
0.03829467	0.003975743	0.0664666666667	0.00323333333333
0.03782282	0.002320609	0.0600888888889	0.00281111111111
0.02970976	0.002372816	0.0600888888889	0.00281111111111
0.03169496	0.004200507	0.0647777777778	0.00432222222222
0.02240637	0.002260101	0.0558	0.0037
0.03861558	0.004187745	0.0608222222222	0.00447777777778
0.03086972	0.003929017	0.0667033333333	0.00396666666667
0.03103116	0.001989902	0.0561555555556	0.00394444444444
0.02842672	0.001967015	0.0657333333333	0.00306666666667
0.03137615	0.001751357	0.0572	0.0042
0.03805571	0.002252097	0.0644	0.0029
0.03219353	0.004015803	0.0627333333333	0.00446666666667
0.03818806	0.003232598	0.0669888888889	0.00341111111111
0.02900667	0.002703463	0.0667011111111	0.00328888888889
0.03050474	0.002502236	0.0671555555556	0.00354444444444
0.03858245	0.004406638	0.0656888888889	0.00421111111111
0.03334011	0.001312329	0.0582777777778	0.00292222222222
0.03842788	0.00429431	0.0611222222222	0.00277777777778
0.03436461	0.002148051	0.0618222222222	0.00277777777778
0.02284218	0.002819269	0.0557888888889	0.00351111111111
0.03065508	0.001802886	0.0557888888889	0.00351111111111
0.03590107	0.003111949	0.0628133333333	0.00446666666667
0.03939132	0.002006855	0.0671222222222	0.00377777777778
0.0275123	0.003596045	0.0558333333333	0.00346666666667
0.03880117	0.00505742	0.0661366666667	0.00413333333333
0.03051013	0.001964021	0.067	0.0034
0.0353947	0.003730092	0.0635666666667	0.00443333333333
0.02840384	0.002353814	0.0572777777778	0.00422222222222
0.02800796	0.00192374	0.0620222222222	0.00277777777778
0.04190673	0.002932395	0.0670666666667	0.00383333333333
0.03025139	0.003766863	0.0668666666667	0.00333333333333
0.0197329	0.00307824	0.0557111111111	0.00358888888889
0.02667902	0.00395501	0.0629233333333	0.00446666666667
0.03827951	0.00352884	0.0565222222222	0.00407777777778
0.02973734	0.00191111	0.0594777777778	0.00282222222222
0.03106429	0.003372988	0.0575333333333	0.00426666666667
0.02440173	0.004751555	0.0594555555556	0.00444444444444
0.04016849	0.003597334	0.0642911111111	0.00438888888889
0.02954967	0.003034658	0.06148	0.0045
0.02680864	0.001773631	0.0616	0.0045
0.03684929	0.002911164	0.0650888888889	0.00431111111111
0.03542041	0.00209424	0.0667333333333	0.00326666666667
0.03723633	0.002042711	0.0601111111111	0.00278888888889
0.03816039	0.001572155	0.0668333333333	0.00396666666667
0.03280541	0.002558225	0.0595888888889	0.00281111111111
0.0310115	0.005257246	0.0635555555556	0.00444444444444
