root_height	pop_size	pi_net	pi_within
0.04671	0.004189155	0.0932888888889	0.00721111111111
0.05173356	0.003392356	0.0929444444444	0.00725555555556
0.04211599	0.005819587	0.0936333333333	0.00726666666667
0.03719816	0.004376355	0.0934888888889	0.00721111111111
0.04942874	0.002261139	0.0935	0.0073
0.05455731	0.005406587	0.09359	0.0073
0.06093078	0.006854191	0.0928777777778	0.00722222222222
0.03822044	0.004902126	0.0937333333333	0.00726666666667
0.05118875	0.004498677	0.0937111111111	0.00728888888889
0.04850407	0.00365524	0.0932222222222	0.00717777777778
0.06607348	0.003637185	0.0937777777778	0.00722222222222
0.06318773	0.002018076	0.0936888888889	0.00731111111111
0.05123879	0.004620873	0.0928777777778	0.00732222222222
0.05318483	0.003968879	0.0936777777778	0.00732222222222
0.04389432	0.004990616	0.0934555555556	0.00734444444444
0.0578324	0.003302329	0.0926666666667	0.00723333333333
0.04208706	0.003337998	0.0937311111111	0.00718888888889
0.04108506	0.006109044	0.0938777777778	0.00722222222222
0.05329233	0.005914764	0.0932744444444	0.00735555555556
0.04505065	0.004639303	0.0932444444444	0.00715555555556
0.05530761	0.004952437	0.0937355555556	0.00734444444444
0.0707364	0.003441784	0.0931333333333	0.00736666666667
0.03012596	0.004891098	0.0930333333333	0.00736666666667
0.05552219	0.003033896	0.0935333333333	0.00736666666667
0.06158167	0.004182461	0.0924833333333	0.00726666666667
0.04871875	0.004266278	0.094	0.0072
0.04984419	0.00408055	0.0929333333333	0.00736666666667
0.05135358	0.003302583	0.0938555555556	0.00734444444444
0.0542718	0.003520172	0.0923955555556	0.00724444444444
0.0507221	0.00410003	0.0925111111111	0.00718888888889
0.04237771	0.005181714	0.0923444444444	0.00725555555556
0.04975415	0.004419058	0.0940333333333	0.00716666666667
0.03245118	0.004494343	0.0938955555556	0.00714444444444
0.05528819	0.005952761	0.0942444444444	0.00725555555556
0.04037297	0.002921993	0.0931888888889	0.00711111111111
0.04745054	0.003788178	0.0936777777778	0.00712222222222
0.05123729	0.003335844	0.0940555555556	0.00734444444444
0.05219392	0.004247851	0.0941888888889	0.00731111111111
0.05451646	0.002728573	0.093	0.0074
0.05331431	0.004834953	0.0939555555556	0.00714444444444
0.04248607	0.004352407	0.0936	0.0074
0.04327534	0.005327706	0.0940444444444	0.00735555555556
0.05223859	0.003387663	0.0940444444444	0.00715555555556
0.05750196	0.003048867	0.0938111111111	0.00738888888889
0.05334684	0.002951291	0.09425	0.0072
0.05303186	0.002988607	0.0922888888889	0.00731111111111
0.03881315	0.004929601	0.0922222222222	0.00727777777778
0.03988224	0.006795116	0.0924444444444	0.00735555555556
0.04800014	0.00743735	0.0939666666667	0.00713333333333
0.04584599	0.002824392	0.0925666666667	0.00713333333333
0.05026688	0.00488829	0.0939822222222	0.00737777777778
0.05260617	0.002837087	0.0925222222222	0.00737777777778
0.04909721	0.003252809	0.0940666666667	0.00713333333333
0.05026027	0.006676418	0.0924666666667	0.00713333333333
0.05566257	0.008286751	0.0944555555556	0.00724444444444
0.04619972	0.003068649	0.0944555555556	0.00724444444444
0.04443591	0.003536007	0.0921111111111	0.00728888888889
0.05021191	0.004357374	0.09396	0.0074
0.05293422	0.004268387	0.0932666666667	0.00743333333333
0.04922951	0.004969805	0.0942333333333	0.00736666666667
0.0571946	0.005131523	0.0940088888889	0.00711111111111
0.04880039	0.007581885	0.09262	0.0071
0.01954619	0.005235041	0.0920444444444	0.00725555555556
0.05139049	0.003420448	0.0926	0.0071
0.055261	0.00238764	0.0924111111111	0.00738888888889
0.04745784	0.006425766	0.0943244444444	0.00735555555556
0.05304221	0.002439315	0.0929066666667	0.00743333333333
0.04072948	0.003988009	0.0936666666667	0.00743333333333
0.05704238	0.003834773	0.0945	0.0073
0.05259425	0.003830181	0.0933333333333	0.00706666666667
0.04734343	0.00436376	0.0932133333333	0.00706666666667
0.05962661	0.006778235	0.0934333333333	0.00706666666667
0.04036667	0.002758364	0.0937666666667	0.00743333333333
0.0399165	0.005354196	0.0921133333333	0.00716666666667
0.03877069	0.003767759	0.0920666666667	0.00733333333333
0.05209246	0.004160396	0.0919555555556	0.00724444444444
0.0447822	0.00461752	0.0922222222222	0.00737777777778
0.05692482	0.00337654	0.0933444444444	0.00745555555556
0.04692704	0.002048143	0.0934444444444	0.00705555555556
0.05245933	0.003086069	0.0946111111111	0.00728888888889
0.04202085	0.003744947	0.0926222222222	0.00707777777778
0.05346153	0.006267689	0.0940811111111	0.00708888888889
0.04353801	0.004573146	0.0918933333333	0.00726666666667
0.04944533	0.003522472	0.0945333333333	0.00716666666667
0.05752942	0.003366616	0.0945866666667	0.00733333333333
0.0525822	0.003810167	0.0932355555556	0.00704444444444
0.04207548	0.003737584	0.0931955555556	0.00704444444444
0.0310987	0.004917687	0.0923911111111	0.00708888888889
0.05373791	0.002712407	0.0935555555556	0.00704444444444
0.0485349	0.004114349	0.0944666666667	0.00713333333333
0.0508785	0.003024339	0.09469	0.0073
0.04055665	0.003642037	0.0942111111111	0.00708888888889
0.04542625	0.008598837	0.0940333333333	0.00706666666667
0.05248017	0.004511762	0.0943888888889	0.00711111111111
0.04860223	0.008270897	0.0928333333333	0.00746666666667
0.04820782	0.002679975	0.0923666666667	0.00743333333333
0.05432057	0.003338191	0.0939444444444	0.00705555555556
0.03870408	0.005417142	0.0921288888889	0.00711111111111
0.05084983	0.004998652	0.0937855555556	0.00704444444444
0.04908729	0.002785522	0.0930266666667	0.00703333333333
0.05333134	0.004153447	0.0939844444444	0.00745555555556
0.04756416	0.00460427	0.0941555555556	0.00744444444444
0.05681014	0.005651322	0.0923755555556	0.00744444444444
0.05187448	0.003160766	0.0937222222222	0.00747777777778
0.04473082	0.003009404	0.0943611111111	0.00708888888889
0.05126626	0.00495376	0.0927666666667	0.00703333333333
0.05363691	0.002629975	0.0948555555556	0.00724444444444
0.04878315	0.003750115	0.0925333333333	0.00746666666667
0.03005126	0.005364696	0.09206	0.0071
0.04385255	0.003537137	0.0916888888889	0.00721111111111
0.0486861	0.004955794	0.0941844444444	0.00705555555556
0.05817755	0.004507662	0.0917177777778	0.00732222222222
0.05195673	0.004139783	0.0918666666667	0.00713333333333
0.05762005	0.003887731	0.0948888888889	0.00731111111111
0.04622637	0.004232878	0.0949266666667	0.00723333333333
0.04334056	0.006781446	0.0916711111111	0.00718888888889
0.04480845	0.002862732	0.0921022222222	0.00707777777778
0.0463322	0.003975007	0.0926777777778	0.00702222222222
0.05487437	0.004861343	0.0948666666667	0.00733333333333
0.05659434	0.004123408	0.0928888888889	0.00701111111111
0.0513506	0.006618924	0.0948555555556	0.00734444444444
0.0485296	0.004178066	0.0947666666667	0.00713333333333
0.05441284	0.008059951	0.0946788888889	0.00711111111111
0.04792491	0.002675591	0.0918688888889	0.00711111111111
0.05403763	0.004579192	0.0915622222222	0.00727777777778
0.05056416	0.003476616	0.0950022222222	0.00727777777778
0.06095135	0.004221423	0.0917422222222	0.00737777777778
0.04793818	0.003840339	0.0946688888889	0.00741111111111
0.04925075	0.002908832	0.0949422222222	0.00717777777778
0.04434956	0.00350627	0.0947777777778	0.00712222222222
0.0514369	0.002967171	0.0917222222222	0.00737777777778
0.04588548	0.004339841	0.0949777777778	0.00732222222222
0.05063154	0.006611663	0.0916444444444	0.00715555555556
0.0353123	0.003954863	0.09475	0.0074
0.05781721	0.003954907	0.0917888888889	0.00711111111111
0.03571333	0.006713135	0.0945922222222	0.00707777777778
0.04835323	0.004330837	0.0930777777778	0.00752222222222
0.04940512	0.00186368	0.0914911111111	0.00728888888889
0.04145618	0.004868726	0.0941777777778	0.00702222222222
0.04844615	0.002964869	0.09246	0.0075
0.03401895	0.004472973	0.0915644444444	0.00715555555556
0.05935082	0.003130534	0.0919333333333	0.00706666666667
0.04605718	0.00552079	0.0933666666667	0.00753333333333
0.05880708	0.003829902	0.0925288888889	0.00751111111111
0.04789868	0.003857384	0.0921422222222	0.00747777777778
0.05322141	0.005237923	0.0918266666667	0.00743333333333
0.04578118	0.006688819	0.0921222222222	0.00747777777778
0.04664816	0.003918707	0.0929466666667	0.00753333333333
0.05032338	0.004553671	0.0951111111111	0.00718888888889
0.0436686	0.002590443	0.0945333333333	0.00746666666667
0.0619123	0.003133165	0.0949822222222	0.00737777777778
0.04154737	0.003750969	0.0916011111111	0.00738888888889
0.0509576	0.004318236	0.0914	0.0073
0.04578036	0.006588116	0.0922888888889	0.00701111111111
0.05534264	0.003523455	0.0943777777778	0.00702222222222
0.05131192	0.00401128	0.0913555555556	0.00724444444444
0.05482506	0.005000224	0.0927766666667	0.00753333333333
0.04847168	0.003562025	0.0950222222222	0.00737777777778
0.05492527	0.005640128	0.0925277777778	0.00752222222222
0.0536251	0.003706358	0.0925111111111	0.00698888888889
0.04514462	0.005354653	0.0940511111111	0.00698888888889
0.04757246	0.003322338	0.0923	0.007
0.04961174	0.004885454	0.0916	0.0071
0.05263442	0.004795572	0.0948666666667	0.00743333333333
0.05061818	0.004774752	0.0941777777778	0.00752222222222
0.05635315	0.005450409	0.0920111111111	0.00748888888889
0.04738805	0.005256361	0.0923477777778	0.00752222222222
0.04152282	0.004443084	0.0944888888889	0.00701111111111
0.05935651	0.003528101	0.0952777777778	0.00732222222222
0.05631	0.005473389	0.0913555555556	0.00714444444444
0.04302013	0.008244212	0.0919277777778	0.00702222222222
0.05342557	0.005356593	0.0921	0.007
0.04922703	0.005850783	0.0927244444444	0.00755555555556
0.05928251	0.003267439	0.0938244444444	0.00755555555556
0.04512245	0.003950244	0.0953022222222	0.00717777777778
0.05143554	0.00221907	0.0913777777778	0.00712222222222
0.05879041	0.00778087	0.0945888888889	0.00701111111111
0.05720788	0.005737798	0.0929933333333	0.00756666666667
0.04987354	0.004046872	0.0949044444444	0.00745555555556
0.04979144	0.003148808	0.0912455555556	0.00734444444444
0.04940425	0.00351298	0.0950777777778	0.00742222222222
0.04124242	0.003212963	0.0912022222222	0.00717777777778
0.05455817	0.005849879	0.0912444444444	0.00735555555556
0.04579843	0.003761784	0.0922066666667	0.00753333333333
0.04380142	0.003410908	0.0940444444444	0.00695555555556
0.05037757	0.006881833	0.0912555555556	0.00714444444444
0.05189871	0.002241548	0.0932666666667	0.00693333333333
0.05212787	0.00414737	0.0954	0.0072
0.05296762	0.001597367	0.0946888888889	0.00701111111111
0.05053543	0.005502249	0.0924444444444	0.00695555555556
0.04959472	0.003246519	0.0924444444444	0.00695555555556
0.05015575	0.004588816	0.0924444444444	0.00695555555556
0.05419999	0.003343917	0.0949944444444	0.00745555555556
0.05378987	0.005157451	0.0954555555556	0.00724444444444
0.04674276	0.005383458	0.0922555555556	0.00754444444444
0.04396906	0.003943813	0.0911	0.0073
0.04209659	0.006451369	0.0928622222222	0.00757777777778
0.04853275	0.004430747	0.09181	0.0075
0.04725614	0.003819563	0.0954666666667	0.00723333333333
0.05457584	0.002624013	0.0917888888889	0.00701111111111
0.05639425	0.003613044	0.0954222222222	0.00717777777778
0.05518905	0.002461643	0.0916222222222	0.00747777777778
0.04475492	0.002729195	0.0914944444444	0.00745555555556
0.04839659	0.005917482	0.0940855555556	0.00694444444444
0.05522532	0.003853399	0.0948777777778	0.00702222222222
0.05081627	0.001940202	0.0948777777778	0.00702222222222
0.04419696	0.004408985	0.0930777777778	0.00692222222222
0.06596786	0.004272447	0.0939366666667	0.00693333333333
0.05220029	0.00546305	0.0943044444444	0.00695555555556
0.04561207	0.00476221	0.0910222222222	0.00727777777778
0.04556258	0.006020737	0.0910955555556	0.00734444444444
0.03663876	0.005943333	0.0911333333333	0.00736666666667
0.05383743	0.005352386	0.0941833333333	0.00756666666667
0.06448484	0.007153203	0.0916888888889	0.00701111111111
0.0419566	0.00660336	0.0913733333333	0.00706666666667
0.05890815	0.003137511	0.0947111111111	0.00698888888889
0.04180482	0.00419655	0.0947111111111	0.00698888888889
0.06075472	0.003581728	0.0955666666667	0.00723333333333
0.04399388	0.003438024	0.0915222222222	0.00747777777778
0.05075373	0.004621217	0.0927111111111	0.00758888888889
0.0263915	0.005277351	0.0932088888889	0.00691111111111
0.05257963	0.004421754	0.0952977777778	0.00742222222222
0.04706981	0.004028909	0.0944244444444	0.00695555555556
0.04332883	0.003385674	0.0910444444444	0.00715555555556
0.06565218	0.003138183	0.0954	0.0074
0.04806087	0.004320765	0.0910555555556	0.00714444444444
0.04902906	0.002233863	0.0955888888889	0.00731111111111
0.048804	0.003587487	0.0912111111111	0.00708888888889
0.04266316	0.00386143	0.0912955555556	0.00744444444444
0.04535089	0.00305066	0.0948888888889	0.00751111111111
0.04674907	0.002935598	0.09094	0.0073
0.04138965	0.004966556	0.0955444444444	0.00735555555556
0.04868835	0.003484773	0.0908955555556	0.00724444444444
0.04957842	0.005843209	0.0950777777778	0.00702222222222
0.04657924	0.00454444	0.0924177777778	0.00692222222222
0.05596425	0.004257893	0.0944555555556	0.00694444444444
0.04494741	0.004209201	0.0910222222222	0.00737777777778
0.05823181	0.003413527	0.0919444444444	0.00695555555556
0.05611343	0.004268214	0.0954111111111	0.00708888888889
0.04679004	0.003166538	0.0908888888889	0.00731111111111
0.05959328	0.002289057	0.0923177777778	0.00692222222222
0.04377109	0.002894896	0.0908444444444	0.00725555555556
0.05554829	0.00511544	0.0925	0.0076
0.04326526	0.004369195	0.0908333333333	0.00726666666667
0.05840924	0.00636786	0.0938288888889	0.00761111111111
0.04730082	0.003774701	0.0912244444444	0.00705555555556
0.05194488	0.002939829	0.0909666666667	0.00713333333333
0.04832382	0.004201562	0.0951	0.0075
0.04254322	0.006685092	0.0934177777778	0.00762222222222
0.05897688	0.002118022	0.0956355555556	0.00714444444444
0.04961043	0.005063134	0.0911333333333	0.00706666666667
0.05136313	0.002104613	0.0907777777778	0.00722222222222
0.03672372	0.004383696	0.0957711111111	0.00728888888889
0.05505735	0.004278515	0.0927111111111	0.00688888888889
0.04739147	0.004719252	0.0908444444444	0.00715555555556
0.03795595	0.005466459	0.0914911111111	0.00698888888889
0.05360218	0.003777654	0.09412	0.0069
0.05015137	0.004329615	0.0908155555556	0.00734444444444
0.05766595	0.003699217	0.0956477777778	0.00712222222222
0.04681664	0.008424332	0.0916333333333	0.00696666666667
0.05593851	0.004862453	0.0923888888889	0.00761111111111
0.04896762	0.005563939	0.0952777777778	0.00702222222222
0.049653	0.003783962	0.0908033333333	0.00716666666667
0.04629937	0.004555258	0.0958	0.0073
0.05375049	0.003227532	0.0914577777778	0.00752222222222
0.04207148	0.004521121	0.0911555555556	0.00704444444444
0.05427461	0.004312649	0.0949555555556	0.00754444444444
0.04809326	0.004174336	0.0909	0.0074
0.03740423	0.00480401	0.0907177777778	0.00722222222222
0.04408607	0.003990865	0.0937322222222	0.00687777777778
0.05337846	0.004195202	0.0958455555556	0.00724444444444
0.04822421	0.006771649	0.0907111111111	0.00728888888889
0.0419523	0.004482663	0.0911666666667	0.00703333333333
0.04480847	0.006234362	0.0924777777778	0.00762222222222
0.04860695	0.004300829	0.0945777777778	0.00692222222222
0.04979837	0.003902763	0.09226	0.0069
0.03422042	0.005389963	0.0921	0.0076
0.04909397	0.001893331	0.0931555555556	0.00764444444444
0.04690587	0.005654423	0.0906777777778	0.00722222222222
0.04618474	0.005281518	0.09434	0.0069
0.04584015	0.004397516	0.0939222222222	0.00687777777778
0.04935632	0.003178302	0.0912388888889	0.00701111111111
0.03621207	0.006491538	0.0908688888889	0.00741111111111
0.04822698	0.004406309	0.0943888888889	0.00761111111111
0.0452414	0.003562061	0.0907133333333	0.00716666666667
0.05460994	0.005371969	0.0910555555556	0.00704444444444
0.04584734	0.00268832	0.0956711111111	0.00708888888889
0.03666589	0.007047196	0.0908088888889	0.00711111111111
0.03161396	0.008720624	0.0940766666667	0.00763333333333
0.03671182	0.003499984	0.0920888888889	0.00761111111111
0.04825685	0.005567386	0.0951766666667	0.00753333333333
0.05374216	0.00512784	0.0938333333333	0.00686666666667
0.05204314	0.004273818	0.0949333333333	0.00756666666667
0.06022665	0.00403908	0.0914333333333	0.00696666666667
0.05098336	0.002847647	0.09192	0.0076
0.05619127	0.007478572	0.0926555555556	0.00764444444444
0.04392761	0.005692379	0.09078	0.0074
0.04524901	0.00493924	0.0932444444444	0.00765555555556
0.05148827	0.002668015	0.0941666666667	0.00763333333333
0.05475247	0.00366837	0.0955555555556	0.00704444444444
0.05247339	0.007191812	0.0958555555556	0.00714444444444
0.04931468	0.004401654	0.0917777777778	0.00692222222222
0.04348318	0.004129945	0.0930444444444	0.00765555555556
0.05225094	0.002691644	0.0909444444444	0.00705555555556
0.05639977	0.004851334	0.0952222222222	0.00697777777778
0.04267101	0.005698906	0.0929444444444	0.00685555555556
0.04528606	0.004733109	0.0911888888889	0.00751111111111
0.05687807	0.004793976	0.0906	0.0072
0.05336876	0.002357983	0.0925333333333	0.00686666666667
0.05213346	0.003371807	0.0948111111111	0.00758888888889
0.04534134	0.002900633	0.0915333333333	0.00756666666667
0.04553251	0.004064094	0.0907111111111	0.00738888888889
0.05174348	0.003867257	0.0946	0.0069
0.05289985	0.004670203	0.0924555555556	0.00764444444444
0.05093004	0.003363768	0.0927444444444	0.00685555555556
0.05053685	0.004129019	0.0944711111111	0.00688888888889
0.03340832	0.004165542	0.0912666666667	0.00753333333333
0.05345042	0.004222022	0.0918	0.0076
0.04769831	0.003716132	0.0922222222222	0.00687777777778
0.05376579	0.004523442	0.0905333333333	0.00726666666667
0.05591167	0.004453727	0.0906333333333	0.00736666666667
0.05391124	0.004137502	0.0906333333333	0.00736666666667
0.0435242	0.003534493	0.0954888888889	0.00701111111111
0.04148482	0.005138199	0.0957722222222	0.00707777777778
0.04838878	0.003372989	0.0936133333333	0.00766666666667
0.05116659	0.00395469	0.0929333333333	0.00766666666667
0.05244055	0.002560187	0.0959555555556	0.00714444444444
0.0524056	0.003679444	0.0953666666667	0.00753333333333
0.03490601	0.007132508	0.0960322222222	0.00717777777778
0.05395795	0.005260436	0.0960777777778	0.00722222222222
0.04622172	0.004312562	0.0933666666667	0.00683333333333
0.05112699	0.003178568	0.0931666666667	0.00683333333333
0.04742333	0.005084767	0.0958466666667	0.00743333333333
0.0573404	0.004393854	0.0958811111111	0.00708888888889
0.05496473	0.002513918	0.0936122222222	0.00767777777778
0.04628804	0.002603833	0.09484	0.0069
0.04517407	0.003126348	0.0944333333333	0.00686666666667
0.0557293	0.006262652	0.0913155555556	0.00694444444444
0.05064573	0.005225712	0.0961333333333	0.00726666666667
0.05335597	0.002025802	0.0955111111111	0.00698888888889
0.044897	0.005932402	0.0957222222222	0.00747777777778
0.04584464	0.004790992	0.0949	0.0069
0.04797188	0.00282877	0.0910111111111	0.00698888888889
0.04520795	0.003396658	0.0908511111111	0.00748888888889
0.06208879	0.003528341	0.0953444444444	0.00755555555556
0.04821468	0.005215609	0.0911333333333	0.00696666666667
0.04420444	0.007709799	0.0908022222222	0.00747777777778
0.05274691	0.005968959	0.0908888888889	0.00701111111111
0.04811906	0.005159012	0.0918666666667	0.00763333333333
0.05141953	0.00302313	0.0958444444444	0.00705555555556
0.04461662	0.008772394	0.0932577777778	0.00682222222222
0.04129097	0.005481857	0.0916	0.0069
0.04807431	0.005039311	0.0915888888889	0.00761111111111
0.05594846	0.005250863	0.0909577777778	0.00752222222222
0.04560923	0.003649804	0.0936777777778	0.00682222222222
0.04976362	0.005590659	0.0952666666667	0.00693333333333
0.04207943	0.005185413	0.0958555555556	0.00704444444444
0.03018439	0.00586916	0.0917666666667	0.00763333333333
0.04375303	0.005912768	0.0911933333333	0.00756666666667
0.05214895	0.002645381	0.0960288888889	0.00741111111111
0.04932845	0.004237425	0.0943333333333	0.00766666666667
0.03955749	0.005165438	0.0957777777778	0.00702222222222
0.04397308	0.005921528	0.0906444444444	0.00705555555556
0.05020878	0.004138024	0.0962222222222	0.00727777777778
0.06286532	0.006488416	0.0954444444444	0.00755555555556
0.04140498	0.004776674	0.0945344444444	0.00685555555556
0.03760932	0.005877888	0.0957	0.007
0.04639385	0.004377547	0.0931888888889	0.00681111111111
0.04492613	0.005522203	0.09349	0.0077
0.05670866	0.002146256	0.0959444444444	0.00745555555556
0.04721355	0.003184083	0.0950888888889	0.00761111111111
0.05926143	0.002698751	0.0956222222222	0.00697777777778
0.05025996	0.005404051	0.09291	0.0077
0.04725688	0.005309839	0.0946244444444	0.00685555555556
0.05529638	0.004183934	0.0960888888889	0.00741111111111
0.04966985	0.00561711	0.0960888888889	0.00741111111111
0.04300362	0.00516061	0.0928488888889	0.00681111111111
0.05191056	0.004436534	0.0946444444444	0.00685555555556
0.04865832	0.004850097	0.0906155555556	0.00704444444444
0.05180942	0.004033936	0.0957211111111	0.00698888888889
0.05058718	0.004082813	0.0962888888889	0.00731111111111
0.04559247	0.005218512	0.0912888888889	0.00691111111111
0.05606688	0.004882074	0.0948555555556	0.00764444444444
0.04552197	0.005379723	0.0932688888889	0.00771111111111
0.0513143	0.003369156	0.0934788888889	0.00771111111111
0.05799454	0.004886493	0.0929888888889	0.00771111111111
0.04420217	0.005225689	0.0917844444444	0.00685555555556
0.05340364	0.004745449	0.0959111111111	0.00748888888889
0.05011969	0.002672429	0.0935888888889	0.00771111111111
0.0538887	0.005367261	0.0953777777778	0.00692222222222
0.05989538	0.004693687	0.0903888888889	0.00741111111111
0.05701596	0.003282124	0.0922711111111	0.00768888888889
0.05020743	0.005093327	0.0953	0.0076
0.06290189	0.003474073	0.0950222222222	0.00687777777778
0.05372317	0.003088242	0.0960444444444	0.00745555555556
0.0485216	0.003266795	0.0936888888889	0.00771111111111
0.05242217	0.005764311	0.0937	0.0068
0.06029729	0.001923251	0.0963555555556	0.00724444444444
0.04278544	0.005499552	0.0906111111111	0.00748888888889
0.0350374	0.005857069	0.0948244444444	0.00685555555556
0.06340033	0.007834311	0.0959	0.0075
0.05828953	0.004053368	0.0908555555556	0.00754444444444
0.04756078	0.004327053	0.0958111111111	0.00698888888889
0.05488534	0.003565993	0.0948444444444	0.00685555555556
0.05766676	0.005266037	0.0960222222222	0.00747777777778
0.0411144	0.006949202	0.0901455555556	0.00724444444444
0.04185936	0.006411777	0.0916444444444	0.00685555555556
0.04762026	0.00354494	0.0942888888889	0.00681111111111
0.05101283	0.003227406	0.0913111111111	0.00688888888889
0.04813248	0.006951955	0.0905888888889	0.00701111111111
0.03648316	0.00761039	0.0961555555556	0.00744444444444
0.04811731	0.00513024	0.0958222222222	0.00697777777778
0.04563074	0.003739247	0.0912911111111	0.00688888888889
0.03272607	0.004399912	0.0962888888889	0.00711111111111
0.04348199	0.006502735	0.0959388888889	0.00751111111111
0.05261111	0.005343286	0.0903366666667	0.00743333333333
0.04842578	0.002275099	0.0963555555556	0.00714444444444
0.06024061	0.004831597	0.0924	0.0068
0.05246215	0.004552535	0.0941888888889	0.00771111111111
0.05359801	0.006342657	0.0912377777778	0.00762222222222
0.04465799	0.00354757	0.0964222222222	0.00717777777778
0.01966862	0.004630746	0.0932622222222	0.00677777777778
0.0588296	0.006723746	0.0900744444444	0.00725555555556
0.03992525	0.004057342	0.0901444444444	0.00715555555556
0.04126655	0.00453684	0.0901444444444	0.00715555555556
0.04527193	0.004320861	0.0903333333333	0.00706666666667
0.0526597	0.002458179	0.0930222222222	0.00677777777778
0.04619359	0.005955234	0.0907155555556	0.00754444444444
0.04841255	0.003725778	0.0900666666667	0.00723333333333
0.04228964	0.005606411	0.0942888888889	0.00771111111111
0.04948197	0.00431259	0.0914944444444	0.00685555555556
0.05208724	0.004296212	0.0962666666667	0.00743333333333
0.04319191	0.003338114	0.0901333333333	0.00736666666667
0.04503368	0.003275176	0.0906222222222	0.00697777777778
0.04954945	0.002588094	0.0959777777778	0.00752222222222
0.04262646	0.004397326	0.0961622222222	0.00747777777778
0.05909216	0.003052872	0.0965222222222	0.00727777777778
0.03572205	0.007991015	0.0938666666667	0.00773333333333
0.05308096	0.003739448	0.0961666666667	0.00703333333333
0.03828038	0.005128914	0.0905	0.007
0.04968298	0.002659124	0.0939222222222	0.00677777777778
0.05489235	0.004475923	0.0926222222222	0.00677777777778
0.05114519	0.004048285	0.0906455555556	0.00754444444444
0.04985293	0.006989033	0.0964555555556	0.00714444444444
0.05203233	0.005316962	0.0904888888889	0.00751111111111
0.04630013	0.003727191	0.0911111111111	0.00688888888889
0.05517815	0.00351888	0.0933555555556	0.00774444444444
0.05744331	0.007164421	0.0930555555556	0.00774444444444
0.05443361	0.005123587	0.0962333333333	0.00746666666667
0.04970909	0.008296634	0.0963577777778	0.00742222222222
0.05646695	0.003673874	0.0935333333333	0.00676666666667
0.05539997	0.006306768	0.0959333333333	0.00696666666667
0.05077993	0.00680129	0.09	0.0073
0.03046337	0.005084438	0.09042	0.0075
0.04622846	0.003334729	0.0960477777778	0.00752222222222
0.04720529	0.005618983	0.0943377777778	0.00772222222222
0.03886954	0.005431311	0.0962222222222	0.00747777777778
0.05143829	0.004872534	0.0961	0.007
0.04533248	0.003283527	0.0904388888889	0.00751111111111
0.04572024	0.004437842	0.0903888888889	0.00701111111111
0.04512466	0.006107803	0.0908177777778	0.00692222222222
0.03760085	0.002502329	0.0905122222222	0.00697777777778
0.05090213	0.006602981	0.0900044444444	0.00715555555556
0.06542472	0.004831915	0.0966	0.0073
0.04875296	0.004628731	0.0920777777778	0.00772222222222
0.04089793	0.004911087	0.0958955555556	0.00694444444444
0.05024802	0.003508888	0.0931444444444	0.00675555555556
0.04951	0.00444549	0.0961111111111	0.00698888888889
0.03980195	0.004163735	0.0929444444444	0.00775555555556
0.05568785	0.004534168	0.0940555555556	0.00774444444444
0.05807823	0.003955827	0.0917	0.0077
0.04808215	0.004083239	0.0909711111111	0.00688888888889
0.0608133	0.003004947	0.0966111111111	0.00718888888889
0.04294358	0.005546162	0.0964788888889	0.00741111111111
0.04563377	0.004244392	0.0904077777778	0.00752222222222
0.05628174	0.004093998	0.0916688888889	0.00681111111111
0.03882244	0.006912698	0.0915377777778	0.00682222222222
0.04715309	0.003601555	0.0955222222222	0.00687777777778
0.05415912	0.003886694	0.0912044444444	0.00685555555556
0.05574666	0.007323256	0.0953444444444	0.00685555555556
0.04952933	0.005334116	0.09166	0.0077
0.05259789	0.005160346	0.0960533333333	0.00696666666667
0.05259198	0.004337139	0.0941555555556	0.00774444444444
0.0396101	0.00255248	0.0949	0.0077
0.04477311	0.005942663	0.0956888888889	0.00761111111111
0.05662652	0.004283008	0.0966666666667	0.00723333333333
0.06449413	0.002203957	0.0899444444444	0.00735555555556
0.04926637	0.00355608	0.0923555555556	0.00774444444444
0.05514755	0.003842428	0.0956377777778	0.00762222222222
0.04631273	0.003510289	0.0966777777778	0.00722222222222
0.05330872	0.003247332	0.0957888888889	0.00691111111111
0.05583511	0.003850446	0.0961911111111	0.00698888888889
0.05949472	0.008803985	0.0964244444444	0.00745555555556
0.0619587	0.003689176	0.0899333333333	0.00736666666667
0.06988771	0.003413391	0.0965111111111	0.00708888888889
0.05088759	0.003705428	0.0925444444444	0.00775555555556
0.04867201	0.003623097	0.09	0.0071
0.05483578	0.003828323	0.0953333333333	0.00766666666667
0.04163014	0.002884455	0.0967	0.0073
0.05590961	0.003083847	0.0954444444444	0.00685555555556
0.04464561	0.002727878	0.0899888888889	0.00741111111111
0.05544151	0.003686021	0.0948888888889	0.00771111111111
0.04973596	0.007299712	0.0915	0.0077
0.04219775	0.003790153	0.0921333333333	0.00676666666667
0.05190554	0.002114461	0.0901777777778	0.00702222222222
0.04969622	0.003734829	0.0967177777778	0.00732222222222
0.05062707	0.003680114	0.0923044444444	0.00775555555556
0.05212886	0.005534488	0.0958888888889	0.00691111111111
0.04188552	0.00391104	0.0898333333333	0.00716666666667
0.04208444	0.004358225	0.0933222222222	0.00777777777778
0.05592285	0.00283516	0.0934066666667	0.00673333333333
0.0473034	0.002964274	0.0913111111111	0.00768888888889
0.04052125	0.007000879	0.0897777777778	0.00722222222222
0.05073499	0.003048104	0.0899	0.0074
0.04846917	0.005514328	0.0899	0.0074
0.06460836	0.005765039	0.0948777777778	0.00772222222222
0.04493916	0.004832466	0.0918222222222	0.00677777777778
0.03652151	0.008615571	0.0898777777778	0.00712222222222
0.04041945	0.004124882	0.0936266666667	0.00673333333333
0.04919961	0.003878	0.0919933333333	0.00676666666667
0.04017779	0.005282736	0.0900555555556	0.00704444444444
0.05355645	0.005560715	0.0936666666667	0.00673333333333
0.04231815	0.003814767	0.0966111111111	0.00708888888889
0.05940483	0.002956109	0.0966111111111	0.00708888888889
0.05371236	0.004410345	0.0950488888889	0.00771111111111
0.03084075	0.004071405	0.0927722222222	0.00777777777778
0.04636703	0.003587111	0.0960111111111	0.00758888888889
0.05372308	0.004497068	0.0921044444444	0.00775555555556
0.03911034	0.006391567	0.0939066666667	0.00673333333333
0.05899162	0.004928245	0.0962555555556	0.00754444444444
0.04507044	0.004233377	0.0961555555556	0.00694444444444
0.04407235	0.004948295	0.0967533333333	0.00736666666667
0.05072344	0.006293692	0.09132	0.0077
0.04902221	0.003463166	0.0913188888889	0.00681111111111
0.04605436	0.003660109	0.0955333333333	0.00766666666667
0.05049118	0.004541303	0.0968311111111	0.00728888888889
0.05210166	0.003738124	0.096	0.0076
0.04785771	0.004016411	0.0934577777778	0.00672222222222
0.06099498	0.002333693	0.0909044444444	0.00765555555556
0.03212896	0.003995592	0.0914	0.0068
0.05444711	0.006127214	0.0925022222222	0.00777777777778
0.04022868	0.003737476	0.0963777777778	0.00752222222222
0.04154637	0.005391441	0.0953777777778	0.00682222222222
0.05081689	0.004076382	0.0952888888889	0.00681111111111
0.05025763	0.003019023	0.0909555555556	0.00684444444444
0.05573908	0.005404382	0.0898	0.0074
0.04715508	0.004163143	0.0910322222222	0.00767777777778
0.06337721	0.003814504	0.0944555555556	0.00674444444444
0.03252591	0.003550914	0.0910977777778	0.00682222222222
0.05272628	0.005072531	0.0901111111111	0.00698888888889
0.05098358	0.004065519	0.0968444444444	0.00735555555556
0.04968137	0.004151935	0.0898111111111	0.00708888888889
0.04789608	0.006125704	0.0968222222222	0.00737777777778
0.0512335	0.004480528	0.0933488888889	0.00671111111111
0.05292413	0.002053757	0.0933888888889	0.00671111111111
0.05658631	0.003410321	0.0961	0.0076
0.05830253	0.004080817	0.09528	0.0068
0.04331856	0.001879994	0.0958333333333	0.00686666666667
0.03749233	0.003074731	0.0953	0.0068
0.05071215	0.005588069	0.0899222222222	0.00747777777778
0.05517582	0.005402876	0.0937288888889	0.00671111111111
0.05425736	0.003147585	0.0956222222222	0.00767777777778
0.04613628	0.002651133	0.0917444444444	0.00675555555556
0.04591295	0.002713092	0.0937888888889	0.00671111111111
0.04663435	0.005074783	0.0898444444444	0.00705555555556
0.03975621	0.005798029	0.09001	0.007
0.04404593	0.004393315	0.0903377777778	0.00692222222222
0.05116869	0.004793001	0.0927	0.0078
0.04531503	0.004601742	0.0927	0.0078
0.04641148	0.004389428	0.0944566666667	0.00673333333333
0.03917872	0.004548876	0.0896444444444	0.00735555555556
0.04922941	0.004952874	0.0965111111111	0.00698888888889
0.04342692	0.002998536	0.0897	0.0074
0.04239299	0.00594324	0.0957555555556	0.00684444444444
0.05557192	0.002912733	0.0900666666667	0.00753333333333
0.05081924	0.00455481	0.0905566666667	0.00763333333333
0.03385881	0.00812653	0.0948844444444	0.00775555555556
0.05531487	0.005096823	0.0900111111111	0.00698888888889
0.03957738	0.005048566	0.0913666666667	0.00773333333333
0.05474608	0.002073585	0.0925	0.0078
0.06327263	0.007223911	0.0924888888889	0.00671111111111
0.04043332	0.005777196	0.0969555555556	0.00734444444444
0.05314263	0.005722027	0.0969444444444	0.00735555555556
0.05054148	0.006742894	0.0906744444444	0.00765555555556
0.04767819	0.003630554	0.0949444444444	0.00675555555556
0.04801959	0.003463267	0.0917555555556	0.00674444444444
0.04975897	0.003805605	0.0970111111111	0.00728888888889
0.05663998	0.007752751	0.0970088888889	0.00721111111111
0.03319992	0.005778282	0.0944777777778	0.00672222222222
0.05666581	0.003432685	0.0916933333333	0.00776666666667
0.05926103	0.006333343	0.0948555555556	0.00674444444444
0.05510061	0.00250271	0.0951555555556	0.00774444444444
0.05368462	0.004677005	0.0968333333333	0.00706666666667
0.05367333	0.003292754	0.0968666666667	0.00743333333333
0.04605472	0.003962023	0.0918222222222	0.00777777777778
0.04624711	0.00390698	0.0916333333333	0.00776666666667
0.05450997	0.003061904	0.0916333333333	0.00776666666667
0.05323405	0.004431361	0.0968533333333	0.00706666666667
0.05386901	0.003710714	0.0924888888889	0.00781111111111
0.03857929	0.004705627	0.0924788888889	0.00781111111111
0.03836084	0.003832454	0.0894777777778	0.00722222222222
0.04441588	0.003374813	0.0894777777778	0.00722222222222
0.04777988	0.005170719	0.0907222222222	0.00767777777778
0.0510021	0.003739216	0.0913233333333	0.00676666666667
0.04889485	0.004273474	0.0894666666667	0.00723333333333
0.05712542	0.004365043	0.0968733333333	0.00706666666667
0.04617815	0.005059925	0.0895466666667	0.00713333333333
0.05406906	0.005559286	0.0948122222222	0.00777777777778
0.04730238	0.006261699	0.0966888888889	0.00751111111111
0.05304336	0.004560206	0.0927777777778	0.00782222222222
0.04639985	0.004664917	0.0952555555556	0.00774444444444
0.04023768	0.003964209	0.0915555555556	0.00674444444444
0.0545446	0.003667771	0.0967	0.007
0.03791362	0.004509996	0.0967	0.007
0.04609865	0.004145599	0.0956888888889	0.00681111111111
0.04782912	0.006565463	0.0909488888889	0.00771111111111
0.04632112	0.004572972	0.0905244444444	0.00685555555556
0.04981828	0.004857854	0.0939777777778	0.00782222222222
0.05529029	0.005837802	0.0894555555556	0.00734444444444
0.04259609	0.004991824	0.0968111111111	0.00748888888889
0.06408976	0.0026169	0.0945888888889	0.00671111111111
0.04889568	0.003273129	0.0930222222222	0.00667777777778
0.05174825	0.002989962	0.0900466666667	0.00693333333333
0.04673565	0.006402655	0.0896555555556	0.00704444444444
0.06426323	0.002805493	0.0968	0.0075
0.05094748	0.003926106	0.0902	0.0069
0.05128136	0.003673871	0.0968666666667	0.00703333333333
0.03194254	0.005344034	0.0957788888889	0.00681111111111
0.04429081	0.002904594	0.0904444444444	0.00685555555556
0.05350437	0.002754962	0.0971333333333	0.00716666666667
0.0413584	0.001828463	0.0896333333333	0.00746666666667
0.04420739	0.005304951	0.08949	0.0074
0.04530958	0.005958731	0.0971244444444	0.00715555555556
0.04843146	0.006701775	0.0899555555556	0.00694444444444
0.04230554	0.00302493	0.0893555555556	0.00724444444444
0.04480067	0.004681581	0.0896777777778	0.00702222222222
0.04366106	0.003507013	0.0949111111111	0.00778888888889
0.036663	0.006975888	0.09071	0.0077
0.05488049	0.003062441	0.0954555555556	0.00774444444444
0.05430767	0.003355061	0.0955666666667	0.00773333333333
0.04823147	0.006444428	0.0897288888889	0.00751111111111
0.03668287	0.004212506	0.0933533333333	0.00666666666667
0.03548632	0.003964651	0.0931555555556	0.00784444444444
0.03451584	0.005118553	0.0895333333333	0.00706666666667
0.05186448	0.003390714	0.0971555555556	0.00714444444444
0.04656776	0.005245592	0.0936533333333	0.00666666666667
0.0574874	0.003849781	0.0970777777778	0.00742222222222
0.05060915	0.004889146	0.0950011111111	0.00778888888889
0.05569286	0.004240872	0.0971	0.0071
0.04708218	0.003708307	0.0912555555556	0.00674444444444
0.04633217	0.003606758	0.0942022222222	0.00667777777778
0.04266529	0.004398794	0.0913666666667	0.00673333333333
0.04692866	0.004810025	0.09166	0.0078
0.04661516	0.003572786	0.0893444444444	0.00735555555556
0.04799309	0.003844815	0.0972655555556	0.00724444444444
0.05805862	0.005604272	0.0953333333333	0.00776666666667
0.04318781	0.004275746	0.0971111111111	0.00708888888889
0.05403296	0.008646686	0.0917888888889	0.00781111111111
0.0489625	0.004086725	0.0903633333333	0.00766666666667
0.04441933	0.0036351	0.0922222222222	0.00667777777778
0.05900081	0.005811249	0.0957877777778	0.00772222222222
0.04808587	0.003899392	0.0916	0.0078
0.05878228	0.004516131	0.0945777777778	0.00782222222222
0.05695927	0.004845246	0.09495	0.0078
0.04536366	0.006071695	0.0904222222222	0.00767777777778
0.05778718	0.004955144	0.0897555555556	0.00754444444444
0.05914236	0.004898377	0.0958888888889	0.00771111111111
0.05159255	0.004115531	0.09728	0.0073
0.05294565	0.003631601	0.0958111111111	0.00678888888889
0.03866548	0.002966449	0.0935444444444	0.00785555555556
0.05608397	0.002729409	0.0972555555556	0.00734444444444
0.04903603	0.004431415	0.0971222222222	0.00707777777778
0.04329326	0.004593726	0.0915488888889	0.00671111111111
0.05691354	0.005572241	0.0937444444444	0.00785555555556
0.05299354	0.005425113	0.0972533333333	0.00736666666667
0.05971957	0.004791025	0.0972555555556	0.00714444444444
0.04340448	0.003154979	0.0902344444444	0.00685555555556
0.0427585	0.004376465	0.0973222222222	0.00727777777778
0.04533541	0.005256109	0.0898911111111	0.00758888888889
0.06415126	0.007463343	0.0966577777778	0.00692222222222
0.04575243	0.002486817	0.0948888888889	0.00781111111111
0.04760223	0.003232831	0.0967555555556	0.00694444444444
0.05319737	0.004016913	0.0954555555556	0.00674444444444
0.0464045	0.00459106	0.0961111111111	0.00768888888889
0.03960954	0.005940996	0.0899888888889	0.00761111111111
0.0452287	0.002718592	0.0896666666667	0.00753333333333
0.0512688	0.004688254	0.0926444444444	0.00785555555556
0.05285349	0.003610724	0.0892111111111	0.00728888888889
0.05068112	0.00471885	0.0909444444444	0.00675555555556
0.04927698	0.007988597	0.0971977777778	0.00742222222222
0.04521819	0.004693709	0.0901333333333	0.00686666666667
0.04059738	0.003442727	0.0962933333333	0.00766666666667
0.04863798	0.003870135	0.0899	0.0076
0.05122848	0.004517192	0.0940444444444	0.00785555555556
0.0571924	0.002766478	0.096	0.0068
0.05195336	0.003345865	0.0924444444444	0.00665555555556
0.04511781	0.004313591	0.0913888888889	0.00671111111111
0.0587379	0.005333296	0.0967177777778	0.00692222222222
0.05042541	0.003590935	0.0903711111111	0.00768888888889
0.04831846	0.00556265	0.0906111111111	0.00678888888889
0.03519287	0.003197952	0.0892244444444	0.00735555555556
0.05557396	0.005860391	0.0894777777778	0.00702222222222
0.04704653	0.002683049	0.0941444444444	0.00665555555556
0.03716445	0.009907295	0.0928133333333	0.00786666666667
0.03895476	0.003461121	0.0898111111111	0.00758888888889
0.05501864	0.003493111	0.0937955555556	0.00664444444444
0.05501656	0.003337771	0.0908644444444	0.00675555555556
0.04836827	0.004826408	0.0907555555556	0.00774444444444
0.04749799	0.002169882	0.0899	0.0069
0.0543089	0.004422258	0.0964344444444	0.00685555555556
0.04470691	0.005378638	0.0913	0.0078
0.04708562	0.006367597	0.0917666666667	0.00783333333333
0.05309519	0.005591814	0.0974222222222	0.00727777777778
0.04783627	0.00644161	0.0903788888889	0.00681111111111
0.04684945	0.005502316	0.0965666666667	0.00763333333333
0.04055014	0.003362381	0.0893444444444	0.00745555555556
0.04354209	0.004489447	0.0897222222222	0.00757777777778
0.06510304	0.002623965	0.0970277777778	0.00752222222222
0.05545008	0.008343098	0.0969555555556	0.00754444444444
0.05409262	0.003425288	0.0892011111111	0.00738888888889
0.04083871	0.002218492	0.0900133333333	0.00686666666667
0.03526232	0.006710403	0.0935822222222	0.00787777777778
0.04711092	0.003093593	0.0898777777778	0.00762222222222
0.05759565	0.003145502	0.0918333333333	0.00666666666667
0.03803031	0.006790996	0.0891888888889	0.00711111111111
0.05267326	0.00444493	0.0896666666667	0.00693333333333
0.049917	0.006409456	0.0972333333333	0.00746666666667
0.05091395	0.005175238	0.0898	0.0069
0.05152397	0.007479477	0.0949622222222	0.00667777777778
0.05021232	0.005416036	0.0967111111111	0.00688888888889
0.04717444	0.003434318	0.0961177777778	0.00772222222222
0.04383285	0.002531901	0.0896422222222	0.00757777777778
0.05711126	0.003707554	0.0914111111111	0.00668888888889
0.05097476	0.006309876	0.0960366666667	0.00773333333333
0.04925606	0.002806138	0.0965444444444	0.00685555555556
0.0499761	0.002664469	0.0899333333333	0.00686666666667
0.04279966	0.002979379	0.0904111111111	0.00678888888889
0.05105724	0.005953603	0.0890666666667	0.00733333333333
0.05977377	0.004326743	0.0915222222222	0.00667777777778
0.04890552	0.003814787	0.0972666666667	0.00703333333333
0.03247661	0.011258	0.0937111111111	0.00788888888889
0.04783009	0.004021415	0.0973666666667	0.00743333333333
0.04546598	0.004852459	0.0971888888889	0.00751111111111
0.04668371	0.004785973	0.0899444444444	0.00765555555556
0.04880846	0.005999104	0.0969666666667	0.00693333333333
0.05132036	0.003094683	0.0902	0.0077
0.02852381	0.00576376	0.0938777777778	0.00662222222222
0.04377069	0.00351531	0.0890222222222	0.00717777777778
0.0534495	0.008928798	0.0926111111111	0.00788888888889
0.05209739	0.00414993	0.0969866666667	0.00693333333333
0.05048343	0.005149402	0.0894333333333	0.00696666666667
0.0539844	0.003758975	0.0919333333333	0.00786666666667
0.05442873	0.004820725	0.0962377777778	0.00772222222222
0.03967583	0.005950188	0.0895911111111	0.00758888888889
0.04337265	0.006302449	0.0906555555556	0.00674444444444
0.04549786	0.003306623	0.0975777777778	0.00722222222222
0.04240193	0.005615048	0.0890577777778	0.00712222222222
0.04250778	0.003503129	0.0890888888889	0.00741111111111
0.04607036	0.003522791	0.0935088888889	0.00661111111111
0.05067997	0.004250813	0.0891222222222	0.00707777777778
0.0478062	0.004501661	0.0921222222222	0.00787777777778
0.05532873	0.003983877	0.0921222222222	0.00787777777778
0.05633853	0.004443773	0.0959333333333	0.00776666666667
0.04477964	0.003819764	0.0892311111111	0.00748888888889
0.04825539	0.00503192	0.0952566666667	0.00783333333333
0.05750086	0.002095163	0.0975555555556	0.00714444444444
0.05194654	0.00289812	0.0920222222222	0.00787777777778
0.04989418	0.004069489	0.0920222222222	0.00787777777778
0.05539026	0.004052916	0.0909	0.0078
0.04259769	0.005834275	0.0970933333333	0.00756666666667
0.06017551	0.004799388	0.0970111111111	0.00758888888889
0.04800916	0.005000302	0.0911377777778	0.00782222222222
0.05065864	0.003701686	0.0891555555556	0.00704444444444
0.04669479	0.005684023	0.0908888888889	0.00671111111111
0.04682364	0.006394062	0.0968777777778	0.00762222222222
0.05509119	0.002938433	0.0909888888889	0.00781111111111
0.05229317	0.003714436	0.0926	0.0079
0.05641303	0.00287424	0.0911111111111	0.00668888888889
0.05167541	0.003454711	0.0974555555556	0.00744444444444
0.04677855	0.005282081	0.0922111111111	0.00788888888889
0.04548576	0.003993161	0.0921911111111	0.00788888888889
0.04975767	0.00570068	0.0946222222222	0.00787777777778
0.04901946	0.00260261	0.0964888888889	0.00681111111111
0.05254541	0.006365297	0.09333	0.0066
0.03634433	0.003567557	0.0890177777778	0.00742222222222
0.04511266	0.003886114	0.0914644444444	0.00785555555556
0.05450527	0.005740385	0.0966666666667	0.00683333333333
0.03597573	0.003089136	0.0927688888889	0.00791111111111
0.05590793	0.003207982	0.0888555555556	0.00724444444444
0.04856418	0.004682317	0.0902122222222	0.00677777777778
0.05566621	0.004708443	0.0958	0.0078
0.05072325	0.002608922	0.0977066666667	0.00723333333333
0.04773576	0.00318779	0.0959111111111	0.00778888888889
0.05606533	0.004330071	0.0926	0.0066
0.05153685	0.003498014	0.0948222222222	0.00787777777778
0.03789687	0.006491818	0.0953333333333	0.00666666666667
0.05671845	0.00545548	0.0902555555556	0.00774444444444
0.05319086	0.003833365	0.0919111111111	0.00788888888889
0.05240001	0.003611773	0.0973222222222	0.00697777777778
0.04117823	0.005173797	0.0950555555556	0.00664444444444
0.05466599	0.002256075	0.0941	0.0066
0.05431626	0.003292124	0.0930777777778	0.00792222222222
0.05124361	0.005625985	0.0894888888889	0.00761111111111
0.04410902	0.004980788	0.0929677777778	0.00792222222222
0.03859141	0.006519315	0.0907888888889	0.00781111111111
0.05929122	0.004434223	0.0907888888889	0.00781111111111
0.05041793	0.00391949	0.0952444444444	0.00785555555556
0.05384218	0.005486761	0.0977555555556	0.00724444444444
0.06019481	0.003458187	0.0942	0.0066
0.05391562	0.00427878	0.0961733333333	0.00776666666667
0.04477215	0.003948522	0.0888	0.0073
0.05857499	0.003048075	0.0954333333333	0.00666666666667
0.06168877	0.005323417	0.0956911111111	0.00668888888889
0.07260328	0.005720606	0.092	0.0079
0.06621981	0.005124793	0.0960111111111	0.00778888888889
0.05419319	0.003977947	0.0899	0.0077
0.05535875	0.006452191	0.0953044444444	0.00785555555556
0.03340077	0.003026797	0.0889555555556	0.00744444444444
0.05107569	0.003142514	0.0894088888889	0.00691111111111
0.04629335	0.002888269	0.0887888888889	0.00731111111111
0.05385767	0.003478116	0.0938777777778	0.00792222222222
0.0459945	0.002839521	0.0966	0.0068
0.05702414	0.00385317	0.0912044444444	0.00665555555556
0.05465921	0.003253214	0.0952155555556	0.00664444444444
0.03333259	0.005206126	0.0966888888889	0.00681111111111
0.03904665	0.002881377	0.0897911111111	0.00768888888889
0.04317429	0.003665204	0.0910333333333	0.00666666666667
0.05258688	0.00626175	0.0934122222222	0.00657777777778
0.04485966	0.006663516	0.0968833333333	0.00766666666667
0.05705207	0.003494616	0.0930666666667	0.00793333333333
0.04703538	0.006835349	0.0887333333333	0.00726666666667
0.04891176	0.00213173	0.0957777777778	0.00782222222222
0.02893881	0.00387455	0.0958888888889	0.00781111111111
0.05540707	0.005671038	0.0896555555556	0.00684444444444
0.05518131	0.002986053	0.0891555555556	0.00754444444444
0.03561275	0.004750297	0.0936666666667	0.00793333333333
0.05066097	0.005661898	0.0955555555556	0.00784444444444
0.03982996	0.004545603	0.0908666666667	0.00783333333333
0.04553581	0.003722071	0.0937266666667	0.00793333333333
0.04640101	0.00442073	0.0902555555556	0.00674444444444
0.05302146	0.00393431	0.0964555555556	0.00774444444444
0.05670351	0.00233202	0.0894666666667	0.00763333333333
0.04781773	0.004367461	0.0949977777778	0.00662222222222
0.04418066	0.00244281	0.0887666666667	0.00713333333333
0.04387307	0.00368184	0.0939266666667	0.00793333333333
0.04812942	0.002425478	0.0946	0.0066
0.05056767	0.003007197	0.0946	0.0066
0.03978378	0.005168657	0.0887777777778	0.00712222222222
0.04428305	0.00543324	0.0887888888889	0.00711111111111
0.04933318	0.004918502	0.0976222222222	0.00747777777778
0.05318603	0.002495434	0.0969555555556	0.00684444444444
0.04604705	0.003594889	0.0903777777778	0.00672222222222
0.05363923	0.005663432	0.09598	0.0067
0.05462727	0.003443843	0.0957666666667	0.00783333333333
0.04737582	0.002681641	0.0948888888889	0.00661111111111
0.05178256	0.006087647	0.0932555555556	0.00794444444444
0.04972416	0.005323162	0.0978677777778	0.00732222222222
0.0538285	0.004050806	0.0888333333333	0.00706666666667
0.05717182	0.002756473	0.0888333333333	0.00706666666667
0.05306826	0.005089836	0.0956833333333	0.00666666666667
0.03966047	0.004309884	0.0907366666667	0.00783333333333
0.05849383	0.002125616	0.0973666666667	0.00693333333333
0.04858733	0.004541703	0.0974444444444	0.00695555555556
0.03651127	0.004527803	0.0887777777778	0.00742222222222
0.05253933	0.005614814	0.0975577777778	0.00752222222222
0.05033854	0.004610926	0.0949888888889	0.00661111111111
0.04626182	0.006807975	0.0917588888889	0.00791111111111
0.05844334	0.005692058	0.0926933333333	0.00656666666667
0.05461491	0.00393354	0.0900444444444	0.00775555555556
0.05067602	0.004924512	0.0979111111111	0.00718888888889
0.04054632	0.005696579	0.0952111111111	0.00788888888889
0.03533099	0.003044263	0.0979333333333	0.00726666666667
0.04572713	0.003926109	0.0939555555556	0.00794444444444
0.04743986	0.004463852	0.0888333333333	0.00746666666667
0.05058189	0.004907608	0.0895666666667	0.00683333333333
0.0451276	0.003916821	0.0915	0.0079
0.04662754	0.002972468	0.0957733333333	0.00666666666667
0.04625167	0.003656354	0.0966055555556	0.00774444444444
0.04538721	0.004687443	0.0955333333333	0.00786666666667
0.04981955	0.004131457	0.0896111111111	0.00768888888889
0.05119065	0.002968616	0.0940433333333	0.00656666666667
0.04085697	0.005478871	0.0940555555556	0.00794444444444
0.05399436	0.004695415	0.0907555555556	0.00784444444444
0.05057169	0.003540493	0.0975333333333	0.00696666666667
0.05516731	0.00290258	0.0977333333333	0.00746666666667
0.03781218	0.005839436	0.0921222222222	0.00657777777778
0.05106315	0.00650038	0.0921222222222	0.00657777777778
0.0549226	0.005953496	0.0954122222222	0.00787777777778
0.04980289	0.005031324	0.0911222222222	0.00787777777778
0.05018417	0.00229977	0.0952777777778	0.00662222222222
0.05791735	0.005146035	0.0966333333333	0.00676666666667
0.06128206	0.002472148	0.0930444444444	0.00655555555556
0.03378642	0.003803175	0.0901422222222	0.00777777777778
0.04351373	0.005425559	0.0920666666667	0.00793333333333
0.05441845	0.002340452	0.0970222222222	0.00767777777778
0.05345574	0.004118451	0.0916	0.0066
0.04179517	0.005036275	0.0900555555556	0.00674444444444
0.04327288	0.004818008	0.0886155555556	0.00734444444444
0.04527344	0.004514993	0.0914	0.0079
0.04936927	0.005747407	0.0898222222222	0.00677777777778
0.04700307	0.004909297	0.0973788888889	0.00691111111111
0.05806419	0.003666584	0.0979777777778	0.00722222222222
0.0461462	0.004422134	0.0887333333333	0.00706666666667
0.05428902	0.004449722	0.0945666666667	0.00793333333333
0.04057155	0.004443078	0.0885555555556	0.00724444444444
0.06906295	0.005253462	0.0979666666667	0.00733333333333
0.04521148	0.002248814	0.0956355555556	0.00664444444444
0.03608188	0.005597767	0.0890333333333	0.00756666666667
0.04672513	0.003735993	0.0926444444444	0.00795555555556
0.04672823	0.003973078	0.0962888888889	0.00671111111111
0.0455364	0.004317041	0.0939444444444	0.00655555555556
0.06782217	0.001875331	0.0977666666667	0.00703333333333
0.04320027	0.003555549	0.0967666666667	0.00773333333333
0.05411164	0.002247874	0.0943555555556	0.00794444444444
0.04407924	0.005806864	0.09149	0.0066
0.04448516	0.006238924	0.08855	0.0072
0.04870218	0.003413834	0.0885333333333	0.00726666666667
0.05975498	0.00550596	0.0960222222222	0.00667777777778
0.06231114	0.005816455	0.0910022222222	0.00787777777778
0.04801018	0.004737002	0.0972044444444	0.00765555555556
0.05234505	0.002279017	0.0885555555556	0.00734444444444
0.0580021	0.00299611	0.0902888888889	0.00781111111111
0.05863324	0.006998993	0.0920555555556	0.00794444444444
0.04722933	0.003675126	0.0889444444444	0.00755555555556
0.03872668	0.005813866	0.0885022222222	0.00727777777778
0.03647197	0.005333055	0.0917666666667	0.00793333333333
0.04656103	0.003023367	0.0923144444444	0.00655555555556
0.05565243	0.00483359	0.0980555555556	0.00724444444444
0.05214122	0.005882378	0.09638	0.0078
0.02995562	0.004033618	0.0972444444444	0.00685555555556
0.0524831	0.003172486	0.0948222222222	0.00657777777778
0.04208996	0.0041951	0.0963888888889	0.00671111111111
0.05234222	0.004795155	0.0963	0.0067
0.04736063	0.004215532	0.0894022222222	0.00767777777778
0.05348896	0.002404346	0.0962111111111	0.00668888888889
0.04283251	0.002739739	0.0979222222222	0.00707777777778
0.04558828	0.002521654	0.0953888888889	0.00661111111111
0.04573904	0.003301959	0.0975666666667	0.00693333333333
0.05256455	0.004506659	0.0968666666667	0.00773333333333
0.05638728	0.00494128	0.0968666666667	0.00773333333333
0.04999745	0.003891024	0.0925333333333	0.00796666666667
0.0513627	0.002700915	0.0965111111111	0.00778888888889
0.04622435	0.00361989	0.0909777777778	0.00662222222222
0.03162662	0.00703371	0.0951011111111	0.00658888888889
0.04500618	0.006334485	0.0951111111111	0.00658888888889
0.03692633	0.004892085	0.0899466666667	0.00673333333333
0.05164101	0.006357371	0.0977888888889	0.00751111111111
0.04330208	0.004200996	0.0909577777778	0.00662222222222
0.04456378	0.003776546	0.0932666666667	0.00653333333333
0.04566578	0.002616799	0.0892444444444	0.00685555555556
0.0561885	0.004123983	0.0956111111111	0.00788888888889
0.05414752	0.004464994	0.0980466666667	0.00713333333333
0.0531512	0.003271023	0.0923755555556	0.00654444444444
0.04052794	0.003392496	0.0913777777778	0.00792222222222
0.04885994	0.00643124	0.0957666666667	0.00663333333333
0.06949789	0.003535506	0.0945444444444	0.00795555555556
0.04685602	0.007040391	0.0893222222222	0.00767777777778
0.05115832	0.002667938	0.0981333333333	0.00726666666667
0.05133005	0.003245174	0.0917333333333	0.00656666666667
0.0520357	0.003868631	0.0915222222222	0.00657777777778
0.05718574	0.002384685	0.0971777777778	0.00682222222222
0.0438535	0.003897872	0.0922233333333	0.00796666666667
0.04094298	0.006550768	0.0948555555556	0.00794444444444
0.04799478	0.004877846	0.0887666666667	0.00753333333333
0.04511069	0.004372036	0.0884666666667	0.00713333333333
0.0500054	0.00284093	0.0884222222222	0.00717777777778
0.05784714	0.004070163	0.0952777777778	0.00792222222222
0.04774813	0.004251172	0.0918444444444	0.00795555555556
0.04336091	0.004778767	0.0887111111111	0.00698888888889
0.03986837	0.002858326	0.0887111111111	0.00698888888889
0.04119293	0.004234897	0.0981722222222	0.00727777777778
0.05817631	0.003972983	0.09717	0.0077
0.04465211	0.005552677	0.0903555555556	0.00784444444444
0.04520514	0.004373898	0.0953111111111	0.00658888888889
0.05572356	0.003642525	0.0914066666667	0.00793333333333
0.04918426	0.003901405	0.0980888888889	0.00711111111111
0.04536272	0.005146452	0.0892055555556	0.00684444444444
0.04637649	0.00332258	0.0920555555556	0.00654444444444
0.04513094	0.005034624	0.0905455555556	0.00664444444444
0.04838796	0.005069405	0.0908888888889	0.00661111111111
0.03988028	0.005042057	0.0980622222222	0.00707777777778
0.0540023	0.002459622	0.0982	0.0073
0.04716808	0.003911462	0.0961444444444	0.00665555555556
0.0533586	0.004367168	0.0978777777778	0.00752222222222
0.04545553	0.006475922	0.0919555555556	0.00654444444444
0.04797689	0.002820393	0.0921722222222	0.00797777777778
0.05354695	0.006054449	0.0883166666667	0.00723333333333
0.05207858	0.004938388	0.0967211111111	0.00778888888889
0.04977181	0.003404203	0.0921222222222	0.00797777777778
0.05160107	0.004116283	0.0982444444444	0.00725555555556
0.05151501	0.002553656	0.0951333333333	0.00656666666667
0.04819568	0.006354635	0.0894666666667	0.00773333333333
0.05511923	0.003817414	0.0898111111111	0.00778888888889
0.04109429	0.003662764	0.08997	0.0067
0.04570848	0.002898389	0.0920666666667	0.00653333333333
0.04951402	0.002831945	0.0933	0.008
0.05661242	0.003128177	0.0913755555556	0.00794444444444
0.05745595	0.00432511	0.0934988888889	0.00651111111111
0.03742171	0.005056204	0.0957888888889	0.00661111111111
0.04117958	0.001376456	0.0882888888889	0.00721111111111
