root_height	pop_size	pi_net	pi_within
0.0375629	0.00491945	0.0989011111111	0.0181888888889
0.0544139	0.007742609	0.0986911111111	0.0180888888889
0.05200828	0.00594345	0.0986233333333	0.0182666666667
0.05534082	0.005793461	0.09848	0.0181
0.05678897	0.01017596	0.0992233333333	0.0180666666667
0.03826625	0.005814187	0.0985811111111	0.0182888888889
0.05347525	0.006814506	0.0998722222222	0.0181777777778
0.05707079	0.005312653	0.0987466666667	0.0183333333333
0.06236645	0.007346986	0.0985577777778	0.0180222222222
0.05054797	0.007016845	0.0980944444444	0.0180555555556
0.05662325	0.008722648	0.0978455555556	0.0182444444444
0.05867719	0.004918436	0.0992533333333	0.0183666666667
0.05260733	0.01398718	0.0987633333333	0.0183666666667
0.036679	0.005191772	0.0977144444444	0.0181555555556
0.05788213	0.009599173	0.0981166666667	0.0183333333333
0.05456286	0.006035569	0.100377777778	0.0181222222222
0.05792817	0.006754067	0.0980855555556	0.0183444444444
0.04898671	0.007092536	0.0990755555556	0.0179444444444
0.04629294	0.009649749	0.0999811111111	0.0179888888889
0.05594385	0.005140504	0.0996288888889	0.0184111111111
0.05898565	0.006835561	0.09819	0.0184
0.04061352	0.009728925	0.09815	0.0184
0.0576569	0.007094309	0.0982777777778	0.0184222222222
0.04277038	0.007057227	0.0972044444444	0.0181555555556
0.066086	0.00417505	0.0981866666667	0.0179333333333
0.05851556	0.004771613	0.0981366666667	0.0179333333333
0.06005674	0.006540585	0.09722	0.0183
0.05630699	0.005555921	0.0971833333333	0.0180666666667
0.04731439	0.005636701	0.0972388888889	0.0183111111111
0.0591976	0.0108151	0.0995922222222	0.0184777777778
0.05333391	0.009199843	0.0968922222222	0.0181777777778
0.05410086	0.007389207	0.101164444444	0.0181555555556
0.05572091	0.005650637	0.0968422222222	0.0181777777778
0.02948827	0.01078054	0.100618888889	0.0184111111111
0.05791005	0.005143747	0.09692	0.0183
0.05607161	0.006723295	0.0978722222222	0.0184777777778
0.06219632	0.00534547	0.101317777778	0.0182222222222
0.03601109	0.004980406	0.0999	0.0185
0.05829785	0.007010838	0.0966777777778	0.0182222222222
0.06434552	0.007099214	0.101357777778	0.0181222222222
0.0558989	0.006787673	0.0976911111111	0.0184888888889
0.05329696	0.006121872	0.0967677777778	0.0180222222222
0.05717018	0.006446277	0.0965688888889	0.0181111111111
0.05989042	0.005186844	0.10035	0.0185
0.04826291	0.008580094	0.0977688888889	0.0185111111111
0.05835781	0.004874321	0.101444444444	0.0180555555556
0.05418926	0.005644185	0.0992333333333	0.0185666666667
0.05218264	0.008840796	0.10056	0.0185
0.04928119	0.01033317	0.101611111111	0.0180888888889
0.05472579	0.004470918	0.0980544444444	0.0185555555556
0.04937865	0.002922895	0.0966222222222	0.0179777777778
0.05304907	0.006216825	0.100328888889	0.0178111111111
0.0620223	0.005944805	0.0966111111111	0.0183888888889
0.06048978	0.004476479	0.0980133333333	0.0185666666667
0.04770613	0.00958085	0.101031111111	0.0178888888889
0.05497083	0.01058833	0.0978	0.0178
0.03716398	0.005638711	0.0967777777778	0.0179222222222
0.04701977	0.007203103	0.0971011111111	0.0184888888889
0.05369303	0.007081263	0.0986644444444	0.0177555555556
0.03981268	0.005869844	0.0962222222222	0.0182777777778
0.0626476	0.004708338	0.0961933333333	0.0180666666667
0.05637505	0.008933206	0.0965288888889	0.0184111111111
0.05192494	0.005221577	0.0982	0.0186
0.03630488	0.007887738	0.0996888888889	0.0186111111111
0.05750053	0.009720187	0.101588888889	0.0184111111111
0.04617192	0.009695092	0.101846666667	0.0183333333333
0.06521021	0.01027653	0.101598888889	0.0184111111111
0.06585145	0.008424766	0.0976211111111	0.0185888888889
0.06353863	0.005799423	0.100095555556	0.0177444444444
0.0555711	0.005313797	0.101966666667	0.0183333333333
0.06495821	0.006734248	0.1018	0.0184
0.05415083	0.006489167	0.101258888889	0.0185111111111
0.05800781	0.006714655	0.09895	0.0177
0.062345	0.005146576	0.0968666666667	0.0185333333333
0.05513477	0.006074274	0.09875	0.0177
0.05948168	0.008325701	0.100025555556	0.0186444444444
0.05715713	0.005794752	0.09823	0.0177
0.02542003	0.007558586	0.102155555556	0.0183444444444
0.06372448	0.006746623	0.0999644444444	0.0186555555556
0.04646002	0.01272587	0.09598	0.0184
0.05488256	0.009323235	0.102377777778	0.0182222222222
0.05595857	0.01359102	0.101348888889	0.0178111111111
0.03400853	0.008286769	0.0965866666667	0.0185333333333
0.06159474	0.006527247	0.101368888889	0.0178111111111
0.04989846	0.007455885	0.0964355555556	0.0178444444444
0.05498594	0.008325275	0.0956733333333	0.0180666666667
0.06598335	0.005510517	0.0993733333333	0.0176666666667
0.05721754	0.008794628	0.102448888889	0.0182111111111
0.06612608	0.006485169	0.10246	0.0181
0.04720407	0.006465458	0.0988644444444	0.0176555555556
0.05795854	0.009479885	0.0979822222222	0.0186777777778
0.05552386	0.005594735	0.0974088888889	0.0177111111111
0.0558181	0.004723582	0.0991088888889	0.0187111111111
0.06017076	0.006671614	0.100161111111	0.0186888888889
0.04605474	0.006819428	0.0966333333333	0.0177666666667
0.06378342	0.004513994	0.102566666667	0.0180333333333
0.06397651	0.005235824	0.100711111111	0.0176888888889
0.0575325	0.01537457	0.101661111111	0.0177888888889
0.04844875	0.007098936	0.0962088888889	0.0178111111111
0.05489075	0.008136478	0.101886666667	0.0185333333333
0.06933344	0.007048056	0.101098888889	0.0177111111111
0.05656655	0.0103863	0.0954733333333	0.0183666666667
0.05630415	0.005597313	0.0954533333333	0.0179666666667
0.06310709	0.006793405	0.0951733333333	0.0181666666667
0.05787359	0.008827944	0.0988244444444	0.0187555555556
0.04835585	0.007921643	0.0998255555556	0.0187444444444
0.061187	0.01225891	0.100156666667	0.0187333333333
0.06706015	0.00538557	0.0959888888889	0.0178111111111
0.06747485	0.006877474	0.101437777778	0.0177222222222
0.0589524	0.007345486	0.0973555555556	0.0176444444444
0.0569379	0.009392515	0.100971111111	0.0186888888889
0.05768886	0.007125569	0.0992711111111	0.0175888888889
0.05088992	0.0043803	0.09668	0.0177
0.05861396	0.01007913	0.09593	0.0178
0.04801185	0.006567378	0.0967622222222	0.0186777777778
0.04235587	0.006779413	0.101044444444	0.0176555555556
0.06212424	0.007540275	0.0974066666667	0.0187333333333
0.05760705	0.009676248	0.0995422222222	0.0175777777778
0.0469905	0.006742279	0.0964155555556	0.0186444444444
0.05612303	0.008988254	0.0993611111111	0.0187888888889
0.04862172	0.0108609	0.10251	0.0185
0.05977253	0.008230481	0.0995333333333	0.0175666666667
0.02900308	0.008276776	0.102874444444	0.0179555555556
0.05059609	0.008974586	0.0988444444444	0.0175555555556
0.05013267	0.007825535	0.09501	0.018
0.04862951	0.006482907	0.102094444444	0.0177555555556
0.05109978	0.007918008	0.102751111111	0.0178888888889
0.05048405	0.007305042	0.0998044444444	0.0175555555556
0.04605307	0.006916965	0.0959777777778	0.0186222222222
0.06621428	0.007217729	0.101267777778	0.0187222222222
0.05567029	0.004704003	0.0996888888889	0.0188111111111
0.05782218	0.006340594	0.0949888888889	0.0184111111111
0.05790969	0.006818393	0.103215555556	0.0183444444444
0.0529284	0.009977619	0.0951733333333	0.0178666666667
0.03854693	0.008523049	0.101346666667	0.0187333333333
0.05871989	0.006190324	0.101902222222	0.0176777777778
0.05183732	0.005944812	0.102674444444	0.0185555555556
0.05867297	0.004113596	0.103465555556	0.0181444444444
0.06270196	0.006396594	0.103444444444	0.0180555555556
0.05389819	0.007974922	0.101498888889	0.0176111111111
0.05495448	0.006183319	0.101848888889	0.0187111111111
0.05872392	0.007634009	0.09981	0.0175
0.05517313	0.01449708	0.0968611111111	0.0187888888889
0.06459792	0.01225359	0.101877777778	0.0187222222222
0.06000867	0.005611988	0.103095555556	0.0178444444444
0.05617976	0.006467397	0.0982311111111	0.0174888888889
0.05709807	0.005875516	0.100866666667	0.0175333333333
0.059997	0.006073967	0.102882222222	0.0177777777778
0.05195931	0.008715142	0.100011111111	0.0174888888889
0.06370509	0.006435253	0.103744444444	0.0181555555556
0.0565542	0.008979585	0.0943222222222	0.0182777777778
0.05121049	0.005153995	0.102443333333	0.0186666666667
0.05849884	0.004530779	0.103011111111	0.0177888888889
0.04625669	0.006958249	0.0983711111111	0.0188888888889
0.06111269	0.005753305	0.0959577777778	0.0176222222222
0.05411836	0.005771327	0.103804444444	0.0182555555556
0.06486021	0.008381487	0.0962033333333	0.0187666666667
0.04965334	0.006704358	0.09566	0.0187
0.06916088	0.003545913	0.103577777778	0.0184222222222
0.04883934	0.005074579	0.103691111111	0.0183888888889
0.0565943	0.005858006	0.101913333333	0.0187666666667
0.05460936	0.005732179	0.102464444444	0.0176555555556
0.04577619	0.01277419	0.100293333333	0.0174666666667
0.05558965	0.008615256	0.0998288888889	0.0189111111111
0.0512899	0.008692406	0.102406666667	0.0176333333333
0.06563202	0.004547606	0.0942977777778	0.0184222222222
0.0510381	0.004780233	0.101258888889	0.0175111111111
0.04313778	0.006168901	0.0959211111111	0.0175888888889
0.05903844	0.009071265	0.103622222222	0.0184777777778
0.04506702	0.008610382	0.0957	0.0176
0.05715614	0.005591802	0.0943222222222	0.0178777777778
0.04851774	0.01278282	0.102586666667	0.0176333333333
0.05685079	0.007290494	0.0991755555556	0.0189444444444
0.05490296	0.006398299	0.0939133333333	0.0182666666667
0.04728557	0.01228428	0.0949355555556	0.0186444444444
0.04893634	0.004514775	0.0954577777778	0.0176222222222
0.04924304	0.009976179	0.0963266666667	0.0188333333333
0.0681202	0.006249779	0.102587777778	0.0176222222222
0.06458544	0.007073991	0.0962977777778	0.0175222222222
0.06139852	0.01528064	0.101975555556	0.0175444444444
0.0690204	0.008383313	0.103348888889	0.0186111111111
0.05829802	0.007305605	0.104184444444	0.0180555555556
0.03824144	0.009496341	0.0946455555556	0.0177444444444
0.06065077	0.007216025	0.0987933333333	0.0189666666667
0.0576644	0.007157021	0.100617777778	0.0174222222222
0.05480187	0.00589995	0.0996033333333	0.0189666666667
0.05197658	0.008885421	0.0937666666667	0.0180333333333
0.04192027	0.008893078	0.103972222222	0.0184777777778
0.06847808	0.009481037	0.101168888889	0.0189111111111
0.05364578	0.008264991	0.0986822222222	0.0173777777778
0.06418862	0.006210824	0.102035555556	0.0188444444444
0.06007804	0.007682284	0.102622222222	0.0187777777778
0.05014176	0.005648322	0.0960744444444	0.0188555555556
0.06456279	0.006941191	0.101275555556	0.0174444444444
0.06730347	0.007614471	0.0939611111111	0.0178888888889
0.03693203	0.009559329	0.0954333333333	0.0175666666667
0.05908162	0.00741656	0.103654444444	0.0177555555556
0.06907049	0.005141647	0.0980122222222	0.0173777777778
0.06169877	0.005992299	0.104273333333	0.0179666666667
0.04650253	0.003345979	0.0944466666667	0.0177333333333
0.05177852	0.004223224	0.0935733333333	0.0180666666667
0.05719757	0.007444684	0.0943	0.0186
0.06459206	0.00839389	0.102327777778	0.0175222222222
0.06876101	0.009554912	0.0980711111111	0.0189888888889
0.07319386	0.006810922	0.1044	0.018
0.06726357	0.005564828	0.104532222222	0.0181777777778
0.04512594	0.006473332	0.0996044444444	0.0173555555556
0.0442764	0.006511322	0.0934766666667	0.0181333333333
0.05393225	0.005804016	0.0935666666667	0.0183333333333
0.04955088	0.00692037	0.0939	0.0185
0.06348366	0.01037297	0.103324444444	0.0176555555556
0.07152487	0.008728449	0.103511111111	0.0176888888889
0.05718686	0.005381081	0.104413333333	0.0179666666667
0.05287214	0.007497226	0.0934444444444	0.0182555555556
0.0541215	0.009236246	0.0964666666667	0.0174333333333
0.05977986	0.01123723	0.0934066666667	0.0181333333333
0.0526874	0.004888513	0.10445	0.0184
0.05252436	0.006187304	0.0981555555556	0.0173444444444
0.04488309	0.008204423	0.0953677777778	0.0188222222222
0.04685757	0.007722398	0.0990666666667	0.0173333333333
0.06206601	0.005391307	0.0999788888889	0.0190111111111
0.04410205	0.008119011	0.102515555556	0.0188444444444
0.05832296	0.006108898	0.0958733333333	0.0174666666667
0.06130977	0.004550235	0.0953577777778	0.0175222222222
0.05886349	0.008562187	0.0948	0.0176
0.04260088	0.007804051	0.101022222222	0.0189777777778
0.04638489	0.006827001	0.0967933333333	0.0189666666667
0.03667763	0.005693823	0.0932755555556	0.0181444444444
0.06305939	0.007528237	0.104733333333	0.0180666666667
0.04597472	0.005586998	0.0976666666667	0.0173333333333
0.05511606	0.008807188	0.103762222222	0.0176777777778
0.0590403	0.006991945	0.0986188888889	0.0173111111111
0.06518634	0.006083335	0.0938422222222	0.0177777777778
0.05021342	0.006639318	0.0933111111111	0.0179888888889
0.06496329	0.00471001	0.0972655555556	0.0173444444444
0.05545895	0.004646839	0.104222222222	0.0177777777778
0.0527049	0.007984861	0.104397777778	0.0185222222222
0.05574439	0.008451572	0.09632	0.0174
0.05407142	0.003539063	0.0951855555556	0.0188444444444
0.05488438	0.008889705	0.0943877777778	0.0187222222222
0.05999096	0.007531197	0.10238	0.0189
0.06865444	0.006385696	0.104457777778	0.0185222222222
0.05804939	0.005880489	0.104904444444	0.0182555555556
0.0357818	0.006279548	0.0938977777778	0.0186222222222
0.05734971	0.006225051	0.0931111111111	0.0180888888889
0.04162266	0.008036258	0.0992311111111	0.0172888888889
0.0512826	0.008576165	0.0940333333333	0.0186666666667
0.04917715	0.006796145	0.102884444444	0.0188555555556
0.06809716	0.005700164	0.0930444444444	0.0181555555556
0.05252125	0.0047813	0.102377777778	0.0189222222222
0.06018723	0.006736876	0.100615555556	0.0190444444444
0.03849032	0.007713375	0.102277777778	0.0174222222222
0.05655117	0.008821584	0.0955255555556	0.0174444444444
0.03048676	0.005454604	0.0941555555556	0.0176444444444
0.0636913	0.0076807	0.100907777778	0.0173222222222
0.0560804	0.007911084	0.0929944444444	0.0182555555556
0.04561321	0.007474218	0.104586666667	0.0185333333333
0.04874569	0.007141901	0.09294	0.0182
0.05816736	0.009885879	0.100263333333	0.0190666666667
0.07158371	0.008900257	0.104942222222	0.0183777777778
0.05463441	0.004884965	0.100855555556	0.0190444444444
0.07471324	0.006325934	0.104791111111	0.0178888888889
0.06610473	0.00689497	0.0945544444444	0.0175555555556
0.0438907	0.008684312	0.0950822222222	0.0188777777778
0.06403351	0.008349451	0.103215555556	0.0188444444444
0.06407628	0.009749853	0.101558888889	0.0190111111111
0.05975546	0.005270492	0.09895	0.0191
0.05793254	0.004926033	0.0963555555556	0.0173444444444
0.04339124	0.006017169	0.0944444444444	0.0175555555556
0.04488869	0.007830923	0.0979033333333	0.0172666666667
0.06587273	0.004680259	0.103977777778	0.0176222222222
0.06302484	0.006628995	0.0961444444444	0.0173555555556
0.06020588	0.006657986	0.0939577777778	0.0187222222222
0.05551876	0.007992111	0.104292222222	0.0176777777778
0.05216579	0.008979646	0.0950444444444	0.0174555555556
0.06570517	0.009175112	0.0927688888889	0.0181111111111
0.04152202	0.00552279	0.105291111111	0.0181888888889
0.06040323	0.009744409	0.09325	0.0178
0.06574283	0.006139373	0.105215555556	0.0183444444444
0.05006473	0.01307642	0.0940144444444	0.0187555555556
0.04871355	0.007572283	0.0991866666667	0.0172333333333
0.07442155	0.006120849	0.105291111111	0.0182888888889
0.04800872	0.006121561	0.0998066666667	0.0172333333333
0.05197508	0.003550646	0.0940422222222	0.0187777777778
0.06839003	0.007986649	0.105417777778	0.0182222222222
0.05740212	0.008568603	0.104967777778	0.0178222222222
0.05279273	0.01123516	0.0958288888889	0.0190111111111
0.04934145	0.01238255	0.0929355555556	0.0178444444444
0.06120738	0.006717438	0.0934833333333	0.0176666666667
0.06243744	0.005346986	0.0983255555556	0.0191444444444
0.05381584	0.003935512	0.0980888888889	0.0172111111111
0.0620803	0.008938737	0.105085555556	0.0185444444444
0.05473467	0.006612298	0.0924666666667	0.0181333333333
0.05165019	0.004082533	0.0997	0.0172
0.05572062	0.006404542	0.104682222222	0.0176777777778
0.05522218	0.006970601	0.0924533333333	0.0182666666667
0.05737581	0.00528222	0.0924244444444	0.0182555555556
0.05104385	0.005496904	0.0928844444444	0.0185555555556
0.04995664	0.01374115	0.102366666667	0.0190333333333
0.03857891	0.008981509	0.105123333333	0.0185666666667
0.0593121	0.006633973	0.0937711111111	0.0187888888889
0.05481409	0.007094759	0.103644444444	0.0174555555556
0.05904057	0.006238991	0.105286666667	0.0185333333333
0.03239959	0.008708642	0.0923055555556	0.0181444444444
0.0526576	0.01098345	0.0968866666667	0.0191333333333
0.05991618	0.008198636	0.105588888889	0.0184111111111
0.06138398	0.005674113	0.0991333333333	0.0171666666667
0.04508792	0.006544416	0.0988733333333	0.0171666666667
0.06748828	0.006611404	0.105548888889	0.0179111111111
0.05272967	0.006454519	0.0969755555556	0.0191444444444
0.06609997	0.008293892	0.0965177777778	0.0191222222222
0.03758507	0.00597741	0.0928355555556	0.0177444444444
0.06223739	0.006669375	0.105511111111	0.0184888888889
0.06077668	0.007708296	0.0947722222222	0.0173777777778
0.06685301	0.005765261	0.100442222222	0.0191777777778
0.05598923	0.008178059	0.102411111111	0.0172888888889
0.04857055	0.007672074	0.0946111111111	0.0173888888889
0.0474008	0.008755882	0.0924888888889	0.0185111111111
0.0584611	0.007532835	0.100702222222	0.0191777777778
0.04834666	0.007516125	0.0921311111111	0.0180888888889
0.044392	0.005870006	0.100782222222	0.0191777777778
0.05486505	0.00666267	0.0921455555556	0.0180444444444
0.06499464	0.004907253	0.104711111111	0.0175888888889
0.06143197	0.007475508	0.100184444444	0.0171555555556
0.0454751	0.009326155	0.102946666667	0.0190333333333
0.03624329	0.006131607	0.0959355555556	0.0172444444444
0.06368283	0.006029004	0.104294444444	0.0188555555556
0.06702491	0.006867304	0.105885555556	0.0183444444444
0.06217885	0.007608693	0.0941166666667	0.0174333333333
0.04489981	0.006829514	0.0923222222222	0.0184777777778
0.06115894	0.00572899	0.0937	0.0175
0.05893462	0.006019038	0.0922555555556	0.0184444444444
0.05280354	0.00560013	0.102533333333	0.0172666666667
0.05825284	0.007933824	0.0929877777778	0.0176222222222
0.05114329	0.006306698	0.0954133333333	0.0172666666667
0.05303367	0.007039018	0.0974388888889	0.0192111111111
0.06549523	0.01003423	0.104821111111	0.0187888888889
0.06689532	0.008642368	0.100984444444	0.0171555555556
0.06743875	0.007070169	0.0958777777778	0.0172222222222
0.04437575	0.007478579	0.101462222222	0.0171777777778
0.06131106	0.006977025	0.106113333333	0.0182666666667
0.04587071	0.007068091	0.105804444444	0.0178555555556
0.04461064	0.009534778	0.103975555556	0.0189444444444
0.06697018	0.006936577	0.106088888889	0.0180111111111
0.05545174	0.006165434	0.0923044444444	0.0185555555556
0.05314042	0.008077132	0.10138	0.0192
0.05121111	0.004511673	0.0960733333333	0.0191666666667
0.05522102	0.004319291	0.0950711111111	0.0190888888889
0.04523758	0.007004299	0.0929133333333	0.0187666666667
0.05338446	0.01011881	0.100415555556	0.0192444444444
0.05225304	0.008368653	0.0925111111111	0.0176888888889
0.06268031	0.01011553	0.105695555556	0.0177444444444
0.04093937	0.01001331	0.0996133333333	0.0192666666667
0.05499708	0.00779	0.0927588888889	0.0176111111111
0.0558936	0.004977592	0.0924244444444	0.0186555555556
0.05306932	0.00481269	0.0933111111111	0.0174888888889
0.05040577	0.007987684	0.0917622222222	0.0183777777778
0.0528358	0.006596045	0.0916222222222	0.0180777777778
0.05478232	0.008532883	0.105211111111	0.0187888888889
0.06235877	0.008423652	0.106257777778	0.0184222222222
0.04678057	0.008352632	0.0916244444444	0.0180555555556
0.05308908	0.006881397	0.0940955555556	0.0173444444444
0.05150695	0.007813018	0.0916011111111	0.0180888888889
0.05166557	0.007110292	0.0968688888889	0.0171111111111
0.05809536	0.005368106	0.0930388888889	0.0175111111111
0.05817162	0.007571279	0.0934566666667	0.0174333333333
0.05747939	0.007310732	0.103551111111	0.0172888888889
0.03994823	0.007386661	0.0915777777778	0.0183222222222
0.05209232	0.008234976	0.0994844444444	0.0170555555556
0.05836663	0.007548074	0.09192	0.0178
0.05855727	0.008361747	0.0978111111111	0.0192888888889
0.05586054	0.007198223	0.105762222222	0.0186777777778
0.04916964	0.008182691	0.0956933333333	0.0171666666667
0.03950366	0.006271887	0.0980844444444	0.0170555555556
0.03690179	0.007736379	0.0943311111111	0.0172888888889
0.06859807	0.006150883	0.106188888889	0.0178111111111
0.05292038	0.008042275	0.104463333333	0.0189666666667
0.06885668	0.007759832	0.0942811111111	0.0172888888889
0.05257647	0.006969313	0.0916333333333	0.0184666666667
0.06107594	0.01183091	0.105404444444	0.0175555555556
0.05263588	0.007835333	0.0948466666667	0.0191333333333
0.06333379	0.005559505	0.103988888889	0.0173111111111
0.03430483	0.007077377	0.105062222222	0.0188777777778
0.05650255	0.008405488	0.102633333333	0.0171666666667
0.0527498	0.008364334	0.105685555556	0.0187444444444
0.05850609	0.006989438	0.104807777778	0.0174222222222
0.06704857	0.006467846	0.0981366666667	0.0170333333333
0.0568942	0.004551574	0.0914311111111	0.0183888888889
0.05621681	0.007461894	0.0993777777778	0.0170222222222
0.05385172	0.008626902	0.102851111111	0.0191888888889
0.04285793	0.008433729	0.106671111111	0.0183888888889
0.05638143	0.005878208	0.0912422222222	0.0182777777778
0.05530044	0.007639806	0.0961711111111	0.0170888888889
0.05641934	0.00681786	0.104928888889	0.0174111111111
0.05928818	0.005184365	0.0928144444444	0.0174555555556
0.06108172	0.009773613	0.0911555555556	0.0181444444444
0.05169419	0.005612152	0.0999488888889	0.0170111111111
0.06592065	0.009157993	0.106433333333	0.0185666666667
0.0472364	0.01039777	0.0926333333333	0.0188666666667
0.05008418	0.009951665	0.10638	0.0186
0.05562194	0.004734016	0.103133333333	0.0171666666667
0.06021542	0.00923082	0.105813333333	0.0175666666667
0.05371854	0.004772685	0.0938422222222	0.0172777777778
0.06107078	0.007983268	0.0958411111111	0.0170888888889
0.0503267	0.01633553	0.105687777778	0.0188222222222
0.054078	0.006803368	0.101624444444	0.0170555555556
0.06066923	0.005133773	0.103737777778	0.0172222222222
0.05897375	0.006003668	0.106533333333	0.0185666666667
0.05181391	0.007765159	0.102697777778	0.0171222222222
0.05952904	0.005833374	0.104475555556	0.0190444444444
0.05097948	0.008575799	0.0921711111111	0.0187888888889
0.07233219	0.009403244	0.105411111111	0.0188888888889
0.05985079	0.004819575	0.09765	0.017
0.0623001	0.005955256	0.0998433333333	0.0193666666667
0.05244719	0.004673427	0.0920333333333	0.0187666666667
0.04881147	0.007393131	0.0915666666667	0.0177333333333
0.05895549	0.007487052	0.0910222222222	0.0182777777778
0.05826205	0.004675633	0.100103333333	0.0193666666667
0.04976479	0.004543893	0.107004444444	0.0180555555556
0.04247573	0.00468441	0.09238	0.0175
0.05686907	0.00442127	0.106363333333	0.0186666666667
0.05623705	0.007211181	0.0934088888889	0.0173111111111
0.05889783	0.004811153	0.0913911111111	0.0185888888889
0.05755837	0.00722455	0.0919722222222	0.0187777777778
0.06626996	0.01250708	0.107103333333	0.0182666666667
0.04751616	0.00932799	0.107134444444	0.0181555555556
0.06153652	0.008349738	0.106758888889	0.0178111111111
0.05428594	0.006589113	0.0923133333333	0.0188666666667
0.05866077	0.01513076	0.106848888889	0.0185111111111
0.06268906	0.009344568	0.106817777778	0.0178222222222
0.05567426	0.007535458	0.0912288888889	0.0178111111111
0.05456654	0.01362974	0.103988888889	0.0172111111111
0.05898008	0.007510084	0.0939266666667	0.0191333333333
0.04831378	0.004915765	0.0919644444444	0.0175555555556
0.05513819	0.007271973	0.0908666666667	0.0180333333333
0.07346063	0.005463957	0.106811111111	0.0177888888889
0.04175188	0.006699715	0.0914533333333	0.0186666666667
0.04058379	0.0140936	0.0909044444444	0.0179555555556
0.05735517	0.006033023	0.0910755555556	0.0178444444444
0.07011214	0.004275391	0.106222222222	0.0175777777778
0.04534648	0.009963608	0.10616	0.0188
0.05357035	0.004141946	0.0926622222222	0.0173777777778
0.06093507	0.007510045	0.0922444444444	0.0174555555556
0.0609467	0.004808207	0.104426666667	0.0172333333333
0.05645391	0.006248522	0.0912377777778	0.0186222222222
0.06360024	0.01076433	0.0934555555556	0.0172444444444
0.06059995	0.005905775	0.0935977777778	0.0172222222222
0.06565893	0.009681987	0.107413333333	0.0181666666667
0.04236921	0.007659145	0.0913022222222	0.0176777777778
0.04512695	0.009748339	0.0907777777778	0.0179222222222
0.06087375	0.007653925	0.102973333333	0.0170666666667
0.0467872	0.01002724	0.09134	0.0187
0.05999758	0.009275625	0.107413333333	0.0180666666667
0.06321832	0.005382778	0.0962011111111	0.0169888888889
0.05995554	0.006841282	0.107085555556	0.0185444444444
0.06641373	0.007744498	0.107433333333	0.0182666666667
0.06348742	0.005567744	0.0946	0.0171
0.0661497	0.004639317	0.104873333333	0.0172666666667
0.06057735	0.008853036	0.09401	0.0192
0.0739592	0.007577441	0.104824444444	0.0172555555556
0.04634345	0.004118168	0.0909422222222	0.0185777777778
0.04072126	0.008440792	0.0966744444444	0.0169555555556
0.06222632	0.005569067	0.0937422222222	0.0171777777778
0.05752121	0.007587808	0.0910066666667	0.0177333333333
0.05400788	0.005567373	0.0970866666667	0.0169333333333
0.05664712	0.007727231	0.09904	0.0169
0.06534459	0.007117891	0.104944444444	0.0172555555556
0.04800324	0.007119519	0.0939555555556	0.0171444444444
0.06440622	0.007086762	0.103966666667	0.0171333333333
0.04328507	0.007038185	0.0909666666667	0.0177333333333
0.06969254	0.007712678	0.107381111111	0.0178888888889
0.07278174	0.006042551	0.105568888889	0.0190111111111
0.04358351	0.005833811	0.0908955555556	0.0177444444444
0.05250261	0.005448758	0.103244444444	0.0170555555556
0.05502332	0.007053351	0.105251111111	0.0172888888889
0.06852429	0.01093469	0.106755555556	0.0187444444444
0.05372962	0.009841826	0.105466666667	0.0190333333333
0.04135089	0.006688788	0.0912266666667	0.0187333333333
0.05171687	0.005439707	0.0952555555556	0.0193444444444
0.06217093	0.009828125	0.105517777778	0.0173222222222
0.05489084	0.006674406	0.101437777778	0.0194222222222
0.04252516	0.01518802	0.104967777778	0.0191222222222
0.0530361	0.007307924	0.0912711111111	0.0175888888889
0.06531656	0.005200212	0.10474	0.0172
0.05946146	0.007091788	0.101526666667	0.0169333333333
0.05453522	0.005700766	0.107177777778	0.0177222222222
0.06147919	0.009629404	0.10601	0.0174
0.04902319	0.006905982	0.0936955555556	0.0171444444444
0.04681117	0.006347889	0.0914177777778	0.0175222222222
0.04883801	0.007264201	0.0962466666667	0.0169333333333
0.05143804	0.007821008	0.105463333333	0.0190666666667
0.05608948	0.00679879	0.0935044444444	0.0171555555556
0.06934999	0.007384083	0.0909044444444	0.0176555555556
0.05476963	0.006128554	0.0901844444444	0.0181555555556
0.05335945	0.006025256	0.0926233333333	0.0172666666667
0.04963684	0.005031958	0.0924044444444	0.0190555555556
0.05126391	0.00522176	0.0993444444444	0.0168555555556
0.05080206	0.00718738	0.0945677777778	0.0193222222222
0.06138497	0.004441732	0.104255555556	0.0192444444444
0.04705888	0.005511812	0.0929455555556	0.0191444444444
0.0436438	0.005983202	0.0911411111111	0.0187888888889
0.03396966	0.008121318	0.107891111111	0.0181888888889
0.05259639	0.008397537	0.0906666666667	0.0186333333333
0.04838125	0.009385842	0.0960977777778	0.0169222222222
0.05663691	0.01013473	0.10378	0.0193
0.05427596	0.004775282	0.0951822222222	0.0193777777778
0.05763686	0.005049376	0.106991111111	0.0175888888889
0.05199975	0.005142559	0.0962488888889	0.0169111111111
0.06138932	0.005143126	0.106745555556	0.0188444444444
0.04340455	0.005688487	0.0909288888889	0.0176111111111
0.05431443	0.01062419	0.0973411111111	0.0194888888889
0.05413103	0.006146849	0.0946688888889	0.0170111111111
0.05283107	0.007174905	0.0905866666667	0.0177333333333
0.06795994	0.006311747	0.107176666667	0.0176333333333
0.05902688	0.006012157	0.0983755555556	0.0168444444444
0.05668701	0.00571566	0.0901288888889	0.0180111111111
0.05685543	0.005205558	0.0900655555556	0.0182444444444
0.06049251	0.008285976	0.104537777778	0.0171222222222
0.06104385	0.005544316	0.10553	0.0191
0.06175179	0.01293423	0.10272	0.0194
0.042285	0.007021602	0.0910111111111	0.0187888888889
0.06502836	0.006354402	0.106006666667	0.0173333333333
0.05420978	0.006690429	0.104505555556	0.0192444444444
0.05423012	0.005256432	0.1007	0.0195
0.07413755	0.008188444	0.101611111111	0.0168888888889
0.05227404	0.006344798	0.0914	0.0189
0.0592478	0.005537221	0.106722222222	0.0174777777778
0.04034729	0.008180095	0.0924955555556	0.0172444444444
0.038368	0.006491429	0.102317777778	0.0169222222222
0.05646774	0.006782162	0.0998777777778	0.0195222222222
0.0422835	0.01234757	0.0998966666667	0.0168333333333
0.04720611	0.005810932	0.0948422222222	0.0169777777778
0.05796596	0.005900968	0.100077777778	0.0195222222222
0.06867613	0.007098762	0.108068888889	0.0181111111111
0.05575024	0.005120879	0.0911088888889	0.0175111111111
0.06809315	0.006994549	0.108025555556	0.0183444444444
0.06112153	0.005258856	0.0899955555556	0.0183444444444
0.06327908	0.006587316	0.104908888889	0.0192111111111
0.06007734	0.004289616	0.1021	0.0169
0.05136625	0.006507522	0.0933688888889	0.0171111111111
0.05499839	0.005581196	0.0910366666667	0.0188333333333
0.06326942	0.008298325	0.107078888889	0.0188111111111
0.06144886	0.006257691	0.105293333333	0.0191666666667
0.04746286	0.005665155	0.10125	0.0195
0.04339716	0.005735728	0.0898844444444	0.0181555555556
0.04639301	0.01433623	0.0898866666667	0.0181333333333
0.04450938	0.008148331	0.100646666667	0.0168333333333
0.06392031	0.006937155	0.10423	0.0193
0.05856893	0.006458747	0.0929244444444	0.0171555555556
0.05999098	0.006551726	0.0907333333333	0.0187666666667
0.0558725	0.003935908	0.105597777778	0.0172222222222
0.02287328	0.00810426	0.0923466666667	0.0172333333333
0.0557209	0.008538686	0.0974977777778	0.0168222222222
0.05800396	0.005860673	0.107611111111	0.0176888888889
0.05669307	0.00570713	0.105273333333	0.0171666666667
0.03695536	0.007808451	0.0903388888889	0.0177111111111
0.04456338	0.008095315	0.0898644444444	0.0183555555556
0.04349524	0.008286289	0.104946666667	0.0192333333333
0.05487195	0.006659961	0.102897777778	0.0169222222222
0.04228633	0.007889866	0.102564444444	0.0194555555556
0.05772125	0.005351748	0.0901	0.0178
0.05134267	0.007719297	0.0974555555556	0.0195444444444
0.06125587	0.007823777	0.107411111111	0.0175888888889
0.05780629	0.007888581	0.101077777778	0.0168222222222
0.06540813	0.008571121	0.106611111111	0.0189888888889
0.05503567	0.006941812	0.103913333333	0.0193666666667
0.0715792	0.005175641	0.10792	0.0186
0.05888143	0.006151795	0.102611111111	0.0168888888889
0.06764825	0.00817114	0.107102222222	0.0174777777778
0.05775359	0.006242541	0.10629	0.0173
0.06019306	0.008444005	0.108048888889	0.0178111111111
0.05080569	0.005921884	0.0957211111111	0.0194888888889
0.04886655	0.006014571	0.0896355555556	0.0182444444444
0.06305804	0.006703903	0.101955555556	0.0168444444444
0.05282007	0.006617023	0.0910466666667	0.0174333333333
0.06049961	0.008179298	0.103068888889	0.0169111111111
0.04822053	0.007321748	0.0898877777778	0.0185222222222
0.07166952	0.009923989	0.105977777778	0.0172222222222
0.05564931	0.005800585	0.0897833333333	0.0178666666667
0.06428708	0.006821914	0.104466666667	0.0193333333333
0.04665841	0.00688113	0.0919666666667	0.0172333333333
0.05363293	0.008093516	0.0972111111111	0.0167888888889
0.06387525	0.007687725	0.0895555555556	0.0182444444444
0.066464	0.006230755	0.107958888889	0.0177111111111
0.04120864	0.009105754	0.0952422222222	0.0194777777778
0.051787	0.008378732	0.107766666667	0.0176333333333
0.05562212	0.01124017	0.106148888889	0.0191111111111
0.05773244	0.004417397	0.0895288888889	0.0182111111111
0.05656892	0.006254744	0.0897	0.0179
0.05009945	0.009391592	0.103577777778	0.0194222222222
0.05186648	0.006928842	0.108311111111	0.0178888888889
0.04639437	0.006350702	0.0931944444444	0.0170555555556
0.04392435	0.005167297	0.0895155555556	0.0182444444444
0.03239385	0.009518634	0.0925666666667	0.0171333333333
0.06029359	0.01243226	0.104657777778	0.0193222222222
0.0552475	0.004687113	0.108525555556	0.0181444444444
0.05951277	0.005929162	0.108537777778	0.0182222222222
0.05372447	0.006370425	0.106087777778	0.0172222222222
0.05632857	0.006726655	0.0912688888889	0.0190111111111
0.06749518	0.007617268	0.0896933333333	0.0178666666667
0.06097874	0.008227353	0.106973333333	0.0189666666667
0.03737047	0.007142481	0.0897577777778	0.0178222222222
0.05992593	0.006976905	0.0959777777778	0.0168222222222
0.06173801	0.006681323	0.103173333333	0.0194666666667
0.05003485	0.009531633	0.0900611111111	0.0186888888889
0.05865456	0.01109348	0.0988588888889	0.0196111111111
0.06024841	0.01049893	0.101463333333	0.0195666666667
0.05219941	0.005129545	0.0908788888889	0.0174111111111
0.04957641	0.01285918	0.10845	0.0179
0.03127624	0.006657461	0.108497777778	0.0184222222222
0.04551381	0.01380896	0.0941666666667	0.0169333333333
0.04830117	0.006251371	0.0927922222222	0.0170777777778
0.05775232	0.009634068	0.0894155555556	0.0180444444444
0.06254111	0.01093889	0.108135555556	0.0186444444444
0.04358175	0.006816084	0.0912466666667	0.0190333333333
0.05495638	0.01024529	0.104786666667	0.0193333333333
0.06808437	0.004811399	0.108051111111	0.0186888888889
0.04708031	0.01362414	0.09063	0.0189
0.07045546	0.00550389	0.107977777778	0.0187222222222
0.05345895	0.004247701	0.0895533333333	0.0178666666667
0.04336385	0.005412918	0.0911066666667	0.0173333333333
0.06143158	0.007324076	0.108696666667	0.0180333333333
0.05440578	0.005355167	0.105865555556	0.0171444444444
0.05948641	0.007234059	0.0897155555556	0.0177444444444
0.05025223	0.005311597	0.0990477777778	0.0167222222222
0.04543403	0.006164668	0.08928	0.0181
0.03982795	0.01397227	0.0906766666667	0.0189333333333
0.07474571	0.007176328	0.108753333333	0.0182666666667
0.04070801	0.009908222	0.108594444444	0.0184555555556
0.05983502	0.007530557	0.104268888889	0.0194111111111
0.05748745	0.0104392	0.106895555556	0.0190444444444
0.05481689	0.00608406	0.0931088888889	0.0170111111111
0.06315223	0.01163638	0.0938677777778	0.0194222222222
0.05517459	0.007727206	0.0892	0.0182
0.04895448	0.008735486	0.107037777778	0.0190222222222
0.06134221	0.008647053	0.100926666667	0.0167333333333
0.05367284	0.008201862	0.0942111111111	0.0168888888889
0.05332424	0.01076951	0.0921066666667	0.0192333333333
0.05131404	0.006843988	0.0933633333333	0.0169666666667
0.06165354	0.00617096	0.101398888889	0.0196111111111
0.0490229	0.00536776	0.0892	0.018
0.05609332	0.00381801	0.0966155555556	0.0167444444444
0.06708414	0.006485287	0.0953944444444	0.0195555555556
0.0422553	0.006719979	0.0934244444444	0.0169555555556
0.05924603	0.005646464	0.103338888889	0.0195111111111
0.03854579	0.009841892	0.103911111111	0.0168888888889
0.06433911	0.006528589	0.10504	0.017
0.05742552	0.005545605	0.09296	0.017
0.06939966	0.007391457	0.106148888889	0.0192111111111
0.05499974	0.009254164	0.0925	0.0193
0.069064	0.007950849	0.101377777778	0.0196222222222
0.04725332	0.004065467	0.10021	0.0167
0.06174167	0.006684696	0.103445555556	0.0168444444444
0.05130278	0.00572471	0.0918388888889	0.0192111111111
0.06933831	0.005198376	0.108613333333	0.0177666666667
0.05348295	0.00627679	0.1056	0.0193
0.06673747	0.005424671	0.108671111111	0.0177888888889
0.04042452	0.009847702	0.0912477777778	0.0191222222222
0.0491922	0.005502751	0.0936688888889	0.0169111111111
0.0577018	0.006331953	0.100181111111	0.0166888888889
0.06446836	0.006406595	0.101716666667	0.0167333333333
0.05135135	0.009251139	0.109057777778	0.0181222222222
0.07669409	0.006749086	0.107871111111	0.0188888888889
0.05888557	0.006480785	0.09498	0.0168
0.05144758	0.005840535	0.0890444444444	0.0179555555556
0.05367085	0.005611486	0.0926355555556	0.0193444444444
0.06512801	0.006530867	0.1053	0.017
0.0550207	0.01192223	0.103708888889	0.0195111111111
0.04647649	0.008661734	0.104122222222	0.0194777777778
0.05624983	0.007705194	0.104815555556	0.0169444444444
0.05246997	0.004818017	0.0892344444444	0.0185555555556
0.05788374	0.005483367	0.102812222222	0.0195777777778
0.05792894	0.007556585	0.0991033333333	0.0166666666667
0.06492843	0.007602214	0.102822222222	0.0167777777778
0.06011446	0.004653603	0.091	0.0191
0.05194798	0.007718226	0.0918455555556	0.0192444444444
0.06663423	0.004046688	0.107093333333	0.0172666666667
0.04581252	0.0114135	0.0984611111111	0.0196888888889
0.05265806	0.008696922	0.0916055555556	0.0171444444444
0.05439168	0.004628136	0.0934488888889	0.0169111111111
0.05288576	0.005775261	0.108225555556	0.0175444444444
0.04802518	0.006090664	0.0931677777778	0.0194222222222
0.04616628	0.007274051	0.108938888889	0.0185111111111
0.06486192	0.008822564	0.0910377777778	0.0191222222222
0.05075624	0.005710359	0.108486666667	0.0187333333333
0.06302165	0.008174637	0.10859	0.0187
0.06316779	0.007679451	0.109077777778	0.0184222222222
0.03972169	0.006792988	0.0891622222222	0.0185777777778
0.06000539	0.004503929	0.0961888888889	0.0167111111111
0.0566376	0.007291394	0.0904555555556	0.0173444444444
0.04979962	0.00414809	0.0898344444444	0.0188555555556
0.05580239	0.003854121	0.0891111111111	0.0177888888889
0.0595387	0.004695941	0.103142222222	0.0167777777778
0.04753957	0.006337578	0.0919733333333	0.0170666666667
0.06794751	0.006061755	0.108122222222	0.0174777777778
0.04656906	0.008669872	0.0890844444444	0.0185555555556
0.06016039	0.005992025	0.108837777778	0.0186222222222
0.05150353	0.00584353	0.0887444444444	0.0181555555556
0.0523613	0.004434274	0.101511111111	0.0166888888889
0.06137978	0.01302496	0.104482222222	0.0194777777778
0.04966035	0.01051229	0.08912	0.0186
0.07312495	0.004917675	0.108055555556	0.0174444444444
0.06031466	0.005605059	0.0964333333333	0.0196666666667
0.05569514	0.007777695	0.0914566666667	0.0171333333333
0.06422277	0.003622094	0.105304444444	0.0169555555556
0.05547651	0.008518084	0.108356666667	0.0188333333333
0.04565511	0.008427316	0.0991866666667	0.0166333333333
0.05455149	0.008315905	0.109023333333	0.0185666666667
0.0539178	0.005031298	0.0946222222222	0.0195777777778
0.03047352	0.007105571	0.08927	0.0187
0.05507655	0.004969079	0.109248888889	0.0184111111111
0.05570653	0.005815144	0.0914888888889	0.0171111111111
0.07473728	0.004724059	0.108811111111	0.0186888888889
0.07058649	0.004944409	0.106548888889	0.0171111111111
0.05767738	0.006358875	0.107084444444	0.0191555555556
0.06494713	0.008490077	0.108581111111	0.0187888888889
0.06900096	0.006142604	0.108996666667	0.0177333333333
0.04958536	0.00543285	0.0893511111111	0.0175888888889
0.05582915	0.009040861	0.10714	0.0172
0.05038703	0.003069671	0.0901444444444	0.0173555555556
0.05995304	0.007335637	0.105	0.0169
0.04889207	0.00459396	0.0981377777778	0.0166222222222
0.05100545	0.009369729	0.0922333333333	0.0193666666667
0.05329304	0.007104946	0.0892366666667	0.0187333333333
0.06339874	0.004937207	0.0979777777778	0.0166222222222
0.06300812	0.006727639	0.109355555556	0.0179444444444
0.05448905	0.00987672	0.0886766666667	0.0179333333333
0.04905852	0.008990395	0.0892555555556	0.0187444444444
0.07325096	0.004605586	0.108713333333	0.0187666666667
0.04364239	0.009538277	0.0885444444444	0.0182555555556
0.04568037	0.006212684	0.0886455555556	0.0179444444444
0.04581282	0.008082787	0.0913288888889	0.0171111111111
0.05152375	0.008317335	0.0885511111111	0.0182888888889
0.06074501	0.01040388	0.109502222222	0.0181777777778
0.05986907	0.006117801	0.101564444444	0.0166555555556
0.05765076	0.0108441	0.0938155555556	0.0195444444444
0.04596294	0.005803322	0.0961133333333	0.0166666666667
0.06669834	0.009022222	0.105812222222	0.0193777777778
0.01998459	0.008162258	0.0893444444444	0.0175555555556
0.06311294	0.005949567	0.107162222222	0.0191777777778
0.067769	0.01256439	0.1052	0.0169
0.06153567	0.01045182	0.0890022222222	0.0186777777778
0.04847863	0.006165318	0.0900044444444	0.0173555555556
0.0663706	0.01094583	0.0986144444444	0.0197555555556
0.0658121	0.006080636	0.0897755555556	0.0189444444444
0.04745553	0.009576457	0.0895733333333	0.0174666666667
0.05666559	0.008693878	0.0900777777778	0.0190222222222
0.0624779	0.006270354	0.108224444444	0.0189555555556
0.06716987	0.008179053	0.108471111111	0.0188888888889
0.05985247	0.01282239	0.0981644444444	0.0197555555556
0.05709588	0.007728823	0.105203333333	0.0194666666667
0.04731224	0.008498698	0.0896766666667	0.0189333333333
0.0455495	0.006120241	0.1002	0.0166
0.05563761	0.005364319	0.0932255555556	0.0168444444444
0.06664381	0.0100141	0.0890466666667	0.0187333333333
0.06593594	0.008171222	0.104082222222	0.0195777777778
0.04457621	0.007458296	0.0923666666667	0.0169333333333
0.0388727	0.008523501	0.0914444444444	0.0170555555556
0.0460136	0.005304933	0.0981333333333	0.0197666666667
0.05262408	0.007226235	0.0943388888889	0.0196111111111
0.06609642	0.006944328	0.107498888889	0.0172111111111
0.05056004	0.009704673	0.0944766666667	0.0167333333333
0.05892352	0.007787333	0.0938822222222	0.0167777777778
0.05606159	0.007517998	0.0940011111111	0.0195888888889
0.06926246	0.006743551	0.106713333333	0.0170666666667
0.06476125	0.007365307	0.109	0.0176
0.051224	0.01138972	0.09175	0.017
0.05603427	0.005570146	0.107077777778	0.0171222222222
0.05637558	0.005729525	0.0919733333333	0.0169666666667
0.05996605	0.004412343	0.108448888889	0.0174111111111
0.06767703	0.008406767	0.109222222222	0.0186777777778
0.05494786	0.008506187	0.08976	0.019
0.04391233	0.008126151	0.0882622222222	0.0182777777778
0.05564725	0.006956668	0.0921777777778	0.0194222222222
0.056116	0.006672221	0.0950522222222	0.0166777777778
0.0283213	0.009149655	0.1097	0.0184
0.0731335	0.006574445	0.105786666667	0.0194333333333
0.05345629	0.00568058	0.0883111111111	0.0183888888889
0.05971197	0.00522622	0.101588888889	0.0166111111111
0.06356292	0.008210026	0.0998111111111	0.0197888888889
0.04761188	0.004616484	0.100522222222	0.0165777777778
0.05334456	0.007804005	0.0884566666667	0.0185333333333
0.06644525	0.006638305	0.1042	0.0196
0.06723251	0.006369135	0.101133333333	0.0197666666667
0.06565088	0.005383232	0.0973022222222	0.0197777777778
0.05883766	0.007058736	0.08872	0.0187
0.05749928	0.007610115	0.0881622222222	0.0180777777778
0.05851634	0.008824669	0.109855555556	0.0180444444444
0.06617303	0.005649066	0.0951444444444	0.0166555555556
0.0499451	0.01264017	0.0947722222222	0.0166777777778
0.05115232	0.005218587	0.109381111111	0.0186888888889
0.05172779	0.005834876	0.08908	0.0175
0.04419397	0.006941564	0.0939266666667	0.0167333333333
0.03440829	0.01143087	0.0995488888889	0.0198111111111
0.05491516	0.006739065	0.0926755555556	0.0168444444444
0.06038001	0.006828385	0.0983155555556	0.0165444444444
0.05286518	0.008366493	0.109957777778	0.0181222222222
0.0695992	0.008187857	0.107741111111	0.0171888888889
0.06035294	0.00574722	0.0928677777778	0.0168222222222
0.06916849	0.00715632	0.0951455555556	0.0166444444444
0.06776662	0.006740673	0.0885933333333	0.0176666666667
0.06618493	0.007146283	0.108903333333	0.0174666666667
0.06157196	0.005035155	0.104368888889	0.0196111111111
0.04529506	0.005247122	0.0881688888889	0.0179111111111
0.05317079	0.006104926	0.109242222222	0.0175777777778
0.04862218	0.006296626	0.102537777778	0.0166222222222
0.04907871	0.006364236	0.0915022222222	0.0193777777778
0.05638508	0.008187028	0.0884588888889	0.0177111111111
0.05860924	0.0039644	0.106724444444	0.0193555555556
0.06028904	0.00514472	0.106246666667	0.0169333333333
0.04162797	0.006009817	0.101004444444	0.0165555555556
0.06036373	0.006671212	0.103602222222	0.0166777777778
0.01653122	0.008552104	0.0957944444444	0.0197555555556
0.05664722	0.006394726	0.102906666667	0.0166333333333
0.04675578	0.008818243	0.0936677777778	0.0196222222222
0.06795072	0.007062861	0.1077	0.0192
0.06524066	0.005107293	0.109993333333	0.0179666666667
0.0548681	0.003173744	0.10235	0.0166
0.02999033	0.007081058	0.0879855555556	0.0183444444444
0.02644463	0.005650647	0.100366666667	0.0165333333333
0.07123009	0.008701045	0.104446666667	0.0167333333333
0.05340169	0.01238577	0.107108888889	0.0193111111111
0.0598552	0.009194735	0.0886622222222	0.0175777777778
0.06991625	0.005252828	0.104215555556	0.0196444444444
0.04289167	0.00852485	0.09662	0.0198
0.06468873	0.00658923	0.105113333333	0.0195666666667
0.05539691	0.008153131	0.109905555556	0.0178444444444
0.0539306	0.00759027	0.109688888889	0.0177111111111
0.07236187	0.006154501	0.106406666667	0.0169333333333
0.05706639	0.005205589	0.0880533333333	0.0178666666667
0.05664328	0.007064896	0.0935666666667	0.0196333333333
0.05898725	0.004623302	0.0920222222222	0.0168777777778
0.05890179	0.006036017	0.0939811111111	0.0166888888889
0.05685793	0.005999738	0.0964044444444	0.0165555555556
0.05867254	0.004449378	0.0915666666667	0.0169333333333
0.05929743	0.007454011	0.105981111111	0.0194888888889
0.06235615	0.005123965	0.105162222222	0.0167777777778
0.04674407	0.004833118	0.0948577777778	0.0166222222222
0.06884222	0.003513894	0.109294444444	0.0188555555556
0.06282112	0.007458456	0.0939422222222	0.0166777777778
0.05357542	0.005894648	0.0879333333333	0.0184666666667
0.0551711	0.007725332	0.0966777777778	0.0198222222222
0.02765416	0.008739519	0.0949188888889	0.0166111111111
0.04471664	0.009490455	0.0998044444444	0.0198555555556
0.05732154	0.005744215	0.0949088888889	0.0166111111111
0.04916653	0.007014997	0.109252222222	0.0188777777778
0.01668241	0.01054719	0.0881888888889	0.0177111111111
0.06988639	0.007849845	0.110102222222	0.0184777777778
0.05887485	0.007143575	0.0883188888889	0.0187111111111
0.052958	0.004871452	0.0878666666667	0.0184333333333
0.05457942	0.005699454	0.0973355555556	0.0198444444444
0.06344648	0.005458032	0.0924088888889	0.0168111111111
0.05872841	0.006382165	0.103864444444	0.0166555555556
0.04702593	0.005348943	0.0994111111111	0.0164888888889
0.05894571	0.006115531	0.0985611111111	0.0164888888889
0.05594363	0.00518635	0.0985111111111	0.0164888888889
0.04401805	0.007078368	0.0966877777778	0.0165222222222
0.05478739	0.002966822	0.106373333333	0.0194666666667
0.06069307	0.007054941	0.109053333333	0.0189666666667
0.06157099	0.008237688	0.110042222222	0.0185777777778
0.06208408	0.004828861	0.08972	0.0172
0.03958551	0.005454104	0.0929055555556	0.0167444444444
0.06464213	0.004142479	0.110386666667	0.0181333333333
0.04259168	0.004893339	0.110072222222	0.0177777777778
0.06518929	0.005545395	0.0997522222222	0.0198777777778
0.05702909	0.009901172	0.0894555555556	0.0172444444444
0.05228926	0.005838606	0.0941066666667	0.0166333333333
0.07107838	0.01373396	0.106462222222	0.0194777777778
0.06725201	0.005200829	0.110427777778	0.0183222222222
0.05110947	0.004278117	0.0912988888889	0.0169111111111
0.06915082	0.00761424	0.0995911111111	0.0198888888889
0.054374	0.005694787	0.0908222222222	0.0193777777778
0.05827057	0.006334105	0.0935933333333	0.0166666666667
0.04055871	0.006930971	0.09662	0.0165
0.05453322	0.009204006	0.106431111111	0.0194888888889
0.04052846	0.005936888	0.0980533333333	0.0164666666667
0.05346778	0.006660222	0.0946411111111	0.0165888888889
0.02898652	0.01010337	0.0876555555556	0.0184444444444
0.06256885	0.0042117	0.101141111111	0.0164888888889
0.04188137	0.004491264	0.0876933333333	0.0178666666667
0.05107543	0.005649551	0.109802222222	0.0187777777778
0.06247276	0.008083987	0.105388888889	0.0196111111111
0.04941212	0.006101529	0.0927377777778	0.0196222222222
0.05600774	0.004420451	0.0906	0.017
0.06178596	0.006916496	0.0918977777778	0.0168222222222
0.04228993	0.009036044	0.10948	0.0189
0.05886136	0.005707971	0.108402222222	0.0191777777778
0.04605545	0.007657264	0.107953333333	0.0192666666667
0.04270901	0.01231802	0.0931911111111	0.0166888888889
0.05463472	0.00822656	0.09055	0.017
0.05648507	0.004692907	0.0876666666667	0.0178333333333
0.05495323	0.006873285	0.0882044444444	0.0175555555556
0.05816969	0.01030232	0.109038888889	0.0173111111111
0.05528191	0.009305595	0.0911155555556	0.0194444444444
0.05963364	0.005360366	0.0951555555556	0.0165444444444
0.05152739	0.007832438	0.100294444444	0.0164555555556
0.05311816	0.005465252	0.0943811111111	0.0165888888889
0.05549146	0.005234174	0.08743	0.0183
0.06073853	0.006266881	0.0945022222222	0.0165777777778
0.05641391	0.006935285	0.10201	0.0165
0.04649791	0.005602404	0.103711111111	0.0165888888889
0.05110671	0.01025658	0.0957288888889	0.0165111111111
0.04880107	0.005536415	0.1057	0.0196
0.04902449	0.01039386	0.0999488888889	0.0199111111111
0.06482107	0.006823038	0.104366666667	0.0166333333333
0.05458715	0.0078287	0.0878411111111	0.0176888888889
0.03978851	0.006474878	0.0881111111111	0.0187888888889
0.05348972	0.005511166	0.0895333333333	0.0171666666667
0.03623591	0.006989096	0.0913533333333	0.0168666666667
0.05250319	0.005451433	0.100744444444	0.0164555555556
0.04859152	0.006259796	0.0874766666667	0.0184333333333
0.04936152	0.01121275	0.0936066666667	0.0166333333333
0.0723712	0.003984455	0.110097777778	0.0187222222222
0.03579734	0.004718425	0.09717	0.0199
0.05858918	0.006053686	0.0919511111111	0.0167888888889
0.04325953	0.008687177	0.0895544444444	0.0171555555556
0.04370776	0.007762235	0.11069	0.0182
0.05880217	0.007919452	0.0994166666667	0.0164333333333
0.04967673	0.01035707	0.104595555556	0.0166444444444
0.05475658	0.004712539	0.105893333333	0.0167666666667
0.0545474	0.01029914	0.0983866666667	0.0164333333333
0.07881099	0.008168174	0.109877777778	0.0188222222222
0.04796837	0.005194811	0.0915466666667	0.0168333333333
0.04875729	0.006719795	0.0983466666667	0.0164333333333
0.0642742	0.005514899	0.110575555556	0.0184444444444
0.05897618	0.004992122	0.105725555556	0.0167444444444
0.06497935	0.007011432	0.10584	0.0196
0.06043669	0.004084939	0.109991111111	0.0187888888889
0.04667998	0.01099676	0.0890788888889	0.0191111111111
0.05236806	0.007230802	0.0971955555556	0.0164444444444
0.05021874	0.006531997	0.0907277777778	0.0194222222222
0.06607085	0.006113897	0.109878888889	0.0175111111111
0.06076114	0.007093912	0.107856666667	0.0193333333333
0.05639655	0.009136358	0.0925388888889	0.0167111111111
0.05185215	0.00755722	0.09548	0.0165
0.07345959	0.003707657	0.102987777778	0.0165222222222
0.06661529	0.009306062	0.110695555556	0.0179444444444
0.05606378	0.008509127	0.103046666667	0.0198333333333
0.06032171	0.006648757	0.0949777777778	0.0165222222222
0.04824675	0.005539056	0.0949777777778	0.0165222222222
0.06605059	0.008939885	0.0922566666667	0.0167333333333
0.02430057	0.01271897	0.100107777778	0.0164222222222
0.06478751	0.00862367	0.104707777778	0.0197222222222
0.05804855	0.00796097	0.0892922222222	0.0171777777778
0.05641442	0.006951168	0.0871911111111	0.0181888888889
0.06198271	0.007807732	0.10928	0.0173
0.05417457	0.009472351	0.0883077777778	0.0174222222222
0.05795882	0.006582874	0.0876333333333	0.0186666666667
0.05912376	0.006076028	0.10553	0.0167
0.05910384	0.007192313	0.0899666666667	0.0170333333333
0.04298429	0.005238407	0.0896	0.0171
0.04341176	0.004102371	0.09154	0.0168
0.03504005	0.006169577	0.0927833333333	0.0166666666667
0.0511865	0.004668704	0.106964444444	0.0168555555556
0.0759562	0.008950495	0.107436666667	0.0194333333333
0.06190241	0.00525799	0.100368888889	0.0164111111111
0.04600252	0.007671895	0.09856	0.0164
0.04749901	0.00530813	0.0881588888889	0.0189111111111
0.06464644	0.004806329	0.100488888889	0.0164111111111
0.0498429	0.008154691	0.0917333333333	0.0167666666667
0.06170366	0.006673	0.105684444444	0.0196555555556
0.05776166	0.006751496	0.0981	0.0164
0.06106392	0.006791144	0.0961955555556	0.0164444444444
0.06703102	0.006049742	0.109971111111	0.0188888888889
0.04322898	0.007671978	0.0886922222222	0.0190777777778
0.04244156	0.00955315	0.0887744444444	0.0172555555556
0.05525644	0.005997942	0.0870555555556	0.0181444444444
0.06434186	0.007919458	0.110866666667	0.0179333333333
0.06514383	0.005515595	0.0901322222222	0.0193777777778
0.02867703	0.009126578	0.0909755555556	0.0168444444444
0.0569974	0.007898483	0.0979111111111	0.0163888888889
0.06977554	0.007697789	0.102932222222	0.0164777777778
0.06043281	0.007579748	0.107844444444	0.0169555555556
0.06508538	0.008557334	0.10338	0.0165
0.05252302	0.006356089	0.0957488888889	0.0199111111111
0.06088459	0.008969776	0.103946666667	0.0165333333333
0.05183659	0.003982872	0.101	0.0164
0.05976022	0.004729397	0.105702222222	0.0166777777778
0.06353975	0.009717783	0.107461111111	0.0168888888889
0.06332041	0.005932846	0.0981722222222	0.0163777777778
0.05386599	0.008283619	0.101495555556	0.0199444444444
0.03610883	0.006242551	0.0869555555556	0.0180444444444
0.05929245	0.005492958	0.0945244444444	0.0198555555556
0.0407418	0.009872157	0.0873922222222	0.0186777777778
0.05963787	0.003991599	0.100122222222	0.0163777777778
0.05820873	0.005856274	0.101588888889	0.0164111111111
0.06635967	0.006725628	0.101244444444	0.0199555555556
0.06194977	0.005933428	0.108691111111	0.0170888888889
0.04414482	0.01075646	0.110984444444	0.0184555555556
0.04190801	0.006945425	0.0881422222222	0.0173777777778
0.05614993	0.005349598	0.0923311111111	0.0196888888889
0.06095301	0.009630359	0.0902766666667	0.0194333333333
0.03317898	0.005999121	0.0975322222222	0.0163777777778
0.04867248	0.007654447	0.0891955555556	0.0192444444444
0.05507804	0.006126191	0.106155555556	0.0196444444444
0.05138446	0.008595542	0.0873422222222	0.0176777777778
0.03445125	0.009576256	0.0875733333333	0.0175666666667
0.04196628	0.009777888	0.0871622222222	0.0185777777778
0.06166264	0.006081692	0.0928555555556	0.0197444444444
0.05594229	0.004891559	0.101858888889	0.0164111111111
