root_height	pop_size	pi_net	pi_within
0.04605472	0.003962023	0.0918222222222	0.00777777777778
0.05372308	0.004497068	0.0921044444444	0.00775555555556
0.05403296	0.008646686	0.0917888888889	0.00781111111111
0.05666581	0.003432685	0.0916933333333	0.00776666666667
0.04692866	0.004810025	0.09166	0.0078
0.05062707	0.003680114	0.0923044444444	0.00775555555556
0.04708562	0.006367597	0.0917666666667	0.00783333333333
0.04624711	0.00390698	0.0916333333333	0.00776666666667
0.05450997	0.003061904	0.0916333333333	0.00776666666667
0.04808587	0.003899392	0.0916	0.0078
0.04875296	0.004628731	0.0920777777778	0.00772222222222
0.04926637	0.00355608	0.0923555555556	0.00774444444444
0.03857929	0.004705627	0.0924788888889	0.00781111111111
0.05474608	0.002073585	0.0925	0.0078
0.05444711	0.006127214	0.0925022222222	0.00777777777778
0.05386901	0.003710714	0.0924888888889	0.00781111111111
0.0539844	0.003758975	0.0919333333333	0.00786666666667
0.05088759	0.003705428	0.0925444444444	0.00775555555556
0.05194654	0.00289812	0.0920222222222	0.00787777777778
0.04989418	0.004069489	0.0920222222222	0.00787777777778
0.0478062	0.004501661	0.0921222222222	0.00787777777778
0.05532873	0.003983877	0.0921222222222	0.00787777777778
0.05807823	0.003955827	0.0917	0.0077
0.05319086	0.003833365	0.0919111111111	0.00788888888889
0.04952933	0.005334116	0.09166	0.0077
0.05116869	0.004793001	0.0927	0.0078
0.04531503	0.004601742	0.0927	0.0078
0.04548576	0.003993161	0.0921911111111	0.00788888888889
0.04677855	0.005282081	0.0922111111111	0.00788888888889
0.04511266	0.003886114	0.0914644444444	0.00785555555556
0.04470691	0.005378638	0.0913	0.0078
0.05701596	0.003282124	0.0922711111111	0.00768888888889
0.07260328	0.005720606	0.092	0.0079
0.03957738	0.005048566	0.0913666666667	0.00773333333333
0.03084075	0.004071405	0.0927722222222	0.00777777777778
0.0512688	0.004688254	0.0926444444444	0.00785555555556
0.04973596	0.007299712	0.0915	0.0077
0.05304336	0.004560206	0.0927777777778	0.00782222222222
0.04626182	0.006807975	0.0917588888889	0.00791111111111
0.0534495	0.008928798	0.0926111111111	0.00788888888889
0.04800916	0.005000302	0.0911377777778	0.00782222222222
0.0451276	0.003916821	0.0915	0.0079
0.05072344	0.006293692	0.09132	0.0077
0.05229317	0.003714436	0.0926	0.0079
0.03716445	0.009907295	0.0928133333333	0.00786666666667
0.03980195	0.004163735	0.0929444444444	0.00775555555556
0.04527344	0.004514993	0.0914	0.0079
0.04351373	0.005425559	0.0920666666667	0.00793333333333
0.0473034	0.002964274	0.0913111111111	0.00768888888889
0.03647197	0.005333055	0.0917666666667	0.00793333333333
0.05509119	0.002938433	0.0909888888889	0.00781111111111
0.05863324	0.006998993	0.0920555555556	0.00794444444444
0.04811906	0.005159012	0.0918666666667	0.00763333333333
0.05289985	0.004670203	0.0924555555556	0.00764444444444
0.03018439	0.00586916	0.0917666666667	0.00763333333333
0.04980289	0.005031324	0.0911222222222	0.00787777777778
0.05025996	0.005404051	0.09291	0.0077
0.05744331	0.007164421	0.0930555555556	0.00774444444444
0.04052794	0.003392496	0.0913777777778	0.00792222222222
0.05799454	0.004886493	0.0929888888889	0.00771111111111
0.05539026	0.004052916	0.0909	0.0078
0.03597573	0.003089136	0.0927688888889	0.00791111111111
0.04774813	0.004251172	0.0918444444444	0.00795555555556
0.05572356	0.003642525	0.0914066666667	0.00793333333333
0.05619127	0.007478572	0.0926555555556	0.00764444444444
0.06231114	0.005816455	0.0910022222222	0.00787777777778
0.03982996	0.004545603	0.0908666666667	0.00783333333333
0.04782912	0.006565463	0.0909488888889	0.00771111111111
0.03671182	0.003499984	0.0920888888889	0.00761111111111
0.03548632	0.003964651	0.0931555555556	0.00784444444444
0.0438535	0.003897872	0.0922233333333	0.00796666666667
0.04480847	0.006234362	0.0924777777778	0.00762222222222
0.05661242	0.003128177	0.0913755555556	0.00794444444444
0.04715508	0.004163143	0.0910322222222	0.00767777777778
0.03859141	0.006519315	0.0907888888889	0.00781111111111
0.05929122	0.004434223	0.0907888888889	0.00781111111111
0.05116659	0.00395469	0.0929333333333	0.00766666666667
0.05593851	0.004862453	0.0923888888889	0.00761111111111
0.04807431	0.005039311	0.0915888888889	0.00761111111111
0.03422042	0.005389963	0.0921	0.0076
0.05098336	0.002847647	0.09192	0.0076
0.04977181	0.003404203	0.0921222222222	0.00797777777778
0.04797689	0.002820393	0.0921722222222	0.00797777777778
0.05345042	0.004222022	0.0918	0.0076
0.04672513	0.003735993	0.0926444444444	0.00795555555556
0.04836827	0.004826408	0.0907555555556	0.00774444444444
0.04999745	0.003891024	0.0925333333333	0.00796666666667
0.04410902	0.004980788	0.0929677777778	0.00792222222222
0.03966047	0.004309884	0.0907366666667	0.00783333333333
0.05399436	0.004695415	0.0907555555556	0.00784444444444
0.04208444	0.004358225	0.0933222222222	0.00777777777778
0.05554829	0.00511544	0.0925	0.0076
0.05359801	0.006342657	0.0912377777778	0.00762222222222
0.04552197	0.005379723	0.0932688888889	0.00771111111111
0.04348318	0.004129945	0.0930444444444	0.00765555555556
0.05517815	0.00351888	0.0933555555556	0.00774444444444
0.05431626	0.003292124	0.0930777777778	0.00792222222222
0.06099498	0.002333693	0.0909044444444	0.00765555555556
0.05676123	0.002753639	0.0909666666667	0.00793333333333
0.036663	0.006975888	0.09071	0.0077
0.05705207	0.003494616	0.0930666666667	0.00793333333333
0.05600441	0.005488788	0.0919888888889	0.00801111111111
0.04777988	0.005170719	0.0907222222222	0.00767777777778
0.04909397	0.001893331	0.0931555555556	0.00764444444444
0.05075373	0.004621217	0.0927111111111	0.00758888888889
0.05665859	0.003997558	0.0922888888889	0.00801111111111
0.04524901	0.00493924	0.0932444444444	0.00765555555556
0.04299932	0.006584928	0.09066	0.0079
0.0521892	0.003334266	0.0906111111111	0.00788888888889
0.0513143	0.003369156	0.0934788888889	0.00771111111111
0.04534134	0.002900633	0.0915333333333	0.00756666666667
0.04640374	0.005083794	0.0907666666667	0.00793333333333
0.04492613	0.005522203	0.09349	0.0077
0.04466959	0.003687033	0.0916777777778	0.00802222222222
0.03866548	0.002966449	0.0935444444444	0.00785555555556
0.05054148	0.006742894	0.0906744444444	0.00765555555556
0.05178256	0.006087647	0.0932555555556	0.00794444444444
0.04711274	0.005112647	0.0926888888889	0.00801111111111
0.05903344	0.002505385	0.0926888888889	0.00801111111111
0.04209659	0.006451369	0.0928622222222	0.00757777777778
0.0454811	0.004581824	0.0912888888889	0.00801111111111
0.04674276	0.005383458	0.0922555555556	0.00754444444444
0.05011969	0.002672429	0.0935888888889	0.00771111111111
0.03526232	0.006710403	0.0935822222222	0.00787777777778
0.04928323	0.004226747	0.0913777777778	0.00802222222222
0.04923581	0.003947942	0.0905288888889	0.00791111111111
0.05547359	0.003923112	0.0909711111111	0.00798888888889
0.04465211	0.005552677	0.0903555555556	0.00784444444444
0.04375303	0.005912768	0.0911933333333	0.00756666666667
0.05132676	0.005198789	0.0906555555556	0.00794444444444
0.04922703	0.005850783	0.0927244444444	0.00755555555556
0.04579843	0.003761784	0.0922066666667	0.00753333333333
0.0580021	0.00299611	0.0902888888889	0.00781111111111
0.04282114	0.004069785	0.0908222222222	0.00797777777778
0.04089158	0.003622979	0.0907333333333	0.00796666666667
0.04536366	0.006071695	0.0904222222222	0.00767777777778
0.0485216	0.003266795	0.0936888888889	0.00771111111111
0.05496473	0.002513918	0.0936122222222	0.00767777777778
0.05042541	0.003590935	0.0903711111111	0.00768888888889
0.05671845	0.00545548	0.0902555555556	0.00774444444444
0.05720788	0.005737798	0.0929933333333	0.00756666666667
0.04390744	0.003766956	0.0925155555556	0.00804444444444
0.05081924	0.00455481	0.0905566666667	0.00763333333333
0.05691354	0.005572241	0.0937444444444	0.00785555555556
0.04254322	0.006685092	0.0934177777778	0.00762222222222
0.04838878	0.003372989	0.0936133333333	0.00766666666667
0.04738805	0.005256361	0.0923477777778	0.00752222222222
0.03247661	0.011258	0.0937111111111	0.00788888888889
0.0489625	0.004086725	0.0903633333333	0.00766666666667
0.05492527	0.005640128	0.0925277777778	0.00752222222222
0.04583664	0.004462891	0.0909977777778	0.00802222222222
0.03340832	0.004165542	0.0912666666667	0.00753333333333
0.05375049	0.003227532	0.0914577777778	0.00752222222222
0.03378642	0.003803175	0.0901422222222	0.00777777777778
0.05482506	0.005000224	0.0927766666667	0.00753333333333
0.03572205	0.007991015	0.0938666666667	0.00773333333333
0.05132036	0.003094683	0.0902	0.0077
0.04951402	0.002831945	0.0933	0.008
0.04966006	0.006617706	0.0930066666667	0.00803333333333
0.03561275	0.004750297	0.0936666666667	0.00793333333333
0.04590606	0.005006155	0.0904444444444	0.00795555555556
0.05880708	0.003829902	0.0925288888889	0.00751111111111
0.04853275	0.004430747	0.09181	0.0075
0.04664816	0.003918707	0.0929466666667	0.00753333333333
0.05367092	0.005830906	0.0917222222222	0.00807777777778
0.04553581	0.003722071	0.0937266666667	0.00793333333333
0.04465021	0.004111256	0.0902477777778	0.00792222222222
0.05461491	0.00393354	0.0900444444444	0.00775555555556
0.04981828	0.004857854	0.0939777777778	0.00782222222222
0.04844615	0.002964869	0.09246	0.0075
0.04507522	0.004610431	0.0907777777778	0.00802222222222
0.05828953	0.004053368	0.0908555555556	0.00754444444444
0.05635315	0.005450409	0.0920111111111	0.00748888888889
0.04903404	0.006245564	0.0918911111111	0.00808888888889
0.05252926	0.006066476	0.0926222222222	0.00807777777778
0.04528606	0.004733109	0.0911888888889	0.00751111111111
0.05697859	0.004159741	0.0924111111111	0.00808888888889
0.0576627	0.003066421	0.0932666666667	0.00803333333333
0.05568785	0.004534168	0.0940555555556	0.00774444444444
0.05385767	0.003478116	0.0938777777778	0.00792222222222
0.05594846	0.005250863	0.0909577777778	0.00752222222222
0.04835323	0.004330837	0.0930777777778	0.00752222222222
0.05122848	0.004517192	0.0940444444444	0.00785555555556
0.04578118	0.006688819	0.0921222222222	0.00747777777778
0.04789868	0.003857384	0.0921422222222	0.00747777777778
0.05229385	0.003160246	0.0908155555556	0.00804444444444
0.04619359	0.005955234	0.0907155555556	0.00754444444444
0.03690991	0.006170631	0.09044	0.008
0.05518905	0.002461643	0.0916222222222	0.00747777777778
0.03387753	0.003603284	0.0906466666667	0.00803333333333
0.05114519	0.004048285	0.0906455555556	0.00754444444444
0.04399388	0.003438024	0.0915222222222	0.00747777777778
0.04927733	0.006044432	0.0915	0.0081
0.05401079	0.003805458	0.0898777777778	0.00782222222222
0.04387307	0.00368184	0.0939266666667	0.00793333333333
0.04456395	0.005505762	0.0933355555556	0.00804444444444
0.05259198	0.004337139	0.0941555555556	0.00774444444444
0.05840924	0.00636786	0.0938288888889	0.00761111111111
0.06062169	0.005472149	0.0922888888889	0.00811111111111
0.04605718	0.00552079	0.0933666666667	0.00753333333333
0.05419319	0.003977947	0.0899	0.0077
0.05559967	0.004538604	0.0915888888889	0.00811111111111
0.05511923	0.003817414	0.0898111111111	0.00778888888889
0.04572713	0.003926109	0.0939555555556	0.00794444444444
0.04878315	0.003750115	0.0925333333333	0.00746666666667
0.05290773	0.006772492	0.0909222222222	0.00807777777778
0.05925659	0.007124146	0.0919777777778	0.00812222222222
0.05246215	0.004552535	0.0941888888889	0.00771111111111
0.05212967	0.003384591	0.0922777777778	0.00812222222222
0.0525747	0.003628761	0.0913688888889	0.00811111111111
0.04668371	0.004785973	0.0899444444444	0.00765555555556
0.05289019	0.003551851	0.0926688888889	0.00811111111111
0.04972015	0.004813611	0.0899666666667	0.00793333333333
0.04707517	0.004022941	0.09378	0.008
0.04487573	0.00297106	0.0938	0.008
0.06179914	0.003617467	0.0931111111111	0.00808888888889
0.04475492	0.002729195	0.0914944444444	0.00745555555556
0.05217652	0.005709093	0.0931211111111	0.00808888888889
0.04085697	0.005478871	0.0940555555556	0.00794444444444
0.04860223	0.008270897	0.0928333333333	0.00746666666667
0.05577558	0.005118767	0.0921666666667	0.00813333333333
0.03161396	0.008720624	0.0940766666667	0.00763333333333
0.04520795	0.003396658	0.0908511111111	0.00748888888889
0.03904665	0.002881377	0.0897911111111	0.00768888888889
0.04674551	0.00602269	0.0906233333333	0.00806666666667
0.0412113	0.004309107	0.0901111111111	0.00798888888889
0.05681014	0.005651322	0.0923755555556	0.00744444444444
0.05669761	0.003861887	0.0903466666667	0.00803333333333
0.04228964	0.005606411	0.0942888888889	0.00771111111111
0.03960954	0.005940996	0.0899888888889	0.00761111111111
0.04720529	0.005618983	0.0943377777778	0.00772222222222
0.04782861	0.00272164	0.0905233333333	0.00806666666667
0.05322141	0.005237923	0.0918266666667	0.00743333333333
0.05928251	0.003267439	0.0938244444444	0.00755555555556
0.05148827	0.002668015	0.0941666666667	0.00763333333333
0.04563377	0.004244392	0.0904077777778	0.00752222222222
0.05203233	0.005316962	0.0904888888889	0.00751111111111
0.04820782	0.002679975	0.0923666666667	0.00743333333333
0.04711092	0.003093593	0.0898777777778	0.00762222222222
0.04420444	0.007709799	0.0908022222222	0.00747777777778
0.04266316	0.00386143	0.0912955555556	0.00744444444444
0.05209105	0.006056471	0.0910777777778	0.00812222222222
0.03848249	0.00451994	0.0896333333333	0.00786666666667
0.04533248	0.003283527	0.0904388888889	0.00751111111111
0.04626437	0.003887347	0.0925555555556	0.00814444444444
0.04278544	0.005499552	0.0906111111111	0.00748888888889
0.06103368	0.00572474	0.0934111111111	0.00808888888889
0.04836744	0.004158365	0.0907	0.0081
0.04863798	0.003870135	0.0899	0.0076
0.04932845	0.004237425	0.0943333333333	0.00766666666667
0.04981955	0.004131457	0.0896111111111	0.00768888888889
0.05172946	0.005767574	0.0929866666667	0.00813333333333
0.03046337	0.005084438	0.09042	0.0075
0.04533541	0.005256109	0.0898911111111	0.00758888888889
0.03357323	0.003467657	0.0902444444444	0.00805555555556
0.04358061	0.003133358	0.09342	0.0081
0.05304221	0.002439315	0.0929066666667	0.00743333333333
0.05411164	0.002247874	0.0943555555556	0.00794444444444
0.04819568	0.006354635	0.0894666666667	0.00773333333333
0.04869827	0.004204008	0.0902333333333	0.00806666666667
0.0462134	0.002898195	0.0902333333333	0.00806666666667
0.03895476	0.003461121	0.0898111111111	0.00758888888889
0.05878228	0.004516131	0.0945777777778	0.00782222222222
0.04955979	0.003943484	0.0936411111111	0.00808888888889
0.05557192	0.002912733	0.0900666666667	0.00753333333333
0.05006924	0.003092519	0.0914333333333	0.00816666666667
0.05708279	0.00425788	0.0928644444444	0.00815555555556
0.05692482	0.00337654	0.0933444444444	0.00745555555556
0.03061874	0.00550731	0.0920422222222	0.00817777777778
0.0574094	0.003503942	0.0922222222222	0.00817777777778
0.04308171	0.002776028	0.0913333333333	0.00816666666667
0.05706518	0.003637089	0.0929444444444	0.00815555555556
0.04189418	0.00643113	0.0937111111111	0.00808888888889
0.05383743	0.005352386	0.0941833333333	0.00756666666667
0.05586753	0.004048479	0.0931555555556	0.00814444444444
0.04822698	0.004406309	0.0943888888889	0.00761111111111
0.04975767	0.00570068	0.0946222222222	0.00787777777778
0.04563731	0.005491746	0.0894111111111	0.00788888888889
0.0516129	0.003565387	0.0917911111111	0.00818888888889
0.04809946	0.003986297	0.0894777777778	0.00792222222222
0.04354209	0.004489447	0.0897222222222	0.00757777777778
0.05293422	0.004268387	0.0932666666667	0.00743333333333
0.04816889	0.00579148	0.08932	0.0078
0.05343276	0.006955048	0.0910833333333	0.00816666666667
0.05187448	0.003160766	0.0937222222222	0.00747777777778
0.04065819	0.005747467	0.0893444444444	0.00785555555556
0.055261	0.00238764	0.0924111111111	0.00738888888889
0.04154737	0.003750969	0.0916011111111	0.00738888888889
0.04736063	0.004215532	0.0894022222222	0.00767777777778
0.04725295	0.004142793	0.0936888888889	0.00811111111111
0.05428902	0.004449722	0.0945666666667	0.00793333333333
0.05670351	0.00233202	0.0894666666667	0.00763333333333
0.05203236	0.004129252	0.0921	0.0082
0.05282666	0.003845642	0.0919	0.0082
0.04383285	0.002531901	0.0896422222222	0.00757777777778
0.0447822	0.00461752	0.0922222222222	0.00737777777778
0.06095135	0.004221423	0.0917422222222	0.00737777777778
0.03967583	0.005950188	0.0895911111111	0.00758888888889
0.0514369	0.002967171	0.0917222222222	0.00737777777778
0.06949789	0.003535506	0.0945444444444	0.00795555555556
0.03621207	0.006491538	0.0908688888889	0.00741111111111
0.05096132	0.005452687	0.0893111111111	0.00788888888889
0.06281119	0.004315028	0.0892333333333	0.00776666666667
0.05451646	0.002728573	0.093	0.0074
0.05778718	0.004955144	0.0897555555556	0.00754444444444
0.04876184	0.00538084	0.0900022222222	0.00807777777778
0.05124361	0.005625985	0.0894888888889	0.00761111111111
0.04685602	0.007040391	0.0893222222222	0.00767777777778
0.04361971	0.003990483	0.0904366666667	0.00813333333333
0.03820892	0.005368052	0.0937888888889	0.00811111111111
0.05260617	0.002837087	0.0925222222222	0.00737777777778
0.05406906	0.005559286	0.0948122222222	0.00777777777778
0.05061818	0.004774752	0.0941777777778	0.00752222222222
0.04230136	0.005026295	0.0934044444444	0.00815555555556
0.048076	0.005786676	0.0911111111111	0.00818888888889
0.05304304	0.00484025	0.0896577777778	0.00802222222222
0.04809326	0.004174336	0.0909	0.0074
0.04355571	0.003540605	0.0899422222222	0.00807777777778
0.04452396	0.00297576	0.0892133333333	0.00786666666667
0.04836663	0.004056006	0.0892222222222	0.00787777777778
0.05178577	0.005655123	0.0938888888889	0.00811111111111
0.05219134	0.005469291	0.09399	0.0081
0.05153685	0.003498014	0.0948222222222	0.00787777777778
0.04392761	0.005692379	0.09078	0.0074
0.04575243	0.002486817	0.0948888888889	0.00781111111111
0.03385881	0.00812653	0.0948844444444	0.00775555555556
0.04072948	0.003988009	0.0936666666667	0.00743333333333
0.04981823	0.004039984	0.0891588888889	0.00771111111111
0.04366106	0.003507013	0.0949111111111	0.00778888888889
0.06460836	0.005765039	0.0948777777778	0.00772222222222
0.0452287	0.002718592	0.0896666666667	0.00753333333333
0.04575199	0.005088687	0.0907222222222	0.00817777777778
0.05261111	0.005343286	0.0903366666667	0.00743333333333
0.03699831	0.004606055	0.0891166666667	0.00773333333333
0.04879264	0.007063946	0.0934733333333	0.00816666666667
0.04494741	0.004209201	0.0910222222222	0.00737777777778
0.05544151	0.003686021	0.0948888888889	0.00771111111111
0.03988224	0.006795116	0.0924444444444	0.00735555555556
0.05695927	0.004845246	0.09495	0.0078
0.04823147	0.006444428	0.0897288888889	0.00751111111111
0.05071215	0.005588069	0.0899222222222	0.00747777777778
0.0396101	0.00255248	0.0949	0.0077
0.04036667	0.002758364	0.0937666666667	0.00743333333333
0.03663876	0.005943333	0.0911333333333	0.00736666666667
0.04275467	0.005198244	0.0890888888889	0.00771111111111
0.05549741	0.004029644	0.0893222222222	0.00797777777778
0.04984419	0.00408055	0.0929333333333	0.00736666666667
0.04553251	0.004064094	0.0907111111111	0.00738888888889
0.05333134	0.004153447	0.0939844444444	0.00745555555556
0.05060915	0.004889146	0.0950011111111	0.00778888888889
0.05455817	0.005849879	0.0912444444444	0.00735555555556
0.05043472	0.003962736	0.0890444444444	0.00785555555556
0.05263797	0.004825035	0.0890444444444	0.00785555555556
0.05989538	0.004693687	0.0903888888889	0.00741111111111
0.05606688	0.004882074	0.0948555555556	0.00764444444444
0.03012596	0.004891098	0.0930333333333	0.00736666666667
0.05578799	0.004146294	0.0890488888889	0.00771111111111
0.04676858	0.00437771	0.0936733333333	0.00816666666667
0.04879168	0.003734517	0.0889888888889	0.00781111111111
0.04318914	0.003700569	0.0889888888889	0.00781111111111
0.04094298	0.006550768	0.0948555555556	0.00794444444444
0.04203211	0.002494054	0.0889955555556	0.00774444444444
0.0707364	0.003441784	0.0931333333333	0.00736666666667
0.04795235	0.004777743	0.0890788888889	0.00791111111111
0.03877069	0.003767759	0.0920666666667	0.00733333333333
0.04248607	0.004352407	0.0936	0.0074
0.0408275	0.005616816	0.0891355555556	0.00794444444444
0.04979144	0.003148808	0.0912455555556	0.00734444444444
0.04349332	0.004703371	0.0896222222222	0.00807777777778
0.04749786	0.003813646	0.0896222222222	0.00807777777778
0.04269442	0.005332774	0.0890222222222	0.00767777777778
0.05371236	0.004410345	0.0950488888889	0.00771111111111
0.05147976	0.004293148	0.0898777777778	0.00812222222222
0.05420234	0.004288414	0.0898777777778	0.00812222222222
0.03136301	0.007512846	0.0890333333333	0.00766666666667
0.05213346	0.003371807	0.0948111111111	0.00758888888889
0.04556258	0.006020737	0.0910955555556	0.00734444444444
0.04603588	0.003517469	0.0929666666667	0.00823333333333
0.04645875	0.007246669	0.0903811111111	0.00818888888889
0.05817755	0.004507662	0.0917177777778	0.00732222222222
0.0513545	0.005196946	0.0923444444444	0.00825555555556
0.05591167	0.004453727	0.0906333333333	0.00736666666667
0.05391124	0.004137502	0.0906333333333	0.00736666666667
0.04756416	0.00460427	0.0941555555556	0.00744444444444
0.04494535	0.004581852	0.0947888888889	0.00801111111111
0.04591121	0.004154085	0.0895222222222	0.00807777777778
0.05510061	0.00250271	0.0951555555556	0.00774444444444
0.05329233	0.005914764	0.0932744444444	0.00735555555556
0.05073832	0.003000422	0.0944	0.0081
0.05221817	0.008209837	0.0888555555556	0.00774444444444
0.04967931	0.004958248	0.0897277777778	0.00812222222222
0.04112992	0.004590402	0.0888444444444	0.00785555555556
0.05372403	0.002961433	0.0897866666667	0.00813333333333
0.05015137	0.004329615	0.0908155555556	0.00734444444444
0.05362174	0.004204365	0.0893444444444	0.00805555555556
0.05303186	0.002988607	0.0922888888889	0.00731111111111
0.05552219	0.003033896	0.0935333333333	0.00736666666667
0.0413584	0.001828463	0.0896333333333	0.00746666666667
0.04898986	0.004074331	0.0942566666667	0.00813333333333
0.05750196	0.003048867	0.0938111111111	0.00738888888889
0.05390427	0.003799256	0.0896777777778	0.00812222222222
0.03882441	0.003587304	0.0939222222222	0.00817777777778
0.04050359	0.004882629	0.08954	0.0081
0.0538137	0.004484636	0.0907466666667	0.00823333333333
0.04464561	0.002727878	0.0899888888889	0.00741111111111
0.0487775	0.005376814	0.0950233333333	0.00796666666667
0.05123879	0.004620873	0.0928777777778	0.00732222222222
0.04353925	0.005487617	0.0892555555556	0.00804444444444
0.05021191	0.004357374	0.09396	0.0074
0.04011234	0.007582191	0.08908	0.008
0.04639985	0.004664917	0.0952555555556	0.00774444444444
0.04821564	0.00502348	0.0892844444444	0.00805555555556
0.04825539	0.00503192	0.0952566666667	0.00783333333333
0.04330991	0.002417716	0.0893333333333	0.00806666666667
0.04801111	0.003649604	0.08907	0.008
0.05041793	0.00391949	0.0952444444444	0.00785555555556
0.04827465	0.005509917	0.0895588888889	0.00811111111111
0.04054632	0.005696579	0.0952111111111	0.00788888888889
0.05393295	0.005408872	0.0919222222222	0.00827777777778
0.04937266	0.003016594	0.0887555555556	0.00784444444444
0.05204314	0.004273818	0.0949333333333	0.00756666666667
0.04806389	0.003539187	0.09497	0.008
0.06030559	0.00377802	0.0887222222222	0.00777777777778
0.05518131	0.002986053	0.0891555555556	0.00754444444444
0.05555108	0.005394332	0.09499	0.008
0.04721355	0.003184083	0.0950888888889	0.00761111111111
0.04855221	0.004301409	0.0887111111111	0.00778888888889
0.04389432	0.004990616	0.0934555555556	0.00734444444444
0.0436686	0.002590443	0.0945333333333	0.00746666666667
0.05535875	0.006452191	0.0953044444444	0.00785555555556
0.04909385	0.005811096	0.08877	0.0079
0.05805862	0.005604272	0.0953333333333	0.00776666666667
0.04545053	0.004592376	0.0896855555556	0.00814444444444
0.0509576	0.004318236	0.0914	0.0073
0.03608188	0.005597767	0.0890333333333	0.00756666666667
0.05215155	0.003647606	0.0947222222222	0.00807777777778
0.05262859	0.003234955	0.0940111111111	0.00818888888889
0.03455025	0.006516995	0.0919311111111	0.00828888888889
0.04443591	0.003536007	0.0921111111111	0.00728888888889
0.05073499	0.003048104	0.0899	0.0074
0.04846917	0.005514328	0.0899	0.0074
0.04944298	0.004237178	0.0904666666667	0.00823333333333
0.04746889	0.004080777	0.0923111111111	0.00828888888889
0.04358998	0.003545453	0.0895666666667	0.00813333333333
0.05259911	0.003579675	0.0886888888889	0.00771111111111
0.05254241	0.003624284	0.0912222222222	0.00827777777778
0.04369518	0.005540903	0.0886566666667	0.00783333333333
0.04466625	0.004428567	0.0890666666667	0.00803333333333
0.05427461	0.004312649	0.0949555555556	0.00754444444444
0.05295096	0.00325542	0.0905555555556	0.00824444444444
0.05026688	0.00488829	0.0939822222222	0.00737777777778
0.04940512	0.00186368	0.0914911111111	0.00728888888889
0.05784714	0.004070163	0.0952777777778	0.00792222222222
0.04679004	0.003166538	0.0908888888889	0.00731111111111
0.04319191	0.003338114	0.0901333333333	0.00736666666667
0.03821839	0.005653113	0.094	0.0082
0.04396906	0.003943813	0.0911	0.0073
0.05597746	0.003836371	0.0890555555556	0.00804444444444
0.05573908	0.005404382	0.0898	0.0074
0.04239672	0.005772832	0.0889	0.008
0.05483578	0.003828323	0.0953333333333	0.00766666666667
0.04535089	0.00305066	0.0948888888889	0.00751111111111
0.03881315	0.004929601	0.0922222222222	0.00727777777778
0.04477964	0.003819764	0.0892311111111	0.00748888888889
0.04405766	0.004972502	0.0894666666667	0.00813333333333
0.05530761	0.004952437	0.0937355555556	0.00734444444444
0.04722933	0.003675126	0.0889444444444	0.00755555555556
0.04674907	0.002935598	0.09094	0.0073
0.05403763	0.004579192	0.0915622222222	0.00727777777778
0.0549226	0.005953496	0.0954122222222	0.00787777777778
0.06107964	0.003942915	0.0902566666667	0.00823333333333
0.05488049	0.003062441	0.0954555555556	0.00774444444444
0.04545777	0.003003019	0.0886022222222	0.00787777777778
0.04055014	0.003362381	0.0893444444444	0.00745555555556
0.04342692	0.002998536	0.0897	0.0074
0.05698864	0.004494164	0.0885333333333	0.00776666666667
0.03563743	0.003430282	0.0906333333333	0.00826666666667
0.04856663	0.004348742	0.0906333333333	0.00826666666667
0.04804151	0.004455143	0.0904444444444	0.00825555555556
0.04353801	0.004573146	0.0918933333333	0.00726666666667
0.05135358	0.003302583	0.0938555555556	0.00734444444444
0.0477004	0.004350649	0.0922888888889	0.00831111111111
0.0619587	0.003689176	0.0899333333333	0.00736666666667
0.04348178	0.005904346	0.0923888888889	0.00831111111111
0.04643838	0.004636921	0.0902555555556	0.00824444444444
0.05020743	0.005093327	0.0953	0.0076
0.06158167	0.004182461	0.0924833333333	0.00726666666667
0.05318483	0.003968879	0.0936777777778	0.00732222222222
0.04327534	0.005327706	0.0940444444444	0.00735555555556
0.05685551	0.004066142	0.0913888888889	0.00831111111111
0.05045855	0.004030309	0.0900666666667	0.00823333333333
0.04561207	0.00476221	0.0910222222222	0.00727777777778
0.04538721	0.004687443	0.0955333333333	0.00786666666667
0.06449413	0.002203957	0.0899444444444	0.00735555555556
0.05066097	0.005661898	0.0955555555556	0.00784444444444
0.04642649	0.004306158	0.0913088888889	0.00831111111111
0.05301166	0.004462534	0.091	0.0083
0.05005172	0.00741223	0.0912888888889	0.00831111111111
0.01954619	0.005235041	0.0920444444444	0.00725555555556
0.04968019	0.005359146	0.0918477777778	0.00832222222222
0.05430767	0.003355061	0.0955666666667	0.00773333333333
0.04783552	0.004107579	0.0927888888889	0.00831111111111
0.04237771	0.005181714	0.0923444444444	0.00725555555556
0.05322457	0.006220944	0.0916577777778	0.00832222222222
0.04822421	0.006771649	0.0907111111111	0.00728888888889
0.05407671	0.004318293	0.0884222222222	0.00777777777778
0.05495374	0.005272252	0.0947666666667	0.00813333333333
0.04942874	0.002261139	0.0935	0.0073
0.05215058	0.00569705	0.0884444444444	0.00785555555556
0.04922951	0.004969805	0.0942333333333	0.00736666666667
0.04802239	0.00307654	0.0944111111111	0.00818888888889
0.0497424	0.004540012	0.0899866666667	0.00823333333333
0.04825685	0.005567386	0.0951766666667	0.00753333333333
0.03615835	0.005093903	0.0886711111111	0.00798888888889
0.05123729	0.003335844	0.0940555555556	0.00734444444444
0.06318773	0.002018076	0.0936888888889	0.00731111111111
0.049471	0.006064791	0.0939555555556	0.00824444444444
0.04605436	0.003660109	0.0955333333333	0.00766666666667
0.03198003	0.006870798	0.0945222222222	0.00817777777778
0.05495548	0.005290848	0.0900555555556	0.00824444444444
0.04420739	0.005304951	0.08949	0.0074
0.05886146	0.003008383	0.0947555555556	0.00814444444444
0.05455731	0.005406587	0.09359	0.0073
0.05379981	0.003470806	0.0954222222222	0.00797777777778
0.05209246	0.004160396	0.0919555555556	0.00724444444444
0.04832382	0.004201562	0.0951	0.0075
0.04655019	0.003925426	0.0884777777778	0.00792222222222
0.04998019	0.003803999	0.0936222222222	0.00827777777778
0.0345349	0.003660612	0.0912377777778	0.00832222222222
0.04987354	0.004046872	0.0949044444444	0.00745555555556
0.0499423	0.004733464	0.0884866666667	0.00793333333333
0.04952782	0.004674314	0.0883777777778	0.00772222222222
0.0561885	0.004123983	0.0956111111111	0.00788888888889
0.0542718	0.003520172	0.0923955555556	0.00724444444444
0.04799478	0.004877846	0.0887666666667	0.00753333333333
0.04982816	0.006038591	0.0952555555556	0.00804444444444
0.04793818	0.003840339	0.0946688888889	0.00741111111111
0.05036813	0.003237496	0.0915666666667	0.00833333333333
0.05351652	0.002822167	0.0928777777778	0.00832222222222
0.04856945	0.002498482	0.0884444444444	0.00765555555556
0.03795663	0.005770303	0.0883333333333	0.00776666666667
0.06208879	0.003528341	0.0953444444444	0.00755555555556
0.05425736	0.003147585	0.0956222222222	0.00767777777778
0.04326526	0.004369195	0.0908333333333	0.00726666666667
0.05173356	0.003392356	0.0929444444444	0.00725555555556
0.04358735	0.004035694	0.0889111111111	0.00808888888889
0.03856795	0.006750016	0.0904411111111	0.00828888888889
0.04290565	0.006094984	0.0892444444444	0.00815555555556
0.0466879	0.004125297	0.0906	0.0083
0.05131192	0.00401128	0.0913555555556	0.00724444444444
0.04893464	0.00587427	0.0884777777778	0.00762222222222
0.04745784	0.006425766	0.0943244444444	0.00735555555556
0.05263442	0.004795572	0.0948666666667	0.00743333333333
0.05543671	0.004201124	0.0896777777778	0.00822222222222
0.05419999	0.003343917	0.0949944444444	0.00745555555556
0.05038409	0.002408127	0.0903711111111	0.00828888888889
0.05792233	0.004764308	0.0949977777778	0.00812222222222
0.04116185	0.004393527	0.0907088888889	0.00831111111111
0.05436735	0.005411999	0.0946111111111	0.00818888888889
0.04716508	0.005047849	0.0885	0.0076
0.05349009	0.003703628	0.0923555555556	0.00834444444444
0.03917872	0.004548876	0.0896444444444	0.00735555555556
0.05047424	0.003517206	0.0889	0.0081
0.05118875	0.004498677	0.0937111111111	0.00728888888889
0.04377109	0.002894896	0.0908444444444	0.00725555555556
0.04095116	0.004824333	0.0882666666667	0.00783333333333
0.04384175	0.003517808	0.0883111111111	0.00788888888889
0.04008256	0.003844822	0.0910666666667	0.00833333333333
0.05289276	0.004217102	0.0884911111111	0.00798888888889
0.0524056	0.003679444	0.0953666666667	0.00753333333333
0.05565144	0.004679971	0.0882555555556	0.00774444444444
0.05462727	0.003443843	0.0957666666667	0.00783333333333
0.04868652	0.0053624	0.0956888888889	0.00791111111111
0.06286532	0.006488416	0.0954444444444	0.00755555555556
0.04891176	0.00213173	0.0957777777778	0.00782222222222
0.0578324	0.003302329	0.0926666666667	0.00723333333333
0.0353123	0.003954863	0.09475	0.0074
0.03701196	0.006901189	0.0883566666667	0.00793333333333
0.04079648	0.003952327	0.0883555555556	0.00764444444444
0.03915712	0.004625752	0.0896666666667	0.00823333333333
0.04686309	0.006774971	0.0901022222222	0.00827777777778
0.05566621	0.004708443	0.0958	0.0078
0.05376579	0.004523442	0.0905333333333	0.00726666666667
0.04793871	0.006535306	0.0921444444444	0.00835555555556
0.05514755	0.003842428	0.0956377777778	0.00762222222222
0.04707156	0.003308506	0.0885444444444	0.00755555555556
0.05900081	0.005811249	0.0957877777778	0.00772222222222
0.04552491	0.003554086	0.0909066666667	0.00833333333333
0.05775259	0.008915892	0.0952	0.0081
0.05393078	0.003279222	0.0916444444444	0.00835555555556
0.04868835	0.003484773	0.0908955555556	0.00724444444444
0.04906072	0.00308835	0.0928555555556	0.00834444444444
0.05225027	0.005475462	0.0892222222222	0.00817777777778
0.05752233	0.003960604	0.0911555555556	0.00834444444444
0.0455412	0.004278841	0.0949444444444	0.00815555555556
0.06302674	0.004586219	0.0956222222222	0.00797777777778
0.03340077	0.003026797	0.0889555555556	0.00744444444444
0.0585717	0.005375098	0.0943255555556	0.00824444444444
0.050184	0.00521455	0.0925444444444	0.00835555555556
0.04867702	0.003416543	0.0885044444444	0.00755555555556
0.05077993	0.00680129	0.09	0.0073
0.04743986	0.004463852	0.0888333333333	0.00746666666667
0.04211599	0.005819587	0.0936333333333	0.00726666666667
0.04375705	0.003094046	0.0893888888889	0.00821111111111
0.05225761	0.005224343	0.0956	0.008
0.04777903	0.00287872	0.0887111111111	0.00808888888889
0.04250778	0.003503129	0.0890888888889	0.00741111111111
0.04477311	0.005942663	0.0956888888889	0.00761111111111
0.0544944	0.006032543	0.0921333333333	0.00836666666667
0.05219392	0.004247851	0.0941888888889	0.00731111111111
0.03634433	0.003567557	0.0890177777778	0.00742222222222
0.04385255	0.003537137	0.0916888888889	0.00721111111111
0.02893881	0.00387455	0.0958888888889	0.00781111111111
0.05409262	0.003425288	0.0892011111111	0.00738888888889
0.04766341	0.004381029	0.0916333333333	0.00836666666667
0.06093078	0.006854191	0.0928777777778	0.00722222222222
0.03822044	0.004902126	0.0937333333333	0.00726666666667
0.05448011	0.005759906	0.0957444444444	0.00795555555556
0.0415632	0.00272015	0.0900111111111	0.00828888888889
0.04773576	0.00318779	0.0959111111111	0.00778888888889
0.05598789	0.003454405	0.0925333333333	0.00836666666667
0.05914236	0.004898377	0.0958888888889	0.00771111111111
0.04418693	0.005606393	0.0910444444444	0.00835555555556
0.04065118	0.005578974	0.0888466666667	0.00813333333333
0.06583263	0.003935186	0.0948	0.0082
0.05312404	0.003230368	0.0948	0.0082
0.05394842	0.008174431	0.0880911111111	0.00778888888889
0.05529029	0.005837802	0.0894555555556	0.00734444444444
0.05275521	0.003856999	0.0892888888889	0.00821111111111
0.04009197	0.005767514	0.0892888888889	0.00821111111111
0.04591497	0.0027702	0.0880888888889	0.00781111111111
0.05633853	0.004443773	0.0959333333333	0.00776666666667
0.04940425	0.00351298	0.0950777777778	0.00742222222222
0.04407539	0.005035582	0.0882444444444	0.00795555555556
0.04661516	0.003572786	0.0893444444444	0.00735555555556
0.04850407	0.003394424	0.0958577777778	0.00792222222222
0.04283353	0.005544984	0.0880766666667	0.00773333333333
0.05264993	0.004449752	0.0881222222222	0.00767777777778
0.05091204	0.003753232	0.0949311111111	0.00818888888889
0.02669798	0.007637997	0.0947888888889	0.00821111111111
0.04975225	0.004223404	0.08829	0.008
0.05555278	0.00493574	0.0880333333333	0.00776666666667
0.04796947	0.002751375	0.0883444444444	0.00755555555556
0.05136313	0.002104613	0.0907777777778	0.00722222222222
0.05752942	0.003366616	0.0945866666667	0.00733333333333
0.04165176	0.004780727	0.0881777777778	0.00762222222222
0.04714051	0.00483258	0.0883666666667	0.00803333333333
0.05343528	0.005153623	0.0903666666667	0.00833333333333
0.06621981	0.005124793	0.0960111111111	0.00778888888889
0.03740423	0.00480401	0.0907177777778	0.00722222222222
0.03816236	0.003106721	0.0901877777778	0.00832222222222
0.05466193	0.003552813	0.0927622222222	0.00837777777778
0.03655414	0.004497	0.0956044444444	0.00805555555556
0.03938032	0.00777659	0.0944433333333	0.00826666666667
0.04690587	0.005654423	0.0906777777778	0.00722222222222
0.03519287	0.003197952	0.0892244444444	0.00735555555556
0.04279556	0.006435759	0.0897711111111	0.00828888888889
0.04334056	0.006781446	0.0916711111111	0.00718888888889
0.05118234	0.005183835	0.0923711111111	0.00838888888889
0.05097476	0.006309876	0.0960366666667	0.00773333333333
0.0507221	0.00410003	0.0925111111111	0.00718888888889
0.0619123	0.003133165	0.0949822222222	0.00737777777778
0.05148305	0.004514323	0.0896222222222	0.00827777777778
0.04823526	0.004828508	0.0883366666667	0.00753333333333
0.04999531	0.00546681	0.0936255555556	0.00834444444444
0.03651127	0.004527803	0.0887777777778	0.00742222222222
0.04827482	0.003966224	0.0883644444444	0.00805555555556
0.0588296	0.006723746	0.0900744444444	0.00725555555556
0.04288279	0.002089519	0.0907633333333	0.00836666666667
0.05573223	0.005545176	0.0944222222222	0.00827777777778
0.0555917	0.005018737	0.0909922222222	0.00837777777778
0.04671	0.004189155	0.0932888888889	0.00721111111111
0.04847168	0.003562025	0.0950222222222	0.00737777777778
0.06407287	0.003379902	0.0935444444444	0.00835555555556
0.05503857	0.00558671	0.0931122222222	0.00837777777778
0.04494379	0.002830101	0.0954888888889	0.00811111111111
0.0411144	0.006949202	0.0901455555556	0.00724444444444
0.0463148	0.004609372	0.0928111111111	0.00838888888889
0.05257963	0.004421754	0.0952977777778	0.00742222222222
0.04485262	0.002386648	0.0906333333333	0.00836666666667
0.0606124	0.00370082	0.0955088888889	0.00811111111111
0.05704238	0.003834773	0.0945	0.0073
0.04081043	0.001750176	0.0879	0.0078
0.0513506	0.006618924	0.0948555555556	0.00734444444444
0.0610824	0.002608916	0.0954777777778	0.00812222222222
0.05250857	0.005942831	0.0952122222222	0.00817777777778
0.04359904	0.00559739	0.0883233333333	0.00806666666667
0.04717444	0.003434318	0.0961177777778	0.00772222222222
0.03719816	0.004376355	0.0934888888889	0.00721111111111
0.04142946	0.003613728	0.0903444444444	0.00835555555556
0.04157911	0.005182111	0.0913	0.0084
0.03955686	0.003753248	0.0933222222222	0.00837777777778
0.03955019	0.00345715	0.0879	0.0077
0.0464045	0.00459106	0.0961111111111	0.00768888888889
0.04256623	0.00382543	0.0935333333333	0.00836666666667
0.04151758	0.007183407	0.0930911111111	0.00838888888889
0.04885179	0.005984095	0.0909111111111	0.00838888888889
0.0399165	0.005354196	0.0921133333333	0.00716666666667
0.05391562	0.00427878	0.0961733333333	0.00776666666667
0.04124242	0.003212963	0.0912022222222	0.00717777777778
0.06327094	0.004273838	0.0960666666667	0.00793333333333
0.05798552	0.004333321	0.0958777777778	0.00802222222222
0.05487437	0.004861343	0.0948666666667	0.00733333333333
0.04929552	0.005087078	0.0955888888889	0.00811111111111
0.06607348	0.003637185	0.0937777777778	0.00722222222222
0.05210166	0.003738124	0.096	0.0076
0.05687807	0.004793976	0.0906	0.0072
0.04841255	0.003725778	0.0900666666667	0.00723333333333
0.04865588	0.00378512	0.0914888888889	0.00841111111111
0.02993837	0.002937508	0.08788	0.0079
0.05898123	0.004737776	0.0925788888889	0.00841111111111
0.05528819	0.005952761	0.0942444444444	0.00725555555556
0.02843205	0.005866182	0.0883888888889	0.00811111111111
0.04636703	0.003587111	0.0960111111111	0.00758888888889
0.04108506	0.006109044	0.0938777777778	0.00722222222222
0.04746817	0.003885404	0.0898666666667	0.00833333333333
0.0508785	0.003024339	0.09469	0.0073
0.04976301	0.004727819	0.0878222222222	0.00787777777778
0.05055819	0.004817772	0.0883688888889	0.00811111111111
0.05245933	0.003086069	0.0946111111111	0.00728888888889
0.05105724	0.005953603	0.0890666666667	0.00733333333333
0.0419337	0.004288438	0.0928088888889	0.00841111111111
0.04949658	0.005295617	0.0902533333333	0.00836666666667
0.05442873	0.004820725	0.0962377777778	0.00772222222222
0.05063154	0.006611663	0.0916444444444	0.00715555555556
0.05961381	0.003281412	0.0877666666667	0.00783333333333
0.044897	0.005932402	0.0957222222222	0.00747777777778
0.06005636	0.004277548	0.0899355555556	0.00834444444444
0.03401895	0.004472973	0.0915644444444	0.00715555555556
0.04850407	0.00365524	0.0932222222222	0.00717777777778
0.06565218	0.003138183	0.0954	0.0074
0.05658631	0.003410321	0.0961	0.0076
0.05430421	0.003437077	0.0942666666667	0.00833333333333
0.04247124	0.004110042	0.0953	0.0082
0.04403089	0.00369791	0.0879888888889	0.00801111111111
0.04689029	0.007377085	0.0930688888889	0.00841111111111
0.05762005	0.003887731	0.0948888888889	0.00731111111111
0.06206709	0.003337713	0.0954933333333	0.00816666666667
0.04588548	0.004339841	0.0949777777778	0.00732222222222
0.01764959	0.007927736	0.0908888888889	0.00841111111111
0.04604114	0.004179218	0.0919666666667	0.00843333333333
0.06581318	0.003750581	0.0919666666667	0.00843333333333
0.05049324	0.004886393	0.0936111111111	0.00838888888889
0.05259058	0.004832276	0.0879222222222	0.00757777777778
0.04773451	0.004456119	0.0902222222222	0.00837777777778
0.04358931	0.005149388	0.0902222222222	0.00837777777778
0.049653	0.003783962	0.0908033333333	0.00716666666667
0.03255614	0.005473994	0.0879333333333	0.00756666666667
0.06340033	0.007834311	0.0959	0.0075
0.04348199	0.006502735	0.0959388888889	0.00751111111111
0.04332883	0.003385674	0.0910444444444	0.00715555555556
0.04954945	0.002588094	0.0959777777778	0.00752222222222
0.03638015	0.00331937	0.0889055555556	0.00824444444444
0.04830537	0.005513857	0.0935	0.0084
0.04970953	0.005341283	0.0883666666667	0.00743333333333
0.03289595	0.005320904	0.0877222222222	0.00767777777778
0.04059738	0.003442727	0.0962933333333	0.00766666666667
0.0452414	0.003562061	0.0907133333333	0.00716666666667
0.05631	0.005473389	0.0913555555556	0.00714444444444
0.0618063	0.003674356	0.0881	0.0075
0.05285349	0.003610724	0.0892111111111	0.00728888888889
0.04208706	0.003337998	0.0937311111111	0.00718888888889
0.05214122	0.005882378	0.09638	0.0078
0.05250457	0.002430122	0.0876444444444	0.00775555555556
0.05425629	0.002709006	0.0889444444444	0.00825555555556
0.05037757	0.006881833	0.0912555555556	0.00714444444444
0.0488208	0.004392435	0.0927866666667	0.00843333333333
0.05340364	0.004745449	0.0959111111111	0.00748888888889
0.04216293	0.005431703	0.0881111111111	0.00808888888889
0.05566257	0.008286751	0.0944555555556	0.00724444444444
0.04619972	0.003068649	0.0944555555556	0.00724444444444
0.05195673	0.004139783	0.0918666666667	0.00713333333333
0.04739147	0.004719252	0.0908444444444	0.00715555555556
0.05423478	0.004581609	0.0916655555556	0.00844444444444
0.04052125	0.007000879	0.0897777777778	0.00722222222222
0.0502912	0.003901443	0.0956644444444	0.00815555555556
0.05599236	0.004191116	0.0946888888889	0.00831111111111
0.05026027	0.006676418	0.0924666666667	0.00713333333333
0.05143136	0.006054765	0.0948	0.0083
0.05042375	0.004481767	0.0948	0.0083
0.04622846	0.003334729	0.0960477777778	0.00752222222222
0.04505065	0.004639303	0.0932444444444	0.00715555555556
0.04871875	0.004266278	0.094	0.0072
0.05312928	0.003399802	0.0929666666667	0.00843333333333
0.04806087	0.004320765	0.0910555555556	0.00714444444444
0.05922726	0.005678918	0.0897444444444	0.00835555555556
0.03130014	0.003652756	0.0878777777778	0.00802222222222
0.05615078	0.004103421	0.0905288888889	0.00841111111111
0.048608	0.006699859	0.0878222222222	0.00757777777778
0.04584599	0.002824392	0.0925666666667	0.00713333333333
0.05472921	0.004671187	0.0962733333333	0.00796666666667
0.04953769	0.005331061	0.0904888888889	0.00841111111111
0.05611959	0.004091128	0.0960022222222	0.00807777777778
0.03328639	0.004311854	0.0876955555556	0.00794444444444
0.04343675	0.003893213	0.0888444444444	0.00825555555556
0.04693667	0.004873105	0.0876222222222	0.00767777777778
0.05007767	0.004302665	0.0875666666667	0.00783333333333
0.05302146	0.00393431	0.0964555555556	0.00774444444444
0.04767608	0.003799043	0.0946777777778	0.00832222222222
0.04099167	0.003186833	0.0876444444444	0.00765555555556
0.05058483	0.003119821	0.0885	0.0082
0.05414709	0.009536883	0.09488	0.0083
0.05216612	0.00569807	0.0916444444444	0.00845555555556
0.04085661	0.005590323	0.0875444444444	0.00785555555556
0.05498975	0.003235926	0.096	0.0081
0.0513627	0.002700915	0.0965111111111	0.00778888888889
0.03694869	0.005151515	0.0958355555556	0.00814444444444
0.04889485	0.004273474	0.0894666666667	0.00723333333333
0.05143554	0.00221907	0.0913777777778	0.00712222222222
0.04268575	0.00453631	0.0896933333333	0.00836666666667
0.05698365	0.005721329	0.0937388888889	0.00841111111111
0.04230554	0.00302493	0.0893555555556	0.00724444444444
0.05194488	0.002939829	0.0909666666667	0.00713333333333
0.04742333	0.005084767	0.0958466666667	0.00743333333333
0.04327288	0.004818008	0.0886155555556	0.00734444444444
0.04785951	0.005781278	0.0906666666667	0.00843333333333
0.03972037	0.004570218	0.0935777777778	0.00842222222222
0.05935651	0.003528101	0.0952777777778	0.00732222222222
0.05766676	0.005266037	0.0960222222222	0.00747777777778
0.05670866	0.002146256	0.0959444444444	0.00745555555556
0.04266831	0.004671752	0.0880333333333	0.00746666666667
0.06711911	0.007094069	0.0875044444444	0.00785555555556
0.05334684	0.002951291	0.09425	0.0072
0.03870408	0.005417142	0.0921288888889	0.00711111111111
0.04792491	0.002675591	0.0918688888889	0.00711111111111
0.04629335	0.002888269	0.0887888888889	0.00731111111111
0.05081717	0.004650254	0.0917933333333	0.00846666666667
0.05781721	0.003954907	0.0917888888889	0.00711111111111
0.0510238	0.005291245	0.0922333333333	0.00846666666667
0.04750224	0.003587652	0.0922433333333	0.00846666666667
0.03721468	0.005696857	0.0951622222222	0.00827777777778
0.05056416	0.003476616	0.0950022222222	0.00727777777778
0.05899162	0.004928245	0.0962555555556	0.00754444444444
0.05055217	0.003315416	0.0875111111111	0.00768888888889
0.05234505	0.002279017	0.0885555555556	0.00734444444444
0.04836413	0.003392019	0.0965555555556	0.00784444444444
0.05597617	0.002120302	0.0965555555556	0.00784444444444
0.03836084	0.003832454	0.0894777777778	0.00722222222222
0.04441588	0.003374813	0.0894777777778	0.00722222222222
0.05117336	0.003915829	0.0890688888889	0.00831111111111
0.05614238	0.00225174	0.0888222222222	0.00827777777778
0.04138965	0.004966556	0.0955444444444	0.00735555555556
0.05132223	0.00417304	0.0875	0.0079
0.04035517	0.004777405	0.0875555555556	0.00794444444444
0.03041214	0.004863892	0.0948777777778	0.00832222222222
0.0530091	0.005480774	0.0948777777778	0.00832222222222
0.03523316	0.005523749	0.0880555555556	0.00744444444444
0.0510414	0.004970686	0.0958333333333	0.00816666666667
0.04477215	0.003948522	0.0888	0.0073
0.04478236	0.006197239	0.0933555555556	0.00844444444444
0.04625167	0.003656354	0.0966055555556	0.00774444444444
0.05372317	0.003088242	0.0960444444444	0.00745555555556
0.03005126	0.005364696	0.09206	0.0071
0.03469209	0.004064596	0.0919222222222	0.00847777777778
0.05480465	0.003907207	0.0951911111111	0.00828888888889
0.04914646	0.003090701	0.0880555555556	0.00814444444444
0.04978388	0.002524079	0.0901777777778	0.00842222222222
0.04833017	0.00499789	0.0932044444444	0.00845555555556
0.04875227	0.00282321	0.0911333333333	0.00846666666667
0.04122355	0.002986202	0.0874777777778	0.00792222222222
0.05363691	0.002629975	0.0948555555556	0.00724444444444
0.04961174	0.004885454	0.0916	0.0071
0.04975415	0.004419058	0.0940333333333	0.00716666666667
0.05722437	0.004984795	0.0966022222222	0.00787777777778
0.03992525	0.004057342	0.0901444444444	0.00715555555556
0.04126655	0.00453684	0.0901444444444	0.00715555555556
0.04252979	0.005196117	0.0899788888889	0.00841111111111
0.05008438	0.004736998	0.0929733333333	0.00846666666667
0.04262646	0.004397326	0.0961622222222	0.00747777777778
0.05139049	0.003420448	0.0926	0.0071
0.05099494	0.006038905	0.0898	0.0084
0.04880039	0.007581885	0.09262	0.0071
0.05427076	0.00394703	0.0940888888889	0.00841111111111
0.03299051	0.003814115	0.0878111111111	0.00748888888889
0.04487972	0.005771179	0.0874555555556	0.00764444444444
0.04221935	0.004772535	0.0965666666667	0.00793333333333
0.05234436	0.003866989	0.0900777777778	0.00842222222222
0.03405335	0.003590024	0.0877333333333	0.00806666666667
0.04319203	0.005876826	0.0927222222222	0.00847777777778
0.05306614	0.003435565	0.0879555555556	0.00744444444444
0.03249594	0.006321428	0.0875888888889	0.00801111111111
0.05836194	0.003677597	0.0966777777778	0.00782222222222
0.04684945	0.005502316	0.0965666666667	0.00763333333333
0.04185487	0.00471958	0.0965333333333	0.00796666666667
0.04037297	0.002921993	0.0931888888889	0.00711111111111
0.04616964	0.003689991	0.0876777777778	0.00752222222222
0.05090213	0.006602981	0.0900044444444	0.00715555555556
0.03666589	0.007047196	0.0908088888889	0.00711111111111
0.03886954	0.005431311	0.0962222222222	0.00747777777778
0.04801648	0.004752532	0.0881	0.0074
0.04188552	0.00391104	0.0898333333333	0.00716666666667
0.05338172	0.00476648	0.0936955555556	0.00844444444444
0.05272595	0.004079867	0.0953111111111	0.00828888888889
0.0310987	0.004917687	0.0923911111111	0.00708888888889
0.04493719	0.0046798	0.0873111111111	0.00778888888889
0.04409162	0.002779192	0.0873111111111	0.00778888888889
0.05223859	0.003387663	0.0940444444444	0.00715555555556
0.04922933	0.006968467	0.0955244444444	0.00825555555556
0.05674004	0.004108361	0.0898288888889	0.00841111111111
0.04344287	0.005143076	0.0882488888889	0.00821111111111
0.03245118	0.004494343	0.0938955555556	0.00714444444444
0.05207858	0.004938388	0.0967211111111	0.00778888888889
0.0419785	0.005900471	0.0880822222222	0.00817777777778
0.0493802	0.003661156	0.0955444444444	0.00825555555556
0.04022868	0.003737476	0.0963777777778	0.00752222222222
0.05500257	0.003126146	0.0960444444444	0.00815555555556
0.04622637	0.004232878	0.0949266666667	0.00723333333333
0.05331431	0.004834953	0.0939555555556	0.00714444444444
0.04759963	0.004766901	0.0875444444444	0.00755555555556
0.05368518	0.004625961	0.0948444444444	0.00835555555556
0.05400324	0.004023834	0.0931122222222	0.00847777777778
0.05443361	0.005123587	0.0962333333333	0.00746666666667
0.03648316	0.00761039	0.0961555555556	0.00744444444444
0.04551079	0.005384216	0.0877111111111	0.00808888888889
0.05070223	0.004156492	0.0877111111111	0.00808888888889
0.05214895	0.002645381	0.0960288888889	0.00741111111111
0.04348937	0.003646597	0.0873	0.0077
0.048804	0.003587487	0.0912111111111	0.00708888888889
0.04921257	0.00608753	0.092	0.0085
0.06418734	0.004024001	0.09198	0.0085
0.04480845	0.002862732	0.0921022222222	0.00707777777778
0.04758888	0.004571809	0.0883555555556	0.00824444444444
0.05422654	0.003754106	0.0967688888889	0.00781111111111
0.04905898	0.004732841	0.0878455555556	0.00744444444444
0.04745054	0.003788178	0.0936777777778	0.00712222222222
0.03749254	0.004828803	0.0873777777778	0.00762222222222
0.04320027	0.003555549	0.0967666666667	0.00773333333333
0.04540263	0.004254152	0.0886111111111	0.00828888888889
0.04745935	0.006374549	0.0893222222222	0.00837777777778
0.04866149	0.00598572	0.0961555555556	0.00814444444444
0.04552676	0.004434432	0.0874	0.0076
0.04918327	0.004834088	0.0958177777778	0.00822222222222
0.04931603	0.006350347	0.0907222222222	0.00847777777778
0.02721914	0.007839588	0.0872277777778	0.00782222222222
0.04703538	0.006835349	0.0887333333333	0.00726666666667
0.0357035	0.007002538	0.0872888888889	0.00791111111111
0.06216208	0.002518207	0.0960833333333	0.00816666666667
0.04202085	0.003744947	0.0926222222222	0.00707777777778
0.05529638	0.004183934	0.0960888888889	0.00741111111111
0.04966985	0.00561711	0.0960888888889	0.00741111111111
0.04902906	0.002233863	0.0955888888889	0.00731111111111
0.05303998	0.004785133	0.0873444444444	0.00795555555556
0.04800014	0.00743735	0.0939666666667	0.00713333333333
0.05582202	0.00475296	0.0875444444444	0.00805555555556
0.02805405	0.005047911	0.0900355555556	0.00844444444444
0.0549804	0.004299826	0.0888666666667	0.00833333333333
0.04369473	0.005488861	0.0964222222222	0.00807777777778
0.05077452	0.003454004	0.0883444444444	0.00825555555556
0.04802938	0.005751416	0.0956133333333	0.00826666666667
0.05590793	0.003207982	0.0888555555556	0.00724444444444
0.04139212	0.004060464	0.0872677777778	0.00792222222222
0.05303282	0.00441992	0.0882666666667	0.00733333333333
0.05935082	0.003130534	0.0919333333333	0.00706666666667
0.04336368	0.006122186	0.0880888888889	0.00821111111111
0.04997057	0.003698007	0.0903333333333	0.00846666666667
0.04343647	0.004040008	0.0967677777778	0.00792222222222
0.05122243	0.004053877	0.0877555555556	0.00744444444444
0.05458029	0.004353603	0.0967566666667	0.00793333333333
0.05041707	0.005799613	0.0951155555556	0.00834444444444
0.04909721	0.003252809	0.0940666666667	0.00713333333333
0.04623093	0.0073737	0.0911	0.0085
0.05987344	0.003737114	0.0937333333333	0.00846666666667
0.01802412	0.006231288	0.0881144444444	0.00735555555556
0.03426038	0.005358071	0.0873622222222	0.00757777777778
0.05878969	0.00589633	0.0966177777778	0.00802222222222
0.05611966	0.003649706	0.0873311111111	0.00798888888889
0.04944533	0.003522472	0.0945333333333	0.00716666666667
0.05256455	0.004506659	0.0968666666667	0.00773333333333
0.05638728	0.00494128	0.0968666666667	0.00773333333333
0.0419566	0.00660336	0.0913733333333	0.00706666666667
0.05208724	0.004296212	0.0962666666667	0.00743333333333
0.04707963	0.005916406	0.0888555555556	0.00834444444444
0.05482187	0.003696836	0.0952666666667	0.00833333333333
0.04841971	0.005921467	0.0912888888889	0.00851111111111
0.0368334	0.003550013	0.0874055555556	0.00754444444444
0.04364306	0.003016968	0.0965333333333	0.00806666666667
0.06016086	0.003260969	0.0948111111111	0.00838888888889
0.05662057	0.003023835	0.0967	0.008
0.03872668	0.005813866	0.0885022222222	0.00727777777778
0.04323322	0.004305629	0.0873333333333	0.00756666666667
0.04961043	0.005063134	0.0911333333333	0.00706666666667
0.06014784	0.006183195	0.0928888888889	0.00851111111111
0.0540546	0.004341025	0.0871777777778	0.00792222222222
0.04765453	0.006448396	0.0935111111111	0.00848888888889
0.03898028	0.004872556	0.0899344444444	0.00845555555556
0.05111346	0.002892702	0.0924577777778	0.00852222222222
0.04870218	0.003413834	0.0885333333333	0.00726666666667
0.04988651	0.004643169	0.0914477777778	0.00852222222222
0.04485966	0.006663516	0.0968833333333	0.00766666666667
0.05694218	0.003868909	0.0960688888889	0.00821111111111
0.04664858	0.005096651	0.0957833333333	0.00826666666667
0.03652151	0.008615571	0.0898777777778	0.00712222222222
0.05949472	0.008803985	0.0964244444444	0.00745555555556
0.05134046	0.003274525	0.0886666666667	0.00833333333333
0.05556909	0.005736831	0.0871111111111	0.00768888888889
0.03849277	0.00462033	0.0880555555556	0.00734444444444
0.0571946	0.005131523	0.0940088888889	0.00711111111111
0.05117923	0.004782389	0.0870666666667	0.00773333333333
0.05131619	0.004739645	0.0950222222222	0.00837777777778
0.05279929	0.005699113	0.0892	0.0084
