root_height	pop_size	pi_net	pi_within
0.01546755	0.008438705	0.0363333333333	0.0147666666667
0.02525305	0.009146258	0.0360888888889	0.0148111111111
0.02198162	0.007146169	0.0359755555556	0.0145444444444
0.02748075	0.005244825	0.0366044444444	0.0145555555556
0.02782243	0.007580502	0.0352755555556	0.0146444444444
0.02748652	0.005306624	0.0356444444444	0.0145555555556
0.01763347	0.00467454	0.0354555555556	0.0145444444444
0.02244541	0.008810881	0.0356777777778	0.0145222222222
0.02236217	0.01143302	0.03527	0.0148
0.02598192	0.003951007	0.0365	0.0145
0.02230383	0.006947155	0.0350155555556	0.0147444444444
0.03057664	0.008984856	0.0369055555556	0.0148444444444
0.0245755	0.003374362	0.0348111111111	0.0146888888889
0.01652004	0.006598319	0.0365311111111	0.0148888888889
0.02493653	0.00599974	0.0348222222222	0.0145777777778
0.02759903	0.005983734	0.03458	0.0147
0.0243115	0.007100394	0.0365777777778	0.0149222222222
0.02496636	0.005432904	0.0378666666667	0.0146333333333
0.01855447	0.004361155	0.0367577777778	0.0149222222222
0.02597942	0.008318206	0.0343222222222	0.0146777777778
0.03372345	0.006972138	0.0376755555556	0.0148444444444
0.02321405	0.005637582	0.036	0.0144
0.0227511	0.008078185	0.0380377777778	0.0147222222222
0.01683766	0.007436126	0.0377	0.0145
0.01894392	0.003963714	0.0367444444444	0.0149555555556
0.01601223	0.007668396	0.0358111111111	0.0143888888889
0.03110805	0.004506895	0.0350666666667	0.0144333333333
0.02827056	0.004857039	0.0350666666667	0.0144333333333
0.02059751	0.005445664	0.0341022222222	0.0146777777778
0.02147729	0.007622449	0.0356222222222	0.0149777777778
0.02439807	0.008288439	0.0363111111111	0.0149888888889
0.03281309	0.01070056	0.0345811111111	0.0148888888889
0.02456037	0.004678576	0.0369422222222	0.0143777777778
0.02151379	0.006743249	0.0356444444444	0.0143555555556
0.02013495	0.005611211	0.0360588888889	0.0150111111111
0.02139519	0.003782765	0.0379333333333	0.0144666666667
0.02948833	0.006819107	0.03696	0.015
0.02200027	0.01440576	0.0362777777778	0.0150222222222
0.02177969	0.007454907	0.0385166666667	0.0147333333333
0.02622552	0.00408408	0.0381	0.0149
0.02442497	0.00679621	0.0337088888889	0.0147111111111
0.01548359	0.006254005	0.03645	0.0143
0.02398028	0.007202385	0.0337333333333	0.0145666666667
0.02629194	0.007327699	0.0376811111111	0.0149888888889
0.0254965	0.005664845	0.0372377777778	0.0143222222222
0.02668365	0.00371157	0.03852	0.0145
0.02545523	0.005766518	0.0381288888889	0.0144111111111
0.02151932	0.008448913	0.0356511111111	0.0142888888889
0.02664132	0.007101714	0.0388044444444	0.0147555555556
0.02925914	0.005876759	0.0385911111111	0.0144888888889
0.02251972	0.005880462	0.03388	0.0149
0.01606115	0.00592878	0.0341544444444	0.0149555555556
0.02910209	0.007738563	0.0340066666667	0.0149333333333
0.02307947	0.004784693	0.0384977777778	0.0144222222222
0.02390662	0.008388818	0.03868	0.0149
0.02472017	0.006723348	0.037	0.0151
0.03694722	0.006639896	0.0390177777778	0.0145222222222
0.02515117	0.01048632	0.0390466666667	0.0145333333333
0.02240941	0.007777975	0.0367977777778	0.0151222222222
0.02309426	0.005184644	0.0347222222222	0.0142777777778
0.02547884	0.01143654	0.0391622222222	0.0147777777778
0.01635852	0.007686378	0.0331222222222	0.0147777777778
0.02784252	0.005608574	0.0366755555556	0.0151444444444
0.02067486	0.003821772	0.0371066666667	0.0151333333333
0.01853355	0.006778687	0.0334466666667	0.0144333333333
0.02792493	0.006151736	0.0389955555556	0.0144444444444
0.02643299	0.007555698	0.0390733333333	0.0144666666667
0.02686457	0.008310891	0.0369988888889	0.0142111111111
0.02522476	0.005256767	0.0349577777778	0.0142222222222
0.02314981	0.007672165	0.0330911111111	0.0144888888889
0.02985903	0.009094178	0.0386377777778	0.0150222222222
0.02008665	0.008359249	0.03746	0.0142
0.02222255	0.006863608	0.0328666666667	0.0145333333333
0.01235637	0.007257314	0.0350111111111	0.0141888888889
0.02890839	0.006848523	0.0348044444444	0.0151555555556
0.02278532	0.005790599	0.0395277777778	0.0145222222222
0.02815796	0.004231206	0.0395577777778	0.0145222222222
0.0315533	0.007459406	0.0397322222222	0.0146777777778
0.02500944	0.005526578	0.0396444444444	0.0145555555556
0.02497363	0.00558291	0.0335166666667	0.0150333333333
0.02828237	0.004481621	0.0363555555556	0.0141444444444
0.02453627	0.007072259	0.0382977777778	0.0151222222222
0.01740654	0.008149428	0.0325933333333	0.0145666666667
0.02509149	0.005694696	0.0399	0.0147
0.02364721	0.00627835	0.0329733333333	0.0149666666667
0.02401301	0.006516169	0.0346433333333	0.0141666666667
0.02082758	0.003744745	0.0371166666667	0.0141333333333
0.02213383	0.009692153	0.0339777777778	0.0142222222222
0.02130151	0.005903874	0.0395055555556	0.0149444444444
0.01505959	0.007285808	0.0398688888889	0.0148111111111
0.01709693	0.004902462	0.0333244444444	0.0150555555556
0.02449354	0.003972175	0.0369755555556	0.0152444444444
0.02228483	0.003533667	0.0333111111111	0.0142888888889
0.02971006	0.006939451	0.0400544444444	0.0146555555556
0.01957207	0.004880568	0.0380111111111	0.0151888888889
0.02372336	0.008048423	0.0399377777778	0.0145222222222
0.02471574	0.008542961	0.0385455555556	0.0151444444444
0.02806396	0.007195642	0.0392355555556	0.0150444444444
0.02851184	0.006458607	0.0322233333333	0.0146666666667
0.02961663	0.007158671	0.0396022222222	0.0143777777778
0.02039049	0.005978117	0.0347877777778	0.0141222222222
0.02706148	0.004449758	0.0394888888889	0.0150111111111
0.02884204	0.005898979	0.0333444444444	0.0142555555556
0.02937881	0.006047123	0.03864	0.0142
0.01271821	0.008062678	0.0335377777778	0.0142222222222
0.01976042	0.009498498	0.03409	0.0152
0.01948387	0.004867413	0.0359533333333	0.0140666666667
0.02166601	0.007409963	0.0350611111111	0.0140888888889
0.02708767	0.00491379	0.04032	0.0147
0.02289294	0.003840262	0.0340755555556	0.0141444444444
0.02656507	0.004313522	0.0386311111111	0.0151888888889
0.02209155	0.008775895	0.03787	0.0141
0.02690372	0.008237735	0.0402766666667	0.0148333333333
0.02234736	0.005817481	0.0380588888889	0.0141111111111
0.03231903	0.005187444	0.0400188888889	0.0144111111111
0.02255424	0.006271851	0.0395844444444	0.0150555555556
0.02444085	0.007427397	0.0399222222222	0.0143777777778
0.02966621	0.0052425	0.0384888888889	0.0152111111111
0.02536691	0.003387467	0.0395222222222	0.0142777777778
0.0278129	0.003549627	0.0322888888889	0.0144111111111
0.02190011	0.005449713	0.0398844444444	0.0143555555556
0.02851907	0.007118095	0.0348733333333	0.0140666666667
0.01371619	0.003783553	0.0341355555556	0.0152444444444
0.02748054	0.006758848	0.0363666666667	0.0140333333333
0.01821226	0.00938254	0.0342833333333	0.0152666666667
0.02235163	0.009192641	0.0375444444444	0.0140555555556
0.02162596	0.005175874	0.0404111111111	0.0144888888889
0.03035112	0.008114657	0.0336777777778	0.0152222222222
0.02563038	0.005375437	0.0332922222222	0.0151777777778
0.02440846	0.003951648	0.03344	0.0152
0.01836765	0.006943816	0.0359388888889	0.0140111111111
0.02654984	0.005010118	0.0396444444444	0.0142555555556
0.0306862	0.00652875	0.0358888888889	0.0140111111111
0.02273423	0.008052364	0.0318488888889	0.0145111111111
0.0242174	0.00541954	0.0400777777778	0.0150222222222
0.02302808	0.003875982	0.0404555555556	0.0144444444444
0.02530197	0.003789002	0.0367144444444	0.0153555555556
0.02333734	0.004154406	0.0317488888889	0.0145111111111
0.03074681	0.00566906	0.04038	0.0144
0.01775856	0.004479558	0.0403222222222	0.0143777777778
0.02657485	0.00620095	0.04003	0.0143
0.03155376	0.00727051	0.0399811111111	0.0142888888889
0.01361779	0.008102139	0.0339222222222	0.0152777777778
0.02459829	0.008300499	0.0391055555556	0.0141444444444
0.02286957	0.006112253	0.0387344444444	0.0152555555556
0.0260093	0.007075603	0.03314	0.0152
0.02581508	0.003634645	0.0317222222222	0.0144777777778
0.02440268	0.00415679	0.0331	0.0152
0.02028789	0.005326622	0.0384333333333	0.0140666666667
0.01866846	0.006049482	0.0403344444444	0.0143555555556
0.01347326	0.005959117	0.0407666666667	0.0145333333333
0.0227265	0.004869812	0.0358222222222	0.0139777777778
0.01894394	0.006724311	0.0321555555556	0.0150444444444
0.01925913	0.005335391	0.0329311111111	0.0151888888889
0.01092645	0.005064068	0.0356022222222	0.0139777777778
0.02735703	0.008390799	0.0404311111111	0.0149888888889
0.02552538	0.003277064	0.0406555555556	0.0144444444444
0.02860202	0.005467236	0.0343466666667	0.0153333333333
0.03179028	0.005117985	0.0406755555556	0.0144444444444
0.02427404	0.004529884	0.0358233333333	0.0139666666667
0.02402913	0.006845384	0.03904	0.0141
0.01875382	0.003881379	0.0313711111111	0.0146888888889
0.03492334	0.005162926	0.0406555555556	0.0149444444444
0.02104914	0.005800215	0.0318333333333	0.0143666666667
0.02336903	0.008606802	0.0405333333333	0.0143666666667
0.02468885	0.006809549	0.0341666666667	0.0153333333333
0.02509922	0.005168253	0.0343288888889	0.0140111111111
0.02375808	0.005420137	0.0400655555556	0.0142444444444
0.02326761	0.00547802	0.0402733333333	0.0150666666667
0.02872899	0.004292057	0.0315333333333	0.0144666666667
0.03053692	0.004382256	0.0401444444444	0.0142555555556
0.02326696	0.007727092	0.0318866666667	0.0143333333333
0.02738808	0.007517122	0.0402622222222	0.0142777777778
0.025629	0.00603344	0.0395155555556	0.0141444444444
0.02367986	0.006083335	0.0409111111111	0.0144888888889
0.02397467	0.005390919	0.0315666666667	0.0144333333333
0.03187153	0.007393972	0.0400777777778	0.0151222222222
0.01943059	0.00627893	0.0353444444444	0.0139555555556
0.01851449	0.003595406	0.0391111111111	0.0140888888889
0.03298804	0.004152978	0.0392444444444	0.0152555555556
0.02872372	0.004596139	0.0344722222222	0.0153777777778
0.02184382	0.0078978	0.0388155555556	0.0140444444444
0.02596961	0.005195198	0.0394688888889	0.0141111111111
0.02897778	0.006801107	0.0390911111111	0.0152888888889
0.0195539	0.007059999	0.0410222222222	0.0148777777778
0.0187179	0.008038673	0.0312788888889	0.0145111111111
0.02263004	0.005885283	0.0397288888889	0.0152111111111
0.02541795	0.008369017	0.0334555555556	0.0140444444444
0.02583685	0.004109212	0.0373388888889	0.0154111111111
0.02232167	0.00802071	0.0410522222222	0.0148777777778
0.03579749	0.00921489	0.0404922222222	0.0150777777778
0.01545418	0.005790215	0.0314444444444	0.0149555555556
0.02859064	0.004107395	0.0412311111111	0.0147888888889
0.02713674	0.01422523	0.0373577777778	0.0154222222222
0.01966329	0.005661684	0.0404188888889	0.0151111111111
0.02213704	0.01266434	0.0374966666667	0.0139333333333
0.01718363	0.006807967	0.0331444444444	0.0140555555556
0.01483109	0.004467045	0.0351477777778	0.0139222222222
0.02974286	0.004195777	0.0406433333333	0.0150666666667
0.0299413	0.004692473	0.0385333333333	0.0153666666667
0.02489965	0.008112686	0.0311077777778	0.0145222222222
0.03013851	0.006001626	0.04134	0.0148
0.03016697	0.007926806	0.0403888888889	0.0142111111111
0.02353448	0.007152709	0.0328022222222	0.0152777777778
0.02385361	0.008122684	0.0355	0.0139
0.03267981	0.007636483	0.0413466666667	0.0145333333333
0.02843397	0.005779357	0.0378977777778	0.0154222222222
0.0221652	0.005285912	0.0414122222222	0.0145777777778
0.02947387	0.005708213	0.0413555555556	0.0148444444444
0.02563606	0.006078726	0.0406155555556	0.0142444444444
0.0265835	0.004164364	0.0402333333333	0.0141666666667
0.02094248	0.007063935	0.0314755555556	0.0150444444444
0.01993552	0.004776634	0.0341155555556	0.0139444444444
0.02599375	0.00386694	0.03337	0.014
0.01865001	0.006792729	0.0342677777778	0.0154222222222
0.02016735	0.007178793	0.0340588888889	0.0154111111111
0.02757959	0.008195321	0.0343777777778	0.0139222222222
0.02077241	0.004931053	0.0372833333333	0.0154666666667
0.01572043	0.006862767	0.0313688888889	0.0143111111111
0.02574104	0.006554278	0.0396444444444	0.0140555555556
0.02589398	0.007405177	0.0395755555556	0.0140444444444
0.01501382	0.004234996	0.0367311111111	0.0154888888889
0.02679796	0.003839122	0.0398922222222	0.0152777777778
0.0186802	0.007409603	0.0307888888889	0.0145111111111
0.02405773	0.005459713	0.0341688888889	0.0139111111111
0.02912421	0.00793598	0.0398911111111	0.0152888888889
0.02364463	0.004886636	0.0313844444444	0.0142555555556
0.02599294	0.003997331	0.0360555555556	0.0138444444444
0.02489301	0.005881063	0.0307622222222	0.0148777777778
0.03463788	0.00798417	0.0411233333333	0.0150666666667
0.02439774	0.006283326	0.0355888888889	0.0155111111111
0.02886501	0.005691782	0.0418	0.0147
0.02727273	0.004234501	0.0409566666667	0.0142333333333
0.0275592	0.008354035	0.0319577777778	0.0141222222222
0.0244012	0.006592134	0.03836	0.0139
0.02059568	0.004656991	0.0374844444444	0.0138555555556
0.02658445	0.003984624	0.0415777777778	0.0144222222222
0.02134854	0.004875493	0.0305444444444	0.0147555555556
0.03304808	0.005261502	0.0416077777778	0.0149222222222
0.02936065	0.003710726	0.0418622222222	0.0146777777778
0.02562311	0.005038291	0.0418688888889	0.0147111111111
0.027777	0.00809126	0.0349688888889	0.0155111111111
0.02850783	0.008780008	0.0418066666667	0.0145333333333
0.02459537	0.004629199	0.0346644444444	0.0138555555556
0.02052509	0.004698064	0.0361777777778	0.0138222222222
0.02033385	0.008053123	0.0348488888889	0.0155111111111
0.01787552	0.007225981	0.0306444444444	0.0144555555556
0.02256314	0.005055964	0.0339311111111	0.0138888888889
0.01545481	0.005154147	0.0401444444444	0.0140555555556
0.02398573	0.004824733	0.0305711111111	0.0144888888889
0.02618131	0.006353485	0.0403022222222	0.0140777777778
0.03126387	0.004945659	0.0355677777778	0.0138222222222
0.03668244	0.004758757	0.0417811111111	0.0148888888889
0.02246221	0.007893926	0.0326	0.014
0.02369149	0.009620355	0.0377055555556	0.0138444444444
0.02736266	0.005146477	0.0419444444444	0.0147555555556
0.0287077	0.006259706	0.0408044444444	0.0141555555556
0.02870103	0.006364181	0.0402911111111	0.0152888888889
0.02005465	0.004469673	0.0398855555556	0.0153444444444
0.02135385	0.004502456	0.0304888888889	0.0145111111111
0.02091893	0.01250161	0.04146	0.0143
0.02709321	0.007643397	0.0418633333333	0.0144666666667
0.02195708	0.005279549	0.0417111111111	0.0143888888889
0.02730483	0.007326469	0.0322177777778	0.0153222222222
0.02209635	0.006476278	0.0379888888889	0.0155111111111
0.0241207	0.006634128	0.0353055555556	0.0155444444444
0.02870015	0.00441805	0.0393577777778	0.0154222222222
0.02696031	0.005756629	0.0409544444444	0.0141555555556
0.01833007	0.00703015	0.0336322222222	0.0154777777778
0.02705534	0.006688248	0.0382488888889	0.0155111111111
0.02582817	0.006961267	0.0415022222222	0.0150777777778
0.02585581	0.004042656	0.0421444444444	0.0146555555556
0.02541907	0.006157784	0.0410811111111	0.0151888888889
0.009680518	0.007581845	0.0301977777778	0.0146222222222
0.02318098	0.003660523	0.0371111111111	0.0137888888889
0.02135996	0.005320695	0.0302555555556	0.0148444444444
0.02149452	0.004467611	0.0391233333333	0.0154666666667
0.02049314	0.008778818	0.0390222222222	0.0154777777778
0.02625063	0.006495778	0.0399533333333	0.0139666666667
0.02809014	0.006165271	0.0399711111111	0.0153888888889
0.02235942	0.006749998	0.0331133333333	0.0154666666667
0.01998384	0.007682289	0.0407311111111	0.0152888888889
0.02183944	0.006412012	0.0390111111111	0.0154888888889
0.02566274	0.004731221	0.0315422222222	0.0140777777778
0.02278874	0.007892047	0.0337866666667	0.0138333333333
0.0218766	0.005153945	0.0300588888889	0.0146111111111
0.02201112	0.006619093	0.0325777777778	0.0154222222222
0.02727303	0.005456701	0.0420755555556	0.0149444444444
0.02446137	0.004434637	0.0421755555556	0.0144444444444
0.02801369	0.007835547	0.0412266666667	0.0141333333333
0.02219663	0.005252431	0.0303877777778	0.0150222222222
0.02470078	0.007649483	0.0421111111111	0.0143888888889
0.01531508	0.005744323	0.0318155555556	0.0153444444444
0.02121202	0.006232203	0.0423922222222	0.0145777777778
0.02180387	0.004532132	0.0424111111111	0.0145888888889
0.02319856	0.005855212	0.03124	0.0141
0.02296074	0.006833135	0.0300333333333	0.0148666666667
0.02428867	0.004956703	0.04241	0.0148
0.03229072	0.005837599	0.0424577777778	0.0146222222222
0.02457458	0.007213783	0.0349644444444	0.0137555555556
0.02712906	0.005124189	0.0315977777778	0.0153222222222
0.02081479	0.008590907	0.03973	0.0139
0.01983416	0.006857071	0.0375044444444	0.0137555555556
0.02789866	0.006749099	0.04145	0.0152
0.02574883	0.00669697	0.0405111111111	0.0139888888889
0.01070522	0.007370344	0.0321855555556	0.0139444444444
0.02842498	0.004752852	0.0424	0.0145
0.02573388	0.009858457	0.0387455555556	0.0155444444444
0.01903671	0.007192218	0.0315166666667	0.0140333333333
0.01753912	0.005178933	0.0322266666667	0.0139333333333
0.02489672	0.005529386	0.0425366666667	0.0146333333333
0.01580641	0.005414397	0.0422888888889	0.0144111111111
0.02029093	0.006019323	0.03169	0.014
0.03019208	0.007717348	0.0418377777778	0.0151222222222
0.02658555	0.004760636	0.0371777777778	0.0156222222222
0.01822362	0.004955718	0.0322577777778	0.0139222222222
0.02390515	0.004335105	0.0357577777778	0.0137222222222
0.02514474	0.006292713	0.0424955555556	0.0148444444444
0.02491694	0.008558831	0.03994	0.0139
0.02240199	0.004072667	0.0317111111111	0.0139888888889
0.02411573	0.005289974	0.0421777777778	0.0150222222222
0.0291557	0.00543104	0.0409566666667	0.0140333333333
0.0224108	0.004448041	0.0391177777778	0.0138222222222
0.03325919	0.007826679	0.0408788888889	0.0140111111111
0.02532561	0.007771771	0.0425422222222	0.0144777777778
0.02574871	0.004839171	0.0380055555556	0.0137444444444
0.02489628	0.005754257	0.0318	0.0154
0.02540744	0.005482028	0.0334911111111	0.0137888888889
0.02126456	0.006013806	0.0333244444444	0.0155555555556
0.02379471	0.004036938	0.0412444444444	0.0140555555556
0.02899056	0.005775171	0.0393777777778	0.0138222222222
0.02848575	0.004955496	0.0372555555556	0.0156444444444
0.02655055	0.008164318	0.0420266666667	0.0142333333333
0.03104092	0.004580321	0.0426977777778	0.0148222222222
0.02023539	0.007847037	0.0348888888889	0.0137111111111
0.02414645	0.006371134	0.04252	0.0144
0.0178709	0.004308922	0.0394777777778	0.0138222222222
0.02431908	0.00650082	0.0347555555556	0.0156444444444
0.02253118	0.01003143	0.0300288888889	0.0143111111111
0.02782998	0.01047068	0.0356911111111	0.0136888888889
0.02005277	0.004291457	0.0315511111111	0.0153888888889
0.01854492	0.007191099	0.0312555555556	0.0153444444444
0.02802647	0.007048074	0.0301311111111	0.0150888888889
0.02314963	0.0054892	0.0393	0.0138
0.0218096	0.004594542	0.0346288888889	0.0137111111111
0.02303392	0.004289707	0.04284	0.0147
0.02564666	0.007888901	0.0428366666667	0.0146333333333
0.02671953	0.00829348	0.0296411111111	0.0144888888889
0.0238773	0.004605864	0.0406066666667	0.0139333333333
0.0300345	0.006198947	0.0383666666667	0.0137333333333
0.0229825	0.005106263	0.0328488888889	0.0138111111111
0.0314199	0.007628651	0.0406477777778	0.0154222222222
0.02689917	0.009685848	0.0359722222222	0.0156777777778
0.01593872	0.005692208	0.0358622222222	0.0136777777778
0.03235936	0.007010632	0.0420333333333	0.0151666666667
0.02047241	0.006500019	0.0296022222222	0.0144777777778
0.02500682	0.00694476	0.0346444444444	0.0156555555556
0.02169247	0.007565116	0.0385066666667	0.0137333333333
0.02305733	0.006173645	0.0336255555556	0.0137444444444
0.01939372	0.008361583	0.0297222222222	0.0149777777778
0.0281932	0.003865866	0.0363333333333	0.0136666666667
0.02952696	0.005781825	0.0399066666667	0.0138333333333
0.02289278	0.005205916	0.0294144444444	0.0146555555556
0.02651726	0.004821209	0.0335555555556	0.0137444444444
0.01499784	0.005431045	0.0324277777778	0.0155222222222
0.02326773	0.006973005	0.0412955555556	0.0153444444444
0.02487549	0.00827172	0.0308555555556	0.0140444444444
0.02649552	0.00533319	0.0425777777778	0.0143222222222
0.01822425	0.004312141	0.0342	0.0137
0.02348456	0.006326934	0.0395711111111	0.0137888888889
0.0321899	0.004372613	0.04164	0.0153
0.02882485	0.005267767	0.0428455555556	0.0149444444444
0.02327766	0.007704814	0.0430822222222	0.0146777777778
0.01628959	0.008779401	0.0292788888889	0.0146111111111
0.02739129	0.004480464	0.0418222222222	0.0140777777778
0.01600663	0.006267169	0.0427644444444	0.0143555555556
0.02486753	0.00441944	0.0365888888889	0.0157111111111
0.02525229	0.007392876	0.0328933333333	0.0137666666667
0.0173365	0.005528131	0.0304811111111	0.0140888888889
0.02343334	0.004505103	0.0414244444444	0.0153555555556
0.0134385	0.007038551	0.0295111111111	0.0143888888889
0.01549673	0.003138122	0.0368555555556	0.0136444444444
0.02047705	0.006425268	0.0293088888889	0.0145111111111
0.02471746	0.006564221	0.0421688888889	0.0152111111111
0.01722401	0.007379437	0.0407333333333	0.0154666666667
0.01538906	0.005694316	0.0431466666667	0.0147333333333
0.02968642	0.007663785	0.0392888888889	0.0156111111111
0.01819262	0.006832247	0.0333577777778	0.0137222222222
0.02157427	0.006018325	0.0429011111111	0.0143888888889
0.0202909	0.006847242	0.02978	0.0151
0.01985015	0.005409246	0.0312666666667	0.0139333333333
0.02093296	0.00848354	0.0293122222222	0.0148777777778
0.02277418	0.007728248	0.0346244444444	0.0136555555556
0.02360614	0.005817969	0.0411466666667	0.0139333333333
0.01765862	0.006162687	0.0300333333333	0.0141666666667
0.01926029	0.007888104	0.0331777777778	0.0137222222222
0.02443295	0.008327301	0.0366066666667	0.0157333333333
0.02239577	0.005739211	0.0336733333333	0.0156666666667
0.02762368	0.004946069	0.04324	0.0146
0.02540307	0.004869409	0.0416888888889	0.0140111111111
0.01077827	0.00688983	0.0329666666667	0.0137333333333
0.02888715	0.006732575	0.0349777777778	0.0157222222222
0.02119485	0.006767418	0.04303	0.0144
0.02039406	0.0156897	0.0426266666667	0.0142333333333
0.02809862	0.007092293	0.0425111111111	0.0141888888889
0.02428919	0.004425364	0.0347777777778	0.0157222222222
0.03129979	0.01271453	0.0363455555556	0.0157444444444
0.02792019	0.007739514	0.0433333333333	0.0146666666667
0.02756152	0.0076557	0.0366555555556	0.0157444444444
0.02537807	0.007998199	0.0294844444444	0.0150555555556
0.02046353	0.005160879	0.0328177777778	0.0156222222222
0.02402032	0.004921333	0.0373777777778	0.0136222222222
0.02715117	0.005985404	0.0398444444444	0.0137555555556
0.01846818	0.00486401	0.0335822222222	0.0136777777778
0.02435124	0.008265691	0.0352955555556	0.0157444444444
0.0286586	0.005859099	0.0433777777778	0.0146222222222
0.01656229	0.005822419	0.0371888888889	0.0136111111111
0.03574023	0.008457549	0.0431333333333	0.0149666666667
0.02959559	0.004496436	0.0416133333333	0.0139666666667
0.0184782	0.007063957	0.04318	0.0144
0.02107979	0.005666692	0.04268	0.0142
0.01615793	0.009231779	0.0411411111111	0.0138888888889
0.01925247	0.007392407	0.0312822222222	0.0138777777778
0.01724598	0.007163157	0.0431055555556	0.0143444444444
0.02227533	0.005699911	0.0423033333333	0.0152666666667
0.03216272	0.006045979	0.0433888888889	0.0145111111111
0.02232825	0.005960664	0.0364933333333	0.0157666666667
0.03093702	0.007051099	0.0308477777778	0.0154222222222
0.0249463	0.007009019	0.0419044444444	0.0153555555556
0.01829478	0.008015711	0.03136	0.0155
0.01784215	0.003754805	0.0319211111111	0.0137888888889
0.03105978	0.006979191	0.03948	0.0137
0.02782091	0.004042811	0.0433055555556	0.0149444444444
0.01413442	0.007644635	0.0317744444444	0.0155555555556
0.03695388	0.007525416	0.0434911111111	0.0147888888889
0.02587391	0.005980111	0.0300711111111	0.0152888888889
0.02358949	0.005891736	0.0296611111111	0.0151888888889
0.02174092	0.004736468	0.0359622222222	0.0157777777778
0.03416566	0.004762362	0.04354	0.0148
0.01947483	0.004553425	0.03269	0.0137
0.02650728	0.005844233	0.0370922222222	0.0157777777778
0.02549509	0.009484254	0.0292933333333	0.0142666666667
0.02173852	0.004965896	0.029	0.0144
0.02246654	0.005438468	0.0328111111111	0.0136888888889
0.02780913	0.005567779	0.0436144444444	0.0146555555556
0.03245271	0.005366658	0.0435111111111	0.0144888888889
0.01895363	0.009077508	0.0291266666667	0.0150333333333
0.02484986	0.005901993	0.0323666666667	0.0156333333333
0.02289546	0.006135241	0.0365933333333	0.0135666666667
0.02573156	0.009215676	0.0420944444444	0.0153555555556
0.02365765	0.005890506	0.0306377777778	0.0154222222222
0.02197892	0.007120657	0.03322	0.0157
0.01445603	0.007326783	0.0356133333333	0.0135666666667
0.02407823	0.004232871	0.03428	0.0136
0.02177892	0.004659589	0.0349022222222	0.0157777777778
0.01846508	0.007932279	0.03192	0.0156
0.02965534	0.004904634	0.04045	0.0156
0.02253215	0.008476974	0.0419911111111	0.0153888888889
0.02215285	0.004480725	0.0397333333333	0.0156666666667
0.01523257	0.007570315	0.0287722222222	0.0144777777778
0.0216588	0.00531461	0.0293644444444	0.0151555555556
0.0245732	0.003736184	0.0401777777778	0.0137222222222
0.02595334	0.006752356	0.0436666666667	0.0145333333333
0.0165599	0.007346035	0.0325533333333	0.0156666666667
0.02607084	0.006050066	0.0424288888889	0.0153111111111
0.02404323	0.007123856	0.0395333333333	0.0136666666667
0.02100816	0.00583739	0.0432333333333	0.0142666666667
0.02519847	0.007220116	0.0294644444444	0.0141555555556
0.02901412	0.006901236	0.0349644444444	0.0135555555556
0.02024431	0.004429738	0.0287688888889	0.0144111111111
0.01606025	0.006857236	0.0339333333333	0.0157666666667
0.02390634	0.005239413	0.0369855555556	0.0135444444444
0.02710654	0.004077675	0.0429288888889	0.0152111111111
0.02264633	0.004898286	0.0390777777778	0.0136222222222
0.01766664	0.008216809	0.0388955555556	0.0157444444444
0.02446486	0.00974707	0.0336644444444	0.0157555555556
0.02473955	0.006034283	0.03766	0.0158
0.02174201	0.005526268	0.0372555555556	0.0135444444444
0.02471315	0.005858968	0.0428	0.0141
0.01920942	0.006906621	0.03272	0.0157
0.03364272	0.005906149	0.0435711111111	0.0149888888889
0.02122408	0.003839533	0.0309777777778	0.0155222222222
0.03133455	0.005822781	0.0438677777778	0.0147222222222
0.02593542	0.008498235	0.0317666666667	0.0137333333333
0.0235907	0.004017597	0.03345	0.0136
0.02809476	0.008167388	0.0422	0.0154
0.0188309	0.004563569	0.0287222222222	0.0143777777778
0.03330083	0.005237598	0.0431133333333	0.0141666666667
0.01940275	0.005699221	0.0346888888889	0.0158111111111
0.02085229	0.004970625	0.0297088888889	0.0153111111111
0.02888432	0.009809987	0.0337922222222	0.0157777777778
0.0205524	0.005003271	0.0434233333333	0.0142666666667
0.03209281	0.006394651	0.0435355555556	0.0150444444444
0.01719331	0.005516443	0.0318688888889	0.0137111111111
0.02787628	0.005837352	0.0423333333333	0.0139666666667
0.0282183	0.004467535	0.0384633333333	0.0135666666667
0.02335335	0.004265543	0.0370577777778	0.0135222222222
0.03561214	0.005934394	0.0439655555556	0.0146444444444
0.02910377	0.006232239	0.0404144444444	0.0156555555556
0.0256036	0.006074208	0.0401822222222	0.0156777777778
0.02498147	0.005511223	0.0327166666667	0.0136333333333
0.021234	0.004014266	0.0283777777778	0.0147222222222
0.0163197	0.005045182	0.0284444444444	0.0148555555556
0.03184656	0.004675468	0.0401333333333	0.0136666666667
0.02655833	0.007028925	0.0285355555556	0.0149444444444
0.01821145	0.003783845	0.0370888888889	0.0135111111111
0.03417126	0.009431687	0.0440044444444	0.0145555555556
0.03022363	0.005625762	0.0435833333333	0.0142666666667
0.0232622	0.005030302	0.0369844444444	0.0158555555556
0.02389693	0.004463298	0.0371644444444	0.0158555555556
0.02470574	0.004683338	0.0297111111111	0.0139888888889
0.02739707	0.004761542	0.0430722222222	0.0152777777778
0.02352488	0.005680208	0.0368211111111	0.0134888888889
0.02977771	0.00785024	0.0424888888889	0.0154111111111
0.02002178	0.009687914	0.0437222222222	0.0142777777778
0.02096553	0.01241363	0.0382666666667	0.0158333333333
0.01983561	0.004869418	0.0322666666667	0.0136333333333
0.02269627	0.005997833	0.0395311111111	0.0135888888889
0.02654682	0.005430618	0.0406222222222	0.0136777777778
0.02187181	0.005817649	0.0283488888889	0.0144111111111
0.03244433	0.004494137	0.0357222222222	0.0134777777778
0.02527143	0.005543538	0.03068	0.0138
0.02046846	0.007645392	0.0297955555556	0.0139444444444
0.02205041	0.004616391	0.0301622222222	0.0154777777778
0.03260343	0.00787432	0.0442244444444	0.0147555555556
0.02655874	0.005304856	0.0414533333333	0.0137666666667
0.02190524	0.005053596	0.0354422222222	0.0134777777778
0.02195602	0.006347359	0.0324088888889	0.0136111111111
0.02575601	0.004354451	0.0403555555556	0.0136444444444
0.0272389	0.00598971	0.0412466666667	0.0137333333333
0.02134171	0.01177964	0.04052	0.0157
0.02408423	0.00416202	0.0364833333333	0.0134666666667
0.02574579	0.007122386	0.0365533333333	0.0134666666667
0.02867922	0.008757055	0.0430677777778	0.0153222222222
0.02724432	0.01237508	0.0441655555556	0.0144444444444
0.01611836	0.003823186	0.0283133333333	0.0143666666667
0.02232034	0.005433397	0.0291411111111	0.0152888888889
0.02515638	0.00222021	0.0370833333333	0.0134666666667
0.02745469	0.008699835	0.0409511111111	0.0136888888889
0.01919788	0.005245465	0.0281	0.0145
0.0294941	0.007401807	0.0406644444444	0.0136555555556
0.03368253	0.006832741	0.0434666666667	0.0152333333333
0.02163898	0.00489168	0.0400444444444	0.0157555555556
0.025795	0.006194649	0.0281888888889	0.0144111111111
0.03300383	0.004440817	0.0404666666667	0.0136333333333
0.02440624	0.007180505	0.0404777777778	0.0157222222222
0.02357174	0.004119812	0.0281044444444	0.0144555555556
0.02611986	0.006515505	0.0439	0.0151
0.0259562	0.007631019	0.03162	0.0157
0.01802064	0.007270832	0.0428544444444	0.0139555555556
0.03359583	0.005754664	0.04378	0.0142
0.03066547	0.005342911	0.0443333333333	0.0148666666667
0.02802589	0.004615015	0.0443333333333	0.0148666666667
0.01690296	0.004069046	0.0292844444444	0.0153555555556
0.02039414	0.007098029	0.0279155555556	0.0146444444444
0.01878468	0.003764866	0.0279444444444	0.0145555555556
0.02869581	0.006185619	0.0428555555556	0.0139444444444
0.02157958	0.007253377	0.03151	0.0157
0.0258703	0.005061472	0.0444755555556	0.0146444444444
0.02547106	0.006076656	0.0352888888889	0.0159111111111
0.01892361	0.004230905	0.0424	0.0155
0.02413831	0.005937098	0.02851	0.0142
0.02843342	0.004883754	0.03886	0.0135
0.02403434	0.004723893	0.0445066666667	0.0146333333333
0.02319589	0.007362262	0.0291388888889	0.0140111111111
0.02385553	0.006175203	0.0356577777778	0.0159222222222
0.01971459	0.006336282	0.0325444444444	0.0135555555556
0.02377738	0.009003584	0.04358	0.0141
0.01563578	0.008582133	0.0408688888889	0.0157111111111
0.02019912	0.003654231	0.0393666666667	0.0158333333333
0.0222151	0.005467755	0.0323333333333	0.0135666666667
0.01597915	0.003419258	0.0286777777778	0.0141222222222
0.01716856	0.009115827	0.0288611111111	0.0152888888889
0.01743061	0.005574406	0.0311222222222	0.0156777777778
0.0268789	0.004176768	0.0426622222222	0.0138777777778
0.02410014	0.01089917	0.0444811111111	0.0148888888889
0.01422663	0.01077567	0.0378555555556	0.0134444444444
0.02554562	0.00565657	0.0304444444444	0.0137555555556
0.01393545	0.007173926	0.0287333333333	0.0152666666667
0.02996074	0.007193938	0.0368877777778	0.0134222222222
0.01559507	0.006789485	0.0287233333333	0.0152666666667
0.01728769	0.005874528	0.0292111111111	0.0153888888889
0.02576935	0.007506544	0.0446411111111	0.0146888888889
0.02737493	0.005832103	0.0420511111111	0.0155888888889
0.02232224	0.004137736	0.0423488888889	0.0138111111111
0.03210047	0.00447639	0.0429777777778	0.0139222222222
0.02188607	0.006296427	0.0328888888889	0.0135111111111
0.0186314	0.004984077	0.0310733333333	0.0136666666667
0.02986086	0.006121216	0.0446577777778	0.0147222222222
0.03025162	0.006825677	0.0384844444444	0.0134555555556
0.02174526	0.006875431	0.0437111111111	0.0140888888889
0.01865671	0.01037334	0.0293477777778	0.0139222222222
0.02527987	0.005897585	0.0311	0.0157
0.02514304	0.006624582	0.0425666666667	0.0138333333333
0.03088422	0.004650175	0.04167	0.0137
0.03357441	0.004020269	0.0447222222222	0.0146777777778
0.02903136	0.004738198	0.0309333333333	0.0136666666667
0.02805411	0.006848468	0.0428133333333	0.0138666666667
0.035182	0.004497817	0.0447233333333	0.0148666666667
0.03001361	0.0066572	0.0437911111111	0.0152888888889
0.02661568	0.003438815	0.0333	0.0159
0.01607094	0.003482225	0.0359822222222	0.0159777777778
0.02632071	0.005780209	0.0412666666667	0.0157333333333
0.02089947	0.004207921	0.0281111111111	0.0141888888889
0.0218033	0.007466612	0.0356822222222	0.0133777777778
0.03322024	0.008402915	0.0439944444444	0.0152555555556
0.03128551	0.005528751	0.0439222222222	0.0152777777778
0.02365809	0.006630844	0.0448133333333	0.0148666666667
0.02180856	0.005509871	0.0445966666667	0.0143333333333
0.02758408	0.007835433	0.0390688888889	0.0159111111111
0.03198917	0.007436656	0.04403	0.0141
0.03135255	0.004600239	0.0422777777778	0.0156222222222
0.01629823	0.006754859	0.0297922222222	0.0137777777778
0.03065021	0.005447566	0.0442055555556	0.0141444444444
0.01839118	0.004309233	0.0384888888889	0.0134111111111
0.03383496	0.006576289	0.0449666666667	0.0146333333333
0.03025541	0.009259389	0.0388166666667	0.0159333333333
0.02512725	0.007943737	0.0390577777778	0.0159222222222
0.02513367	0.004320255	0.0383244444444	0.0159555555556
0.02704828	0.004088606	0.0433444444444	0.0154555555556
0.02215096	0.008550345	0.0404977777778	0.0135222222222
0.0269754	0.007744749	0.0321444444444	0.0158555555556
0.0267069	0.005769216	0.0448988888889	0.0149111111111
0.02062399	0.005828089	0.0374111111111	0.0159888888889
0.02304516	0.005971466	0.0291222222222	0.0138777777778
0.03542124	0.004951292	0.0423977777778	0.0156222222222
0.03372118	0.006854934	0.0445066666667	0.0151333333333
0.01939262	0.004708566	0.0367944444444	0.0133555555556
0.02734684	0.006546664	0.0399622222222	0.0158777777778
0.01958815	0.005687594	0.0390466666667	0.0159333333333
0.02639793	0.00452515	0.0383111111111	0.0133888888889
0.0292391	0.006009811	0.03376	0.0134
0.02607899	0.005255585	0.0441844444444	0.0152555555556
0.03186139	0.006068139	0.0407066666667	0.0135333333333
0.03085865	0.006453883	0.0449266666667	0.0144333333333
0.01585251	0.007131443	0.0273933333333	0.0144666666667
0.01844081	0.003945589	0.02852	0.014
0.01734269	0.005202236	0.0303933333333	0.0136666666667
0.02560185	0.006915226	0.0342422222222	0.0133777777778
0.03214443	0.003339283	0.0434888888889	0.0139111111111
0.02790667	0.006536839	0.0312111111111	0.0157888888889
0.02677221	0.005959835	0.0435255555556	0.0154444444444
0.02841972	0.003613949	0.0449422222222	0.0149777777778
0.01991717	0.01097523	0.0417577777778	0.0136222222222
0.02242777	0.003689523	0.0315777777778	0.0135222222222
0.02085452	0.0068241	0.0272822222222	0.0144777777778
0.02589766	0.007147163	0.0451777777778	0.0147222222222
0.02513543	0.004331693	0.039	0.0134
0.01902002	0.006103743	0.0283177777778	0.0140222222222
0.01923304	0.005890316	0.0273	0.0149
0.02760733	0.004814572	0.0447344444444	0.0142555555556
0.02607891	0.005230595	0.0450555555556	0.0144444444444
0.02535798	0.005928135	0.0356866666667	0.0133333333333
0.02216977	0.00672733	0.04512	0.0145
0.02918632	0.00660758	0.0435111111111	0.0138888888889
0.02765315	0.008004226	0.0375955555556	0.0133444444444
0.02204044	0.005933362	0.0326577777778	0.0159222222222
0.02463286	0.005387848	0.0321611111111	0.0158888888889
0.01982903	0.005133938	0.0271533333333	0.0147666666667
0.02124541	0.006221561	0.0277233333333	0.0151666666667
0.0225951	0.0108314	0.0271088888889	0.0146111111111
0.01980036	0.005564796	0.0282555555556	0.0153444444444
0.03119281	0.007569175	0.04458	0.0152
0.02161058	0.005158727	0.0368977777778	0.0133222222222
0.03198743	0.00408538	0.0452755555556	0.0147444444444
0.034288	0.008449133	0.0442455555556	0.0140444444444
0.02525239	0.005193366	0.0420666666667	0.0136333333333
0.01473857	0.005378073	0.0412855555556	0.0135444444444
0.02110218	0.005661336	0.0416222222222	0.0157777777778
0.01874397	0.00775709	0.0290377777778	0.0138222222222
0.02813501	0.00505824	0.0444222222222	0.0140777777778
0.01955179	0.00403377	0.0449333333333	0.0142666666667
0.02285916	0.003656611	0.0311177777778	0.0158222222222
0.02261937	0.007586477	0.0448566666667	0.0151333333333
0.02044264	0.005235055	0.0308444444444	0.0135555555556
0.02090327	0.003676194	0.0366044444444	0.0160555555556
0.02057152	0.007712685	0.0341166666667	0.0133333333333
0.02253886	0.007319115	0.0451811111111	0.0149888888889
0.02461123	0.006845784	0.0284888888889	0.0139111111111
0.02155125	0.004821953	0.0286711111111	0.0154888888889
0.02765605	0.004865273	0.0411888888889	0.0135111111111
0.02848197	0.003281005	0.0454177777778	0.0148222222222
0.03127837	0.005881908	0.0399888888889	0.0134111111111
0.02303103	0.003962959	0.03502	0.0133
0.02478605	0.004944972	0.0365411111111	0.0132888888889
0.02991411	0.005859993	0.0430177777778	0.0156222222222
0.02701037	0.007245269	0.0382777777778	0.0133222222222
0.02893155	0.005129058	0.0438022222222	0.0154777777778
0.02132364	0.00500845	0.0296233333333	0.0156666666667
0.01766237	0.005733461	0.0308666666667	0.0135333333333
0.02253847	0.005985758	0.0298444444444	0.0136555555556
0.02741364	0.005371922	0.0450077777778	0.0142222222222
0.01671867	0.006546166	0.0274044444444	0.0151555555556
0.02462442	0.004790266	0.0289733333333	0.0155666666667
0.02664244	0.005843954	0.0351133333333	0.0160666666667
0.02550531	0.005439254	0.0418711111111	0.0157888888889
0.01428973	0.009211877	0.0286044444444	0.0138555555556
0.03240614	0.007235531	0.0430266666667	0.0156333333333
0.02021524	0.006343095	0.0269788888889	0.0144111111111
0.02768101	0.007916789	0.0448788888889	0.0152111111111
0.02292672	0.003496189	0.0450488888889	0.0142111111111
0.01813131	0.006243383	0.0425555555556	0.0136444444444
0.0288741	0.004940211	0.0452211111111	0.0142888888889
0.02566062	0.00570146	0.0399411111111	0.0133888888889
0.01390881	0.008719307	0.0273433333333	0.0151666666667
0.02121536	0.007774757	0.0302922222222	0.0157777777778
0.01937287	0.004700335	0.0297555555556	0.0136444444444
0.03082157	0.00405826	0.0448288888889	0.0141111111111
0.03152402	0.008169008	0.0451566666667	0.0142333333333
0.02681828	0.004745261	0.0319888888889	0.0134111111111
0.02199506	0.004049017	0.0330088888889	0.0160111111111
0.02464135	0.004093688	0.0380333333333	0.0160666666667
0.03122339	0.008704131	0.0447	0.0153
0.03146917	0.008912372	0.0413433333333	0.0158666666667
0.02103778	0.00615115	0.0267466666667	0.0145333333333
0.01732132	0.005230965	0.0448111111111	0.0140888888889
0.03487732	0.006981539	0.0441244444444	0.0154555555556
0.01965284	0.006721156	0.0268833333333	0.0149666666667
0.03494228	0.005310504	0.0454511111111	0.0149888888889
0.02362126	0.004514383	0.0424555555556	0.0157444444444
0.01931003	0.008524091	0.04308	0.0137
0.03250811	0.007696944	0.0440933333333	0.0154666666667
0.02399181	0.005837324	0.0315777777778	0.0159222222222
0.01816182	0.003955259	0.0411833333333	0.0134666666667
0.02660165	0.008197392	0.0451333333333	0.0151666666667
0.02233032	0.007118511	0.0305777777778	0.0135222222222
0.02007842	0.008487314	0.04248	0.0136
0.0252665	0.005803646	0.0398444444444	0.0133555555556
0.02292688	0.007337071	0.03187	0.0134
0.02033821	0.003674657	0.0292333333333	0.0156666666667
0.01620734	0.004619766	0.02724	0.0152
0.02040066	0.00367921	0.0322533333333	0.0133666666667
0.02243023	0.006933467	0.0458	0.0147
0.02514087	0.00709001	0.0266422222222	0.0148777777778
0.01940166	0.006278655	0.0304066666667	0.0158333333333
0.02158955	0.005982912	0.0265644444444	0.0145555555556
0.03377829	0.008531868	0.0453955555556	0.0142444444444
0.02107109	0.003880779	0.0349688888889	0.0161111111111
0.0248117	0.00506895	0.0450888888889	0.0141111111111
0.03036379	0.005065884	0.0414933333333	0.0134666666667
0.03419104	0.005575733	0.0417311111111	0.0134888888889
0.02570067	0.006317794	0.0458966666667	0.0146333333333
0.01832563	0.00878823	0.0264711111111	0.0145888888889
0.02924084	0.007672665	0.0458	0.0149
0.02874103	0.006705301	0.0457888888889	0.0149111111111
0.02469092	0.004518791	0.0456911111111	0.0149888888889
0.03451111	0.003685937	0.0458233333333	0.0144666666667
0.02944853	0.01228283	0.0434988888889	0.0137111111111
0.01681955	0.006889553	0.0307133333333	0.0134666666667
0.03486968	0.008808897	0.0458811111111	0.0144888888889
0.02774404	0.005626074	0.0440755555556	0.0155444444444
0.02312569	0.007098291	0.0328544444444	0.0160555555556
0.02063737	0.006002049	0.0290733333333	0.0136666666667
0.02016498	0.00722077	0.0279833333333	0.0138666666667
0.017886	0.006026547	0.0263888888889	0.0148111111111
0.02586838	0.003499603	0.0343666666667	0.0132333333333
0.02541613	0.006668251	0.0354688888889	0.0132111111111
0.02622509	0.008581113	0.0386844444444	0.0132555555556
0.03281741	0.004626639	0.0336444444444	0.0132555555556
0.01420526	0.005826033	0.0281888888889	0.0138111111111
0.02776998	0.01248486	0.0426044444444	0.0135555555556
0.01976723	0.00567497	0.02722	0.0153
0.02049186	0.005733849	0.0391333333333	0.0132666666667
0.01901368	0.00628877	0.0268	0.0142
0.02499561	0.006095355	0.0437777777778	0.0137222222222
0.02272798	0.004294349	0.0381877777778	0.0132222222222
0.01755933	0.003714821	0.0402777777778	0.0133222222222
0.03302253	0.01035026	0.0453311111111	0.0140888888889
0.01952551	0.005744879	0.0359111111111	0.0131888888889
0.02327145	0.01255863	0.0295311111111	0.0157888888889
0.02185833	0.005241359	0.0282222222222	0.0155777777778
0.02114504	0.002945442	0.03044	0.0159
0.02179837	0.006595347	0.0278344444444	0.0138555555556
0.0214267	0.004350613	0.0431888888889	0.0136111111111
0.02435192	0.008793985	0.0419444444444	0.0134555555556
0.02030818	0.01191792	0.0298266666667	0.0158333333333
0.0315459	0.01038329	0.0434944444444	0.0136555555556
0.03291607	0.005001924	0.0444666666667	0.0138333333333
0.036033	0.00727619	0.0460888888889	0.0149111111111
0.02923666	0.007198301	0.0421111111111	0.0158888888889
0.02329504	0.004121786	0.0425088888889	0.0135111111111
0.02808504	0.008244674	0.0461688888889	0.0145111111111
0.02714486	0.006056829	0.0420244444444	0.0134555555556
0.01420613	0.005572922	0.0264288888889	0.0143111111111
0.01412275	0.008325027	0.0312533333333	0.0133666666667
0.03371645	0.00903359	0.0461511111111	0.0148888888889
0.02934422	0.004635839	0.04436	0.0138
0.03063018	0.007205557	0.0439777777778	0.0137222222222
0.02344362	0.00963243	0.0390666666667	0.0132333333333
0.02299564	0.007723666	0.02988	0.0135
0.02215222	0.006863623	0.0443433333333	0.0155666666667
0.02892729	0.009579558	0.0453266666667	0.0140333333333
0.02438721	0.006335158	0.0454622222222	0.0140777777778
0.01757119	0.007658971	0.0260466666667	0.0147333333333
0.02697417	0.006040155	0.0441266666667	0.0137333333333
0.03308768	0.00596751	0.0459155555556	0.0142444444444
0.02547341	0.006878434	0.0294088888889	0.0158111111111
0.02251356	0.009190277	0.0406288888889	0.0133111111111
0.02375115	0.00893827	0.0415711111111	0.0133888888889
0.02776167	0.006616974	0.0427188888889	0.0135111111111
0.0268204	0.005724357	0.0434555555556	0.0157444444444
0.02648248	0.006956322	0.0396555555556	0.0132444444444
0.02278329	0.004377943	0.0270444444444	0.0153555555556
0.01462635	0.007050521	0.0260844444444	0.0144555555556
0.02292001	0.004326893	0.0390555555556	0.0161444444444
0.02676754	0.005345218	0.0459666666667	0.0142333333333
0.02764301	0.008880552	0.0320522222222	0.0132777777778
0.0304038	0.006623397	0.045	0.0139
0.02565395	0.004575777	0.0422555555556	0.0134444444444
0.01911257	0.004009152	0.0263111111111	0.0150888888889
0.01720266	0.008313106	0.0337733333333	0.0161666666667
0.0202494	0.00907203	0.0311355555556	0.0133444444444
0.01833414	0.006798897	0.0266266666667	0.0152333333333
0.01689814	0.007769651	0.0329777777778	0.0132222222222
0.02844876	0.009144664	0.0383122222222	0.0131777777778
0.03594616	0.008148214	0.0447988888889	0.0155111111111
0.01453778	0.007012743	0.0287266666667	0.0157333333333
0.03084964	0.006352581	0.0417933333333	0.0159666666667
0.02328283	0.005101267	0.0347244444444	0.0131555555556
0.0190177	0.007209639	0.0392788888889	0.0132111111111
0.0221963	0.005877516	0.0441888888889	0.0137111111111
0.01929585	0.008792014	0.0259022222222	0.0147777777778
0.01738389	0.005315714	0.0260444444444	0.0149555555556
0.02737307	0.008192384	0.0463466666667	0.0149333333333
0.02216068	0.009504543	0.0464911111111	0.0146888888889
0.01914669	0.007334041	0.0277822222222	0.0137777777778
0.03195848	0.007788613	0.0452466666667	0.0139333333333
0.02823881	0.004787863	0.0443277777778	0.0137222222222
0.02833863	0.007613532	0.04647	0.0145
0.0220322	0.006598862	0.0438266666667	0.0136333333333
0.01980378	0.006579099	0.0419333333333	0.0159666666667
0.016833	0.004805955	0.0305222222222	0.0133777777778
0.0291616	0.005032142	0.0455688888889	0.0140111111111
0.02833141	0.005242582	0.0360777777778	0.0131222222222
0.0240626	0.006018566	0.0446333333333	0.0137666666667
0.0206039	0.004378317	0.0383944444444	0.0131555555556
0.02719972	0.004408867	0.0460811111111	0.0141888888889
0.02075908	0.007100247	0.0437244444444	0.0157555555556
0.01634684	0.007348585	0.0276522222222	0.0137777777778
0.02004581	0.006113535	0.0416855555556	0.0133444444444
0.02705039	0.006489473	0.0394511111111	0.0131888888889
0.01734559	0.005662603	0.0356188888889	0.0131111111111
0.02139126	0.004988272	0.0324288888889	0.0132111111111
0.02355076	0.00344135	0.0395711111111	0.0131888888889
0.0271712	0.005561932	0.02765	0.0156
0.02887826	0.008753187	0.0298177777778	0.0134222222222
0.02638328	0.01085379	0.0449888888889	0.0138111111111
0.01539789	0.006758866	0.0334444444444	0.0131555555556
0.02653212	0.005734646	0.0344766666667	0.0162333333333
0.01918359	0.005023939	0.0362044444444	0.0162555555556
0.0237926	0.005137355	0.0339777777778	0.0162222222222
0.02750085	0.005904741	0.0304888888889	0.0160111111111
0.01856283	0.006176589	0.0316888888889	0.0161111111111
0.02238144	0.004015991	0.0256722222222	0.0148777777778
0.0275462	0.005554339	0.04429	0.0157
0.02276025	0.005002822	0.0394733333333	0.0131666666667
0.01428013	0.006683502	0.0336566666667	0.0131333333333
0.02650616	0.003589746	0.0339577777778	0.0131222222222
0.01748065	0.004889316	0.0263222222222	0.0140777777778
0.01826996	0.007337425	0.0269333333333	0.0154666666667
0.03033203	0.00546491	0.0387666666667	0.0131333333333
0.008679451	0.008773438	0.0255244444444	0.0146555555556
0.0271035	0.005186156	0.0385066666667	0.0162333333333
0.02304627	0.009217584	0.0463222222222	0.0141777777778
0.02167602	0.005855241	0.0398822222222	0.0161777777778
0.02170763	0.01001238	0.0317577777778	0.0132222222222
0.01816507	0.005822298	0.0270966666667	0.0138333333333
0.02584288	0.008715336	0.0308733333333	0.0160666666667
0.02829975	0.003993511	0.0424222222222	0.0133777777778
0.02509815	0.006375096	0.0439622222222	0.0135777777778
0.02636042	0.004641951	0.0375033333333	0.0162666666667
0.024194	0.006373036	0.0311111111111	0.0160888888889
0.02652826	0.009760932	0.0468966666667	0.0146333333333
0.01288063	0.004238068	0.0256522222222	0.0149777777778
0.03027786	0.005765845	0.0465911111111	0.0142888888889
0.01591427	0.005790917	0.0264811111111	0.0139888888889
0.01345704	0.005691851	0.0346333333333	0.0162666666667
0.0291069	0.00358773	0.0454244444444	0.0138555555556
0.02899914	0.006666925	0.0442355555556	0.0157444444444
0.02093857	0.007346864	0.0254266666667	0.0147333333333
0.02119037	0.007061334	0.0373522222222	0.0162777777778
0.02879232	0.006759972	0.04234	0.016
0.02469524	0.00696175	0.0468144444444	0.0149555555556
0.02947277	0.005940022	0.02672	0.0139
0.02287801	0.005927871	0.0466622222222	0.0142777777778
0.01941242	0.005572741	0.0316288888889	0.0132111111111
0.02958561	0.003028606	0.0451333333333	0.0137666666667
0.01929816	0.006282807	0.0253511111111	0.0146888888889
0.02337611	0.007919296	0.0331777777778	0.0131222222222
0.03101656	0.004205358	0.0409377777778	0.0132222222222
0.03563676	0.003586728	0.0446044444444	0.0136555555556
0.02120971	0.007996765	0.0291288888889	0.0159111111111
0.02840499	0.00624513	0.0428844444444	0.0159555555556
0.02997827	0.007176643	0.0406844444444	0.0161555555556
0.02860276	0.005705856	0.0470533333333	0.0146666666667
0.01919315	0.008457268	0.0422866666667	0.0133333333333
0.02172236	0.007877033	0.0297533333333	0.0133666666667
0.01919883	0.007034429	0.0354	0.0163
0.03547468	0.004953217	0.0470266666667	0.0145333333333
0.02477999	0.006667682	0.04074	0.0132
0.0147938	0.005929836	0.0466155555556	0.0151444444444
0.02421616	0.004249514	0.04408	0.0158
0.02387753	0.005440043	0.0385811111111	0.0130888888889
0.02987288	0.004420437	0.04576	0.0139
0.01889778	0.008902586	0.0261666666667	0.0140333333333
0.02920644	0.004207478	0.0465933333333	0.0151666666667
0.02377168	0.01472299	0.0452511111111	0.0155888888889
0.01976176	0.006911162	0.0395166666667	0.0162333333333
0.02224661	0.003321178	0.0367555555556	0.0130444444444
0.01473309	0.007215669	0.0252333333333	0.0146666666667
0.03303975	0.006018658	0.0413266666667	0.0132333333333
0.01971354	0.01349619	0.0381111111111	0.0162888888889
0.01401618	0.007696103	0.0469633333333	0.0149666666667
0.01640936	0.007260503	0.0252433333333	0.0147666666667
0.01198624	0.004775249	0.0369555555556	0.0130444444444
0.02454416	0.009833266	0.0370555555556	0.0130444444444
0.02647091	0.004217413	0.04585	0.0139
0.02362037	0.005475612	0.0331644444444	0.0162555555556
0.02702372	0.008035985	0.0326777777778	0.0131222222222
0.02753289	0.008213818	0.0453722222222	0.0155777777778
0.02215343	0.006965094	0.0457822222222	0.0154777777778
0.02127722	0.005563478	0.0258366666667	0.0152333333333
0.02003303	0.007029658	0.0286722222222	0.0134777777778
0.02049542	0.01104216	0.04386	0.0135
0.03033931	0.007553251	0.0471788888889	0.0146111111111
0.02499387	0.003710767	0.0359277777778	0.0163222222222
0.01162092	0.003191793	0.0314933333333	0.0161666666667
0.02033388	0.006522746	0.0327988888889	0.0131111111111
0.0241187	0.01054569	0.0256611111111	0.0141888888889
0.02572614	0.009805938	0.0355677777778	0.0163222222222
0.0269665	0.005006799	0.0428911111111	0.0159888888889
0.02150472	0.005104603	0.0428933333333	0.0133666666667
0.02422599	0.005522115	0.0470622222222	0.0143777777778
0.01996734	0.003641508	0.0397288888889	0.0131111111111
0.02877029	0.005868991	0.0403355555556	0.0131444444444
0.02477016	0.004474055	0.0259866666667	0.0140333333333
0.01960547	0.006950573	0.0252266666667	0.0144333333333
0.02579608	0.005779984	0.0296155555556	0.0133444444444
0.02832839	0.005293906	0.04119	0.0132
0.02354432	0.005143219	0.0332822222222	0.0162777777778
0.01822846	0.007915392	0.0251133333333	0.0145666666667
0.02538045	0.00690993	0.0451988888889	0.0137111111111
0.02916999	0.006071522	0.0471111111111	0.0143888888889
0.01552243	0.008221003	0.0465522222222	0.0140777777778
0.02350913	0.005437404	0.0468444444444	0.0151555555556
0.02225424	0.006187413	0.0274	0.0157
0.02803562	0.004060631	0.0450822222222	0.0136777777778
0.03372112	0.006158075	0.0441966666667	0.0158333333333
0.0302219	0.008514985	0.0467455555556	0.0141444444444
0.0176721	0.006347964	0.0432511111111	0.0133888888889
0.02962243	0.00723801	0.0473366666667	0.0146333333333
0.01874186	0.008067722	0.0253422222222	0.0150777777778
0.02741983	0.006217608	0.04077	0.0162
0.03240036	0.006175205	0.0455	0.0156
0.03199968	0.009599993	0.0469666666667	0.0142333333333
0.02521509	0.008979522	0.0396833333333	0.0162666666667
0.02235777	0.005819407	0.0473611111111	0.0145888888889
0.01561298	0.004149167	0.0334444444444	0.0130555555556
0.02190903	0.008910113	0.0284511111111	0.0158888888889
0.02580103	0.005441882	0.0401555555556	0.0162444444444
0.02063612	0.006152137	0.0294666666667	0.0133333333333
0.03334333	0.009551385	0.0473333333333	0.0144666666667
0.01663519	0.009942597	0.0346888888889	0.0130111111111
0.02421265	0.006598954	0.0433222222222	0.0133777777778
0.02726041	0.008466059	0.0398933333333	0.0162666666667
0.02395756	0.009771683	0.041	0.0162
0.02556216	0.005760006	0.0389355555556	0.0130444444444
0.0360823	0.0090179	0.0462455555556	0.0154444444444
0.01749472	0.005127296	0.0256222222222	0.0140777777778
0.02616257	0.01367638	0.0423911111111	0.0160888888889
0.02743204	0.004507751	0.0360111111111	0.0129888888889
0.02149505	0.005723317	0.0450077777778	0.0136222222222
0.02469589	0.01319685	0.0366933333333	0.0163666666667
0.01937931	0.005997667	0.0353311111111	0.0129888888889
0.02050783	0.004939062	0.03206	0.0131
0.01428051	0.005452504	0.0249666666667	0.0144333333333
0.01488105	0.004956348	0.0303777777778	0.0132222222222
0.03584184	0.005939811	0.0472877777778	0.0150222222222
0.02092511	0.004221638	0.0291755555556	0.0133444444444
0.03098863	0.01108295	0.0449444444444	0.0157555555556
0.02894457	0.003369698	0.0472222222222	0.0150777777778
0.02775812	0.008034647	0.0442222222222	0.0134777777778
0.0285824	0.008918459	0.04647	0.0154
0.02218034	0.004621287	0.0275533333333	0.0135666666667
0.0300202	0.00634344	0.04712	0.0142
0.02758241	0.005332107	0.04412	0.0159
0.02611962	0.005866962	0.0463244444444	0.0154555555556
0.03199626	0.006638842	0.0472833333333	0.0150666666667
0.02409363	0.005775132	0.0474666666667	0.0149333333333
0.02987247	0.004090868	0.0458333333333	0.0137666666667
0.0206089	0.008307902	0.0281411111111	0.0158888888889
0.02644561	0.003661258	0.0440066666667	0.0134333333333
0.03408475	0.005225294	0.04654	0.0154
0.02709868	0.006638779	0.0407455555556	0.0162444444444
0.01650696	0.005859557	0.0319333333333	0.0162666666667
0.03038943	0.01003259	0.0472844444444	0.0142555555556
0.02836631	0.004145212	0.0294733333333	0.0160666666667
0.02191495	0.007471038	0.0313777777778	0.0131222222222
0.02409663	0.005328925	0.0472566666667	0.0142333333333
0.03126621	0.008684354	0.0449822222222	0.0157777777778
