root_height	pop_size	pi_net	pi_within
0.04420787	0.006656633	0.0757222222222	0.0185777777778
0.04697251	0.008759229	0.0760433333333	0.0184666666667
0.04514462	0.007690024	0.0761422222222	0.0184777777778
0.04241987	0.00563246	0.0756888888889	0.0186111111111
0.02528404	0.008111526	0.0762022222222	0.0185777777778
0.05273181	0.00488543	0.0761977777778	0.0184222222222
0.03896101	0.006502666	0.0751466666667	0.0186333333333
0.04404526	0.004628716	0.0759333333333	0.0186666666667
0.03205145	0.008816874	0.0766322222222	0.0184777777778
0.02668336	0.01024872	0.0746344444444	0.0185555555556
0.04808145	0.00571197	0.0761333333333	0.0186666666667
0.04547476	0.004862176	0.0754444444444	0.0183555555556
0.02954259	0.007423541	0.0765366666667	0.0186333333333
0.04191405	0.005347276	0.0767177777778	0.0186222222222
0.04920801	0.007275294	0.0748622222222	0.0183777777778
0.05064862	0.00506811	0.0746622222222	0.0183777777778
0.04011973	0.007990722	0.0752377777778	0.0187222222222
0.04530869	0.007873332	0.0743866666667	0.0186333333333
0.04986664	0.004980307	0.0771322222222	0.0184777777778
0.02367568	0.01038205	0.07411	0.0185
0.04022394	0.005705808	0.0740155555556	0.0185444444444
0.0428278	0.00461409	0.0773888888889	0.0185111111111
0.04906499	0.004710503	0.0750922222222	0.0182777777778
0.04352722	0.01052956	0.0774644444444	0.0185555555556
0.05314568	0.005238309	0.0753244444444	0.0182555555556
0.03831533	0.006647368	0.0747533333333	0.0182666666667
0.04037524	0.007334817	0.0761288888889	0.0188111111111
0.04089312	0.005632339	0.0737311111111	0.0185888888889
0.05334794	0.005506103	0.0736655555556	0.0185444444444
0.05081746	0.006905317	0.0764355555556	0.0182444444444
0.03713769	0.006926365	0.07646	0.0188
0.04571215	0.005428173	0.0772377777778	0.0183222222222
0.05024197	0.007890811	0.0745911111111	0.0187888888889
0.04587535	0.008247525	0.0755666666667	0.0188333333333
0.05451998	0.005547938	0.0777722222222	0.0184777777778
0.04254797	0.01080553	0.0767155555556	0.0182444444444
0.04406479	0.005920729	0.0738166666667	0.0183333333333
0.05003238	0.006741952	0.0735833333333	0.0186666666667
0.0453464	0.00681766	0.07336	0.0185
0.05145165	0.007888892	0.0759722222222	0.0181777777778
0.04347983	0.003673379	0.0749222222222	0.0181777777778
0.0375459	0.009593547	0.0741	0.0188
0.05345967	0.01409007	0.0781311111111	0.0184888888889
0.04996173	0.00711838	0.0764422222222	0.0188777777778
0.04590317	0.006047778	0.07537	0.0189
0.04672214	0.006130365	0.0770855555556	0.0188444444444
0.03146158	0.01158873	0.0746022222222	0.0188777777778
0.0497997	0.00770306	0.0781688888889	0.0184111111111
0.04080107	0.009700516	0.0779077777778	0.0183222222222
0.04956096	0.005418598	0.07714	0.0182
0.04470608	0.006058235	0.07636	0.0189
0.04134042	0.01225896	0.0753488888889	0.0189111111111
0.05359712	0.005434461	0.0732866666667	0.0183333333333
0.04613307	0.01038751	0.0729311111111	0.0185888888889
0.04268194	0.007142926	0.0774655555556	0.0188444444444
0.04578043	0.006345515	0.0729844444444	0.0186555555556
0.05069992	0.006075651	0.0733333333333	0.0187666666667
0.04949755	0.006121162	0.0772311111111	0.0188888888889
0.04177169	0.006757275	0.0733644444444	0.0182555555556
0.03747706	0.007014233	0.07342	0.0188
0.05092231	0.005237705	0.0764	0.0181
0.04202352	0.005664615	0.0733344444444	0.0182555555556
0.04043772	0.007747284	0.0782055555556	0.0187444444444
0.03442029	0.007586205	0.0761911111111	0.0180888888889
0.03712202	0.01019558	0.07774	0.0182
0.03888019	0.006133203	0.0736644444444	0.0188555555556
0.04509303	0.005205032	0.0779377777778	0.0182222222222
0.04217533	0.007880523	0.0726277777778	0.0185222222222
0.04976314	0.007349549	0.07848	0.0187
0.0438151	0.007050569	0.0754133333333	0.0180666666667
0.04549082	0.007916457	0.0735733333333	0.0188666666667
0.05089517	0.01091126	0.0787922222222	0.0185777777778
0.04447169	0.0105196	0.0736033333333	0.0181666666667
0.03698188	0.005954408	0.0777244444444	0.0181555555556
0.05321552	0.006509768	0.0787888888889	0.0184111111111
0.05058215	0.007826765	0.0748711111111	0.0189888888889
0.0418363	0.007569219	0.0775977777778	0.0189222222222
0.04258328	0.007034283	0.0726666666667	0.0187333333333
0.05097255	0.006279458	0.07878	0.0187
0.04576726	0.007210533	0.0789377777778	0.0186222222222
0.04304063	0.007584611	0.0773344444444	0.0189555555556
0.04070657	0.006825451	0.0739911111111	0.0180888888889
0.04498589	0.009483353	0.07868	0.0183
0.03755589	0.009884309	0.0790211111111	0.0184888888889
0.0434957	0.00503187	0.0753177777778	0.0180222222222
0.03128699	0.009429216	0.0789877777778	0.0184222222222
0.05101929	0.005662663	0.0743511111111	0.0189888888889
0.04994749	0.005898984	0.0722944444444	0.0184555555556
0.03938575	0.008594852	0.0722577777778	0.0185222222222
0.0475875	0.005621288	0.0748577777778	0.0180222222222
0.04974875	0.007546685	0.0765977777778	0.0180222222222
0.06477989	0.007458704	0.0772111111111	0.0189888888889
0.048085	0.006767637	0.0731144444444	0.0181555555556
0.0450451	0.008743505	0.0770266666667	0.0180333333333
0.04425609	0.00943152	0.0732588888889	0.0189111111111
0.04614502	0.005806445	0.0791566666667	0.0186333333333
0.03521373	0.007608536	0.07347	0.0181
0.0474134	0.008376607	0.0729833333333	0.0181666666667
0.0427619	0.00782839	0.0789355555556	0.0187444444444
0.03927052	0.005549669	0.0780088888889	0.0181111111111
0.04777831	0.005704381	0.07861	0.0182
0.04441555	0.006171049	0.0723933333333	0.0182666666667
0.04846569	0.008613145	0.0742688888889	0.0180111111111
0.03605963	0.008838123	0.0747533333333	0.0190666666667
0.03451246	0.008876233	0.0764333333333	0.0179666666667
0.0383636	0.006228917	0.07185	0.0185
0.05228276	0.005063887	0.0737977777778	0.0180222222222
0.040545	0.01019304	0.0787333333333	0.0181666666667
0.04886157	0.005696891	0.0720555555556	0.0187444444444
0.03726426	0.008900206	0.0737266666667	0.0190333333333
0.04843946	0.009517812	0.0756866666667	0.0179333333333
0.04850158	0.005734972	0.0719666666667	0.0187333333333
0.0476168	0.005761207	0.0764488888889	0.0191111111111
0.03808833	0.004520959	0.0754777777778	0.0179222222222
0.02053191	0.009926116	0.0743144444444	0.0179555555556
0.04733756	0.009289216	0.0721377777778	0.0188222222222
0.04796078	0.00495672	0.0776311111111	0.0179888888889
0.04770969	0.009233685	0.0785311111111	0.0180888888889
0.02668753	0.00815923	0.0722344444444	0.0188555555556
0.04401768	0.004709926	0.0754088888889	0.0179111111111
0.03938739	0.007193007	0.0759266666667	0.0191333333333
0.04264565	0.005593478	0.0719955555556	0.0182444444444
0.03668101	0.003801654	0.0782066666667	0.0180333333333
0.03457	0.008297337	0.07563	0.0179
0.04787164	0.005610643	0.0785333333333	0.0180666666667
0.04188347	0.004965452	0.0723866666667	0.0181333333333
0.03882969	0.005476283	0.0735933333333	0.0190666666667
0.04820048	0.004870054	0.0721622222222	0.0181777777778
0.04175473	0.00692976	0.0719	0.0188
0.04770939	0.008480239	0.0792033333333	0.0188666666667
0.04538608	0.006829008	0.0796777777778	0.0187222222222
0.03683769	0.00514392	0.0721533333333	0.0181666666667
0.04457027	0.007984097	0.0799111111111	0.0185888888889
0.04128205	0.005758891	0.0719744444444	0.0188555555556
0.05108787	0.008666735	0.0799588888889	0.0186111111111
0.04603184	0.008748457	0.0716111111111	0.0182888888889
0.0450068	0.005131481	0.0732933333333	0.0190666666667
0.04490582	0.004681133	0.0717666666667	0.0188333333333
0.0487329	0.01029984	0.0800955555556	0.0185444444444
0.04412962	0.004294009	0.0712777777778	0.0184222222222
0.04608181	0.005487816	0.0774088888889	0.0179111111111
0.04597165	0.005001229	0.0745133333333	0.0191666666667
0.05067438	0.006356648	0.0781533333333	0.0179666666667
0.04867362	0.005529117	0.0712811111111	0.0183888888889
0.05467968	0.006363193	0.0747033333333	0.0178666666667
0.05089981	0.00816649	0.0786777777778	0.0190222222222
0.04563779	0.003889365	0.0771844444444	0.0191555555556
0.0303719	0.006154726	0.0731222222222	0.0190777777778
0.03841321	0.008940914	0.0793588888889	0.0189111111111
0.04452748	0.00578083	0.0801255555556	0.0186444444444
0.03319946	0.006846494	0.0795422222222	0.0188777777778
0.03042387	0.01320717	0.0717011111111	0.0181888888889
0.04919882	0.009261327	0.0801755555556	0.0186444444444
0.0466726	0.005626614	0.0749555555556	0.0178444444444
0.05015931	0.005017039	0.0729533333333	0.0179666666667
0.03202278	0.009360053	0.0711077777778	0.0186222222222
0.04186441	0.01069434	0.0719288888889	0.0181111111111
0.03266884	0.00589213	0.0780077777778	0.0191222222222
0.0464192	0.006716357	0.07936	0.0181
0.03758026	0.008116522	0.0742711111111	0.0191888888889
0.04474408	0.008051259	0.0721744444444	0.0180555555556
0.03902208	0.01172113	0.0777344444444	0.0191555555556
0.03094832	0.007932582	0.0713666666667	0.0182333333333
0.04929176	0.009748781	0.0798244444444	0.0188555555556
0.03673166	0.008586914	0.0789488888889	0.0180111111111
0.05033206	0.007545745	0.0752088888889	0.0178111111111
0.04955999	0.01250216	0.0737622222222	0.0191777777778
0.05978344	0.01022595	0.0766377777778	0.0178222222222
0.04932057	0.00858688	0.0763888888889	0.0178111111111
0.04118001	0.007647496	0.07322	0.0179
0.04160979	0.004618762	0.0804866666667	0.0184333333333
0.04241354	0.005473419	0.0718222222222	0.0180777777778
0.03842402	0.008680045	0.0791388888889	0.0180111111111
0.04037835	0.009878819	0.0786355555556	0.0179444444444
0.0429097	0.007450126	0.0733722222222	0.0178777777778
0.04970879	0.009642306	0.0794711111111	0.0189888888889
0.04798099	0.007605536	0.0761111111111	0.0177888888889
0.04244006	0.006862674	0.0801155555556	0.0188444444444
0.06277173	0.008983132	0.0805988888889	0.0186111111111
0.05393629	0.006866473	0.0709533333333	0.0187666666667
0.05790226	0.005847893	0.0760933333333	0.0192666666667
0.04987329	0.007090619	0.0706488888889	0.0185111111111
0.04708131	0.005577657	0.0706411111111	0.0184888888889
0.04639084	0.004681208	0.0784955555556	0.0191444444444
0.04966059	0.005040178	0.0790044444444	0.0179555555556
0.03387206	0.007397455	0.07074	0.0187
0.0258832	0.009280533	0.0732444444444	0.0178555555556
0.03806751	0.006822894	0.0719755555556	0.0190444444444
0.03983605	0.007342516	0.0804733333333	0.0182666666667
0.04949031	0.004879632	0.0773	0.0178
0.0412027	0.003887523	0.07078	0.0183
0.04768722	0.005805663	0.0749133333333	0.0177666666667
0.03348637	0.006516971	0.0744622222222	0.0177777777778
0.0641512	0.006457539	0.08045	0.0188
0.04607347	0.007010105	0.0779688888889	0.0192111111111
0.0436103	0.0106045	0.07058	0.0184
0.03050719	0.005660316	0.0808233333333	0.0184666666667
0.04749741	0.007220633	0.0808344444444	0.0185555555556
0.04185997	0.008777293	0.0808277777778	0.0186222222222
0.04030837	0.0102499	0.0758	0.0193
0.04682367	0.006689504	0.0743933333333	0.0177666666667
0.05071469	0.008621358	0.08056	0.0188
0.05514745	0.006700467	0.07624	0.0193
0.04233137	0.006849965	0.0793833333333	0.0179666666667
0.05158317	0.006865395	0.0806422222222	0.0187777777778
0.04867441	0.00604765	0.07486	0.0193
0.02914592	0.006413978	0.0801011111111	0.0180888888889
0.04973658	0.0092581	0.0709333333333	0.0181666666667
0.0452974	0.004811654	0.0710577777778	0.0181222222222
0.0368724	0.008893665	0.0723355555556	0.0191444444444
0.0489744	0.00517073	0.0809133333333	0.0186666666667
0.04367548	0.007329241	0.0713244444444	0.0180555555556
0.0556934	0.005353358	0.0810133333333	0.0184666666667
0.0412205	0.009221402	0.0774622222222	0.0192777777778
0.04144193	0.00893094	0.0702888888889	0.0185111111111
0.03283441	0.007861748	0.0784588888889	0.0192111111111
0.03665234	0.008478073	0.0725333333333	0.0178666666667
0.04149148	0.004777688	0.0716044444444	0.0190555555556
0.04954588	0.005337608	0.0718755555556	0.0179444444444
0.05272197	0.006306077	0.0710844444444	0.0189555555556
0.04465849	0.007032245	0.07915	0.0179
0.0432834	0.01186095	0.0806244444444	0.0188555555556
0.05034177	0.007053623	0.0807688888889	0.0188111111111
0.03757501	0.005928074	0.0707122222222	0.0181777777778
0.03898537	0.005497794	0.0705777777778	0.0182222222222
0.02274683	0.005628663	0.0725555555556	0.0178444444444
0.04413715	0.01112107	0.0778933333333	0.0177666666667
0.04831674	0.007906944	0.0810911111111	0.0186888888889
0.04790334	0.005746418	0.0706844444444	0.0181555555556
0.04855953	0.01046369	0.0795177777778	0.0191222222222
0.05597259	0.006646017	0.0811755555556	0.0186444444444
0.04509424	0.005941512	0.0796855555556	0.0179444444444
0.03847354	0.008618764	0.0711488888889	0.0190111111111
0.04650093	0.004443526	0.0752511111111	0.0176888888889
0.04760833	0.005755845	0.0750511111111	0.0176888888889
0.03373126	0.0090751	0.0718855555556	0.0191444444444
0.0532598	0.007853235	0.0813288888889	0.0184111111111
0.05385681	0.008283784	0.0809888888889	0.0182111111111
0.03815834	0.009137198	0.07173	0.0179
0.04700179	0.007227388	0.0783833333333	0.0177666666667
0.04309468	0.009394142	0.0751533333333	0.0176666666667
0.02658378	0.01178197	0.0805933333333	0.0189666666667
0.03610291	0.007133359	0.07049	0.0189
0.04855206	0.005322187	0.0741511111111	0.0176888888889
0.03471903	0.005039198	0.0792955555556	0.0178444444444
0.03970285	0.004617455	0.0814455555556	0.0186444444444
0.0183105	0.008016441	0.0745233333333	0.0176666666667
0.03851639	0.006170265	0.0704777777778	0.0181222222222
0.0406007	0.00457214	0.0700844444444	0.0182555555556
0.04535899	0.00534158	0.0793288888889	0.0192111111111
0.05008465	0.007954637	0.08086	0.0181
0.03892753	0.008747513	0.0721266666667	0.0192333333333
0.04341679	0.00557143	0.0697155555556	0.0185444444444
0.04823603	0.009060641	0.0773133333333	0.0176666666667
0.04054849	0.007784469	0.07463	0.0194
0.0380907	0.008866416	0.0698688888889	0.0183111111111
0.0480839	0.004654758	0.0807611111111	0.0189888888889
0.04942494	0.009713488	0.0750088888889	0.0194111111111
0.03621556	0.008125377	0.07452	0.0194
0.03133025	0.004975225	0.0698933333333	0.0187666666667
0.04242451	0.00887214	0.0736433333333	0.0193666666667
0.03322947	0.00642972	0.0716444444444	0.0178555555556
0.02521918	0.005925787	0.0714833333333	0.0191666666667
0.0563647	0.006121816	0.0802066666667	0.0179333333333
0.04557717	0.006458624	0.0816722222222	0.0184777777778
0.04733891	0.007808936	0.0724133333333	0.0177666666667
0.04105686	0.006893366	0.0760377777778	0.0176222222222
0.04111944	0.007904889	0.0813777777778	0.0182222222222
0.04952381	0.006416133	0.0790222222222	0.0192777777778
0.04503449	0.003921713	0.0696266666667	0.0184333333333
0.04876394	0.007001837	0.0802888888889	0.0191111111111
0.04820474	0.009158589	0.0772455555556	0.0176444444444
0.03090815	0.00775987	0.06984	0.0188
0.03978589	0.007268782	0.0739555555556	0.0176444444444
0.04163981	0.005475071	0.06994	0.0182
0.04554438	0.004817609	0.0778622222222	0.0193777777778
0.05375981	0.01269028	0.0809611111111	0.0189888888889
0.03671042	0.007225273	0.0701666666667	0.0189333333333
0.04196783	0.009721656	0.0710466666667	0.0191333333333
0.04689863	0.005444072	0.0809944444444	0.0180555555556
0.05355469	0.006909747	0.0809066666667	0.0180333333333
0.05234957	0.01016314	0.0796977777778	0.0192222222222
0.04446032	0.008988182	0.0745866666667	0.0194333333333
0.03990932	0.005784132	0.0728	0.0177
0.03580692	0.00615036	0.0818466666667	0.0184333333333
0.04997777	0.007815883	0.0815	0.0182
0.04133353	0.009433331	0.0719222222222	0.0177777777778
0.05215192	0.009481076	0.0769688888889	0.0176111111111
0.03337881	0.007189967	0.0727355555556	0.0193444444444
0.03707821	0.009065046	0.0737688888889	0.0194111111111
0.05715842	0.008939507	0.0814722222222	0.0181777777778
0.05260113	0.007292284	0.0697666666667	0.0188333333333
0.04712981	0.007439194	0.0703777777778	0.0180222222222
0.03951443	0.004838213	0.0707888888889	0.0191111111111
0.04481521	0.006536689	0.07444	0.0176
0.05268144	0.005914281	0.0817044444444	0.0182555555556
0.04814458	0.004938641	0.0725855555556	0.0193444444444
0.04392288	0.006027127	0.0707977777778	0.0191222222222
0.05002869	0.007566444	0.0740266666667	0.0194333333333
0.05360522	0.007640877	0.0816155555556	0.0188444444444
0.05624213	0.006779468	0.0693022222222	0.0184777777778
0.04327925	0.00790458	0.0803622222222	0.0178777777778
0.0372832	0.007497652	0.06981	0.0189
0.04603122	0.008663299	0.0797644444444	0.0192555555556
0.04261222	0.004816213	0.0803333333333	0.0178666666667
0.04051418	0.007522286	0.0732666666667	0.0176333333333
0.03849366	0.009315593	0.0727733333333	0.0176666666667
0.03618688	0.00698442	0.0771711111111	0.0175888888889
0.04501986	0.008487551	0.0696933333333	0.0181666666667
0.0446156	0.008504735	0.0728444444444	0.0176555555556
0.03604526	0.009061649	0.0696422222222	0.0181777777778
0.03948837	0.008578347	0.0705366666667	0.0179333333333
0.05432159	0.009815236	0.0766933333333	0.0175666666667
0.04144618	0.005366587	0.0805233333333	0.0191666666667
0.04232847	0.00672067	0.0741333333333	0.0194666666667
0.05178064	0.0141474	0.0801266666667	0.0192333333333
0.03376632	0.003808816	0.0781977777778	0.0194222222222
0.04083391	0.01110783	0.0704566666667	0.0179333333333
0.04420926	0.003662891	0.0692888888889	0.0183111111111
0.03821955	0.00845951	0.0770333333333	0.0175666666667
0.03760125	0.008117394	0.0746411111111	0.0194888888889
0.05329106	0.00888023	0.0822266666667	0.0185333333333
0.05045093	0.008414058	0.0771622222222	0.0194777777778
0.03237435	0.006216536	0.0728666666667	0.0176333333333
0.0401237	0.004120518	0.0701933333333	0.0190666666667
0.04388832	0.006988397	0.0714133333333	0.0177666666667
0.04065675	0.009033111	0.07085	0.0192
0.03758254	0.004917472	0.0739333333333	0.0175666666667
0.04882919	0.005909122	0.0814755555556	0.0180444444444
0.0455657	0.0101279	0.0787755555556	0.0176444444444
0.0483109	0.00748968	0.0777322222222	0.0175777777778
0.05475116	0.006427802	0.0795088888889	0.0177111111111
0.05035679	0.008553484	0.0777422222222	0.0175777777778
0.04227955	0.008412916	0.0699955555556	0.0190444444444
0.04250388	0.005924748	0.07314	0.0176
0.04125206	0.004598311	0.0712333333333	0.0192666666667
0.03666841	0.009450616	0.0820066666667	0.0188333333333
0.04746264	0.003476894	0.0716577777778	0.0177222222222
0.04744752	0.006377073	0.0734333333333	0.0194666666667
0.04336302	0.004547526	0.0706611111111	0.0191888888889
0.0505984	0.006751732	0.0774444444444	0.0175555555556
0.04328172	0.006304958	0.0823833333333	0.0185666666667
0.04611336	0.004553909	0.0709855555556	0.0192444444444
0.04277602	0.007322471	0.0722444444444	0.0176555555556
0.04416227	0.007137914	0.0807211111111	0.0191888888889
0.04846541	0.007376086	0.0780222222222	0.0175777777778
0.0433849	0.007671523	0.0818	0.0181
0.04851973	0.005053943	0.0823611111111	0.0183888888889
0.04315931	0.008082075	0.0756366666667	0.0195333333333
0.04643044	0.008507566	0.08244	0.0185
0.03801129	0.007660024	0.0689722222222	0.0186777777778
0.06000247	0.008129517	0.0789288888889	0.0194111111111
0.03581656	0.004830447	0.0762866666667	0.0195333333333
0.02597255	0.01040467	0.0708855555556	0.0192444444444
0.04100299	0.009455385	0.0740266666667	0.0175333333333
0.04335513	0.005563035	0.0769777777778	0.0195222222222
0.0486476	0.005789244	0.0724277777778	0.0176222222222
0.02357731	0.01236289	0.0801055555556	0.0177444444444
0.04221639	0.009229861	0.0725666666667	0.0194333333333
0.0474359	0.007431231	0.0787688888889	0.0176111111111
0.05274899	0.00966439	0.07767	0.0195
0.0406676	0.006793912	0.07047	0.0192
0.04313832	0.005743475	0.0770388888889	0.0175111111111
0.06125252	0.005830624	0.0825022222222	0.0186777777778
0.05579538	0.005415919	0.0825866666667	0.0185333333333
0.04561135	0.01259702	0.0732011111111	0.0194888888889
0.04439861	0.008165098	0.0690177777778	0.0182222222222
0.04940721	0.005706739	0.0805844444444	0.0192555555556
0.05201855	0.004853135	0.0826111111111	0.0184888888889
0.0435905	0.004900471	0.0695777777778	0.0180222222222
0.04255081	0.007129097	0.0740666666667	0.0195333333333
0.04355353	0.01334142	0.0735677777778	0.0195222222222
0.04454253	0.006746136	0.0762722222222	0.0174777777778
0.03260846	0.00635345	0.07313	0.0195
0.04223743	0.005385933	0.0763522222222	0.0174777777778
0.05265505	0.006712982	0.0793077777778	0.0176222222222
0.04575197	0.01096257	0.0730455555556	0.0175444444444
0.04470524	0.007341428	0.08272	0.0185
0.03564585	0.01021485	0.07394	0.0175
0.04438105	0.008749866	0.0766333333333	0.0195666666667
0.04720082	0.009592029	0.0756822222222	0.0195777777778
0.04635289	0.007124055	0.0781488888889	0.0195111111111
0.0340031	0.008058515	0.0826455555556	0.0183444444444
0.04202694	0.006201057	0.0761733333333	0.0174666666667
0.05354048	0.005160135	0.0750533333333	0.0174666666667
0.03448797	0.01030497	0.0822666666667	0.0181333333333
0.04211527	0.00878828	0.0687822222222	0.0187777777778
0.04033986	0.007279797	0.0691555555556	0.0189444444444
0.02731572	0.01003683	0.0827622222222	0.0184777777778
0.03135549	0.007510122	0.0685888888889	0.0186111111111
0.05290499	0.004443044	0.0805944444444	0.0177555555556
0.05209441	0.007894967	0.0827311111111	0.0186888888889
0.05571805	0.01073196	0.0821733333333	0.0189666666667
0.04651747	0.006634215	0.0745333333333	0.0174666666667
0.04086079	0.007140261	0.0740822222222	0.0174777777778
0.04066439	0.006269682	0.0701977777778	0.0178222222222
0.04942124	0.005800596	0.0796377777778	0.0194222222222
0.04245329	0.005152784	0.0686955555556	0.0182444444444
0.04761138	0.007657373	0.0754255555556	0.0174444444444
0.0409975	0.007704852	0.0698211111111	0.0178888888889
0.02737683	0.008367941	0.0713644444444	0.0176555555556
0.04221396	0.005019835	0.07258	0.0195
0.05393332	0.007656312	0.0809222222222	0.0177777777778
0.03981322	0.007723803	0.0818444444444	0.0179555555556
0.04740082	0.006726506	0.06916	0.019
0.04703031	0.00931674	0.0789444444444	0.0175555555556
0.02504961	0.008357294	0.0823144444444	0.0189555555556
0.04923994	0.008097468	0.0720933333333	0.0194666666667
0.04805103	0.007836873	0.07252	0.0195
0.03218551	0.01227924	0.0736733333333	0.0195666666667
0.03849591	0.009353676	0.0684044444444	0.0184555555556
0.04002681	0.006829859	0.0798666666667	0.0176333333333
0.04045799	0.008748844	0.07314	0.0175
0.05678621	0.004582233	0.08288	0.0187
0.0499603	0.006669825	0.0823844444444	0.0189555555556
0.05009755	0.004876764	0.0725366666667	0.0175333333333
0.03513597	0.004376248	0.0826888888889	0.0182111111111
0.04015087	0.008169212	0.0805155555556	0.0193444444444
0.03035327	0.007424387	0.0739844444444	0.0174555555556
0.04219426	0.009323146	0.0813866666667	0.0178333333333
0.03837524	0.007134544	0.0809511111111	0.0192888888889
0.04134716	0.009088836	0.0803033333333	0.0176666666667
0.04325263	0.0103677	0.0775311111111	0.0195888888889
0.05369155	0.012341	0.0830411111111	0.0184888888889
0.04328874	0.004684901	0.0685466666667	0.0182333333333
0.0345831	0.008425094	0.0723966666667	0.0175333333333
0.03428157	0.006915286	0.0686733333333	0.0181666666667
0.03174818	0.005161581	0.0749577777778	0.0174222222222
0.05012939	0.01003853	0.0811333333333	0.0192666666667
0.04944637	0.01010952	0.0776511111111	0.0195888888889
0.02878136	0.006477676	0.0683311111111	0.0186888888889
0.04185799	0.003402681	0.0688933333333	0.0180666666667
0.03851035	0.01045422	0.0689866666667	0.0180333333333
0.03154108	0.007723684	0.0702744444444	0.0177555555556
0.03284219	0.008792576	0.0797344444444	0.0194555555556
0.04162434	0.006489414	0.0682944444444	0.0183555555556
0.04719301	0.006106202	0.0734644444444	0.0174555555556
0.05590137	0.005116165	0.0763966666667	0.0196333333333
0.04399253	0.00868661	0.0711466666667	0.0176333333333
0.03990878	0.005327285	0.0748166666667	0.0196333333333
0.03900686	0.004269469	0.0794444444444	0.0175555555556
0.04051121	0.004961837	0.0725955555556	0.0195444444444
0.05380697	0.005457156	0.0830944444444	0.0183555555556
0.03526452	0.005492939	0.0685422222222	0.0188777777778
0.05177787	0.006800403	0.07778	0.0196
0.03009359	0.008090475	0.0829488888889	0.0188111111111
0.03415119	0.006571572	0.06938	0.0179
0.05078785	0.008626186	0.0821066666667	0.0179333333333
0.04613911	0.009901669	0.0781411111111	0.0195888888889
0.04177696	0.006783531	0.0690433333333	0.0190666666667
0.04462766	0.004422406	0.0804555555556	0.0176444444444
0.03876874	0.003920093	0.0735566666667	0.0174333333333
0.04861868	0.006030188	0.0738177777778	0.0174222222222
0.03962754	0.007113895	0.0725344444444	0.0195555555556
0.05464582	0.003963218	0.0802088888889	0.0176111111111
0.03438945	0.007714269	0.0694033333333	0.0191666666667
0.05125468	0.008319143	0.0830611111111	0.0187888888889
0.04547946	0.006616131	0.0691877777778	0.0179222222222
0.04434483	0.004640222	0.0694333333333	0.0178666666667
0.04675967	0.005633696	0.0833	0.0185
0.05219677	0.005329257	0.07424	0.0174
0.0432433	0.005708158	0.0681044444444	0.0183555555556
0.04156504	0.00799669	0.0679977777778	0.0185222222222
0.04828791	0.008385314	0.0809544444444	0.0193555555556
0.05836564	0.008604446	0.0822666666667	0.0179333333333
0.04415657	0.005730922	0.0686444444444	0.0180555555556
0.04149249	0.006142202	0.0736366666667	0.0196333333333
0.02833407	0.006625121	0.0766222222222	0.0173777777778
0.05009263	0.009428839	0.0833144444444	0.0183555555556
0.03680491	0.007591121	0.0782588888889	0.0196111111111
0.05696673	0.00666831	0.0814355555556	0.0177444444444
0.04371997	0.003654357	0.0704133333333	0.0176666666667
0.0433565	0.00943715	0.0803444444444	0.0194555555556
0.05163163	0.01030844	0.0834555555556	0.0184444444444
0.0397838	0.005979042	0.0771933333333	0.0196666666667
0.04853876	0.008271293	0.0758444444444	0.0173555555556
0.04572578	0.002559087	0.0814466666667	0.0177333333333
0.04230152	0.004369294	0.0691222222222	0.0178777777778
0.04038375	0.008466062	0.0763911111111	0.0196888888889
0.03714853	0.005435227	0.0832055555556	0.0188444444444
0.0434863	0.006651771	0.0698	0.0193
0.04595724	0.005280543	0.0731688888889	0.0174111111111
0.05108582	0.008140734	0.0715577777778	0.0175222222222
0.0441699	0.006227916	0.08322	0.0182
0.06026438	0.009386638	0.0828455555556	0.0180444444444
0.05335115	0.004381937	0.0819777777778	0.0178222222222
0.04367986	0.004901996	0.0712011111111	0.0194888888889
0.0433517	0.006455031	0.06946	0.0178
0.04157927	0.005411512	0.0830466666667	0.0189333333333
0.04880051	0.006447311	0.0809155555556	0.0176444444444
0.04380068	0.004644193	0.0771833333333	0.0173666666667
0.03374617	0.008792075	0.06778	0.0186
0.03528703	0.005804811	0.0677266666667	0.0185333333333
0.04475619	0.00722757	0.0771544444444	0.0173555555556
0.04917135	0.01001799	0.06824	0.0181
0.04677399	0.008294953	0.0834911111111	0.0182888888889
0.04157219	0.00431016	0.0779533333333	0.0196666666667
0.04517466	0.008106886	0.0733322222222	0.0173777777778
0.04982649	0.006056487	0.0834933333333	0.0182666666667
0.03592358	0.009763119	0.0683877777778	0.0180222222222
0.04362622	0.006859883	0.0679266666667	0.0188333333333
0.02416017	0.006413598	0.0726688888889	0.0174111111111
0.04157901	0.004726224	0.0694433333333	0.0177666666667
0.04478504	0.004861303	0.0741855555556	0.0173444444444
0.02268539	0.006662248	0.0833333333333	0.0181666666667
0.05011308	0.007312831	0.0759377777778	0.0197222222222
0.05360065	0.006906482	0.07727	0.0197
0.03920367	0.008800295	0.0676255555556	0.0185444444444
0.04184121	0.004482304	0.0707833333333	0.0175666666667
0.0285092	0.004291924	0.0734333333333	0.0173666666667
0.03987512	0.008315826	0.0836633333333	0.0186666666667
0.05028248	0.009015469	0.0776844444444	0.0173555555556
0.03802715	0.009494745	0.0739255555556	0.0173444444444
0.04319488	0.005260657	0.0774955555556	0.0173444444444
0.05180243	0.008657377	0.0740966666667	0.0173333333333
0.04118204	0.006294427	0.08095	0.0176
0.04248082	0.006705389	0.0809555555556	0.0194444444444
0.05044957	0.006528503	0.0709488888889	0.0195111111111
0.04997807	0.009360816	0.0836233333333	0.0182666666667
0.04484767	0.008350989	0.0729022222222	0.0173777777778
0.048592	0.007252526	0.08352	0.0182
0.05305101	0.007272281	0.08352	0.0182
0.04740143	0.01140793	0.0723188888889	0.0174111111111
0.03491473	0.01246744	0.0704211111111	0.0175888888889
0.04588328	0.007754872	0.0835355555556	0.0188444444444
0.04181487	0.008736686	0.0684411111111	0.0190888888889
0.0434463	0.005336983	0.0837544444444	0.0183555555556
0.03625115	0.008863727	0.07544	0.0173
0.02545915	0.005058494	0.0675611111111	0.0186888888889
0.03584781	0.007510929	0.0835411111111	0.0181888888889
0.03161484	0.006205873	0.0679588888889	0.0181111111111
0.05933678	0.003983529	0.0781644444444	0.0173555555556
0.04826709	0.003376094	0.0826422222222	0.0178777777778
0.03438451	0.005235617	0.0721588888889	0.0174111111111
0.05526418	0.004088546	0.0824866666667	0.0178333333333
0.05379632	0.007416257	0.0738177777778	0.0173222222222
0.04065068	0.008586201	0.0838077777778	0.0183222222222
0.05248212	0.007994192	0.0825188888889	0.0192111111111
0.02036022	0.006434059	0.0704222222222	0.0194777777778
0.05696203	0.003772686	0.0763611111111	0.0172888888889
0.04344691	0.003843321	0.0685511111111	0.0178888888889
0.05187926	0.004987156	0.0684588888889	0.0179111111111
0.03814788	0.005133676	0.0674133333333	0.0183666666667
0.03931604	0.005448569	0.07982	0.0196
0.04203278	0.00779237	0.0839777777778	0.0186222222222
0.02595227	0.006407073	0.0744311111111	0.0172888888889
0.03533012	0.0112228	0.0718766666667	0.0196333333333
0.03610896	0.00701138	0.0675111111111	0.0187888888889
0.05318092	0.007506421	0.0835044444444	0.0189555555556
0.04760432	0.0095401	0.0739455555556	0.0197444444444
0.04582866	0.006191869	0.0749322222222	0.0172777777778
0.04186866	0.005075896	0.0700255555556	0.0194444444444
0.04481574	0.004190866	0.0764633333333	0.0197666666667
0.04517562	0.006010554	0.0788633333333	0.0173666666667
0.03388468	0.007079772	0.0728555555556	0.0173444444444
0.02550717	0.006623182	0.0717888888889	0.0174111111111
0.04169691	0.007620754	0.06728	0.0185
0.04202953	0.008524462	0.0823111111111	0.0192888888889
0.04953779	0.009370199	0.0805855555556	0.0195444444444
0.04500872	0.004551349	0.0762933333333	0.0172666666667
0.01703238	0.01229886	0.0796588888889	0.0174111111111
0.03989268	0.006440942	0.0689444444444	0.0177555555556
0.03774574	0.005062444	0.07125	0.0196
0.01879585	0.007298057	0.0682177777778	0.0191222222222
0.02619872	0.005427864	0.0816888888889	0.0194111111111
0.04611313	0.006069827	0.0675222222222	0.0181777777778
0.04442333	0.009444426	0.0810455555556	0.0175444444444
0.06265083	0.006542837	0.0838444444444	0.0188555555556
0.02369802	0.009381858	0.0769533333333	0.0172666666667
0.04810919	0.008470925	0.0743333333333	0.0172666666667
0.05036703	0.006709905	0.0830033333333	0.0191666666667
0.04675761	0.008105933	0.0689155555556	0.0177444444444
0.04695519	0.007906657	0.0712266666667	0.0174333333333
0.05264336	0.005216077	0.0812711111111	0.0194888888889
0.04209673	0.006571907	0.0677588888889	0.0190111111111
0.04307377	0.006954923	0.0750455555556	0.0172444444444
0.05242946	0.008662709	0.0837233333333	0.0189666666667
0.03819048	0.00949	0.0693344444444	0.0176555555556
0.04538154	0.01105526	0.0748055555556	0.0172444444444
0.03986265	0.005911017	0.0770911111111	0.0197888888889
0.04716491	0.009182943	0.0671111111111	0.0183888888889
0.0502431	0.00298956	0.0813444444444	0.0175555555556
0.05877069	0.01322358	0.0842711111111	0.0184888888889
0.03679564	0.009022373	0.0824666666667	0.0177333333333
0.05884962	0.00971031	0.0839422222222	0.0188777777778
0.04576553	0.007874917	0.0824177777778	0.0177222222222
0.04307277	0.00625693	0.0684788888889	0.0178111111111
0.02641686	0.01271198	0.0696944444444	0.0194555555556
0.05915492	0.007363087	0.07435	0.0198
0.04717858	0.008572044	0.0798444444444	0.0196555555556
0.04989612	0.003557544	0.0843244444444	0.0185555555556
0.04732853	0.007103395	0.0780522222222	0.0172777777778
0.04408671	0.008775717	0.0686333333333	0.0177666666667
0.05112849	0.005907841	0.0830555555556	0.0178444444444
0.04724332	0.00821989	0.0840888888889	0.0182111111111
0.04375998	0.008219589	0.0678222222222	0.0190777777778
0.05620645	0.006573564	0.0677822222222	0.0179777777778
0.03503586	0.00791901	0.0745888888889	0.0198111111111
0.03368752	0.005541469	0.0693288888889	0.0194111111111
0.04326117	0.01039816	0.0772655555556	0.0172444444444
0.05304579	0.005639586	0.0759777777778	0.0172222222222
0.03664867	0.008449664	0.0673488888889	0.0189111111111
0.05431139	0.009945274	0.07124	0.0174
0.05358505	0.007785753	0.0830688888889	0.0192111111111
0.0334835	0.00745127	0.0763577777778	0.0172222222222
0.03756567	0.007634705	0.0839355555556	0.0189444444444
0.04789617	0.007324369	0.0837366666667	0.0190333333333
0.02186271	0.009424072	0.0842644444444	0.0182555555556
0.04508902	0.007081876	0.0760888888889	0.0172111111111
0.04403308	0.01133798	0.0730822222222	0.0197777777778
0.03878052	0.006532174	0.0671611111111	0.0181888888889
0.04367134	0.00723907	0.0728222222222	0.0172777777778
0.04076869	0.006460366	0.0704133333333	0.0174666666667
0.04080844	0.009515333	0.0714322222222	0.0196777777778
0.04159647	0.006801056	0.0830011111111	0.0177888888889
0.05304135	0.01254964	0.0741877777778	0.0172222222222
0.03248769	0.01033259	0.0679922222222	0.0191777777778
0.04320108	0.008537529	0.08432	0.0188
0.03682298	0.006539916	0.0692466666667	0.0194333333333
0.05193547	0.00800152	0.0760755555556	0.0198444444444
0.0466022	0.007193819	0.0668133333333	0.0185666666667
0.04772297	0.008217624	0.0794177777778	0.0173222222222
0.04450124	0.005691753	0.0789811111111	0.0172888888889
0.04529853	0.008178202	0.0718277777778	0.0197222222222
0.04010821	0.006652678	0.0700611111111	0.0174888888889
0.03464814	0.006809062	0.0669344444444	0.0182555555556
0.04936773	0.005836489	0.0818311111111	0.0194888888889
0.04393253	0.005847331	0.0843777777778	0.0182222222222
0.04982131	0.01112117	0.08461	0.0186
0.05863699	0.006684369	0.0808888888889	0.0196111111111
0.05109282	0.007997726	0.0845822222222	0.0186777777778
0.04912903	0.007143385	0.0729355555556	0.0172444444444
0.05217809	0.008050105	0.0781966666667	0.0172333333333
0.04162369	0.01025737	0.0669355555556	0.0188444444444
0.04305927	0.005554849	0.0673755555556	0.0190444444444
0.0507403	0.004259403	0.0838444444444	0.0179555555556
0.03681388	0.009785407	0.0727555555556	0.0172444444444
0.02955177	0.007657549	0.0668911111111	0.0181888888889
0.04678976	0.007059831	0.0666277777778	0.0184222222222
0.04471367	0.00791978	0.0723844444444	0.0172555555556
0.04775823	0.01120712	0.0743233333333	0.0198666666667
0.04443576	0.00747637	0.0673233333333	0.0179666666667
0.0481681	0.006404166	0.0665477777778	0.0186222222222
0.04283297	0.006273779	0.0670644444444	0.0180555555556
0.04831027	0.005874995	0.0814144444444	0.0174555555556
0.04340948	0.006549845	0.0739222222222	0.0171777777778
0.04666014	0.007418787	0.07328	0.0172
0.0277412	0.007406311	0.06788	0.0178
0.04991817	0.008278079	0.0816911111111	0.0174888888889
0.03570929	0.007549829	0.0846855555556	0.0182444444444
0.0383864	0.008283921	0.0809111111111	0.0173888888889
0.04962862	0.006348894	0.07828	0.0172
0.02571759	0.009528861	0.0753055555556	0.0171444444444
0.04976392	0.0101203	0.0773722222222	0.0198777777778
0.05074364	0.006924154	0.0835011111111	0.0177888888889
0.04490911	0.009456412	0.0778033333333	0.0198666666667
0.03468028	0.005488782	0.0678622222222	0.0177777777778
0.05296914	0.005072679	0.07923	0.0198
0.02925063	0.006499305	0.0700377777778	0.0174222222222
0.05048612	0.007108587	0.0849333333333	0.0184666666667
0.03560394	0.008481845	0.0829144444444	0.0176555555556
0.05095338	0.004787503	0.0733622222222	0.0171777777778
0.06377069	0.006008457	0.0753666666667	0.0171333333333
0.0387834	0.003916488	0.0705022222222	0.0196777777778
0.03544323	0.006926438	0.06935	0.0175
0.03942322	0.007899481	0.0723077777778	0.0172222222222
0.04709633	0.00650302	0.0764466666667	0.0171333333333
0.05481833	0.008582985	0.0834644444444	0.0177555555556
0.0365816	0.008223941	0.08499	0.0186
0.04803028	0.004327583	0.0781733333333	0.0198666666667
0.04333832	0.00569347	0.0737011111111	0.0198888888889
0.04749987	0.006050725	0.0736611111111	0.0198888888889
0.05001833	0.005442996	0.0665555555556	0.0188444444444
0.04890593	0.006650574	0.0694333333333	0.0195666666667
0.05550949	0.007418695	0.0850066666667	0.0186333333333
0.03285989	0.003628339	0.0663177777778	0.0184222222222
0.04392625	0.01097233	0.0787655555556	0.0198444444444
0.03744589	0.009201861	0.0752577777778	0.0199222222222
0.05028143	0.006490482	0.0850166666667	0.0186333333333
0.02117561	0.006715649	0.0666777777778	0.0189222222222
0.04696199	0.005854461	0.0761977777778	0.0171222222222
0.04465508	0.01055282	0.0849777777778	0.0187222222222
0.04621296	0.008575376	0.0738	0.0199
0.03294227	0.006124735	0.0846122222222	0.0180777777778
0.04701661	0.008243702	0.0708388888889	0.0173111111111
0.04762312	0.005484203	0.0700444444444	0.0196555555556
0.03638061	0.006253566	0.0727822222222	0.0171777777778
0.0410082	0.01009319	0.0761588888889	0.0171111111111
0.0435747	0.009470642	0.0663533333333	0.0187666666667
0.06635873	0.008528709	0.0832533333333	0.0193666666667
0.03959564	0.007477745	0.0662133333333	0.0184666666667
0.04322493	0.006142619	0.0851333333333	0.0185666666667
0.04451538	0.005191357	0.0824466666667	0.0175333333333
0.03955462	0.01405913	0.0839177777778	0.0178222222222
0.04236509	0.0060239	0.06636	0.0188
0.04252403	0.007616797	0.0694044444444	0.0174555555556
0.03996475	0.005295252	0.0822555555556	0.0195444444444
0.03873629	0.007524058	0.0689277777778	0.0195222222222
0.03030213	0.01006016	0.0720266666667	0.0198333333333
0.05064938	0.006490456	0.0768366666667	0.0199333333333
0.04274715	0.004522364	0.0801333333333	0.0172666666667
0.04491934	0.006944999	0.0708	0.0173
0.0344035	0.004858689	0.0662933333333	0.0182666666667
0.052955	0.0125398	0.0851444444444	0.0183555555556
0.03550527	0.008588684	0.0818666666667	0.0174333333333
0.050367	0.01275646	0.0684633333333	0.0194666666667
0.04013201	0.006753347	0.0801444444444	0.0172555555556
0.05637116	0.006907758	0.08501	0.0182
0.04697444	0.007026921	0.0757911111111	0.0170888888889
0.02807902	0.006956753	0.0744455555556	0.0199444444444
0.0460469	0.006472088	0.08374	0.0193
0.0385887	0.006376128	0.0734577777778	0.0171222222222
0.03808784	0.004553759	0.0737788888889	0.0171111111111
0.04556713	0.007048035	0.0779177777778	0.0199222222222
0.03685651	0.007512836	0.0713566666667	0.0172333333333
0.05015446	0.007234795	0.07409	0.0171
0.03495411	0.005686899	0.0684222222222	0.0194777777778
0.03684711	0.007212678	0.08086	0.0173
0.04353469	0.007620954	0.0851477777778	0.0182222222222
0.04330931	0.006904006	0.0720633333333	0.0198666666667
0.04141489	0.01043917	0.0734688888889	0.0171111111111
0.05487862	0.007054888	0.0851577777778	0.0182222222222
0.04423388	0.007975063	0.08474	0.018
0.03595516	0.00642491	0.0668755555556	0.0191444444444
0.03871368	0.006678908	0.0853955555556	0.0184444444444
0.0491671	0.006570896	0.0806222222222	0.0197777777778
0.03693652	0.01047526	0.0844333333333	0.0191666666667
0.02228382	0.008469781	0.0668255555556	0.0191444444444
0.04185198	0.005203045	0.0764933333333	0.0170666666667
0.04407128	0.006064522	0.0748333333333	0.0170666666667
0.05001839	0.005364904	0.0851533333333	0.0181666666667
0.04879785	0.006974681	0.07334	0.0171
0.04060116	0.006564084	0.0660677777778	0.0182222222222
0.04493855	0.007319434	0.0698255555556	0.0173444444444
0.0557695	0.005964223	0.0850888888889	0.0181111111111
0.03907853	0.008951893	0.0769833333333	0.0170666666667
0.03435603	0.01012101	0.0743222222222	0.0199777777778
0.0484875	0.004731298	0.0770233333333	0.0170666666667
0.01980769	0.008429275	0.0831422222222	0.0194777777778
0.04226371	0.006871659	0.0659944444444	0.0182555555556
0.03432814	0.006045758	0.0792944444444	0.0171555555556
0.04867871	0.005946785	0.0854177777778	0.0187222222222
0.043248	0.01251285	0.0854955555556	0.0184444444444
0.04167669	0.007198204	0.0844744444444	0.0178555555556
0.03711847	0.007757517	0.0739633333333	0.0170666666667
0.03549483	0.006196171	0.0701	0.0173
0.05139857	0.005826347	0.0850822222222	0.0189777777778
0.04078163	0.006506614	0.0816555555556	0.0173444444444
0.0494441	0.007570349	0.0774333333333	0.0170666666667
0.04591937	0.009901993	0.0854333333333	0.0187666666667
0.03754207	0.007696864	0.0799711111111	0.0171888888889
0.03707994	0.009002011	0.0724377777778	0.0171222222222
0.04924179	0.004859697	0.0657444444444	0.0185555555556
0.04036761	0.007762702	0.0659811111111	0.0181888888889
0.04719463	0.007675744	0.0825944444444	0.0174555555556
0.02629664	0.01024006	0.0768	0.02
0.04848722	0.007498304	0.0828511111111	0.0174888888889
0.03724499	0.01045012	0.0676	0.0194
0.05827424	0.009117181	0.0856488888889	0.0185111111111
0.03423942	0.006878541	0.0801711111111	0.0171888888889
0.03882603	0.007462268	0.0747666666667	0.0170333333333
0.0499987	0.004735062	0.0845466666667	0.0178333333333
0.04875391	0.005616216	0.0815388888889	0.0173111111111
0.05312099	0.007502735	0.0823666666667	0.0196333333333
0.04480655	0.005666547	0.0658666666667	0.0188333333333
0.04314441	0.005867769	0.0849733333333	0.0179666666667
0.0371787	0.007607625	0.0831277777778	0.0195222222222
0.04021002	0.01022598	0.0837955555556	0.0176444444444
0.04680175	0.004703799	0.0822444444444	0.0196555555556
0.04215864	0.006829417	0.06574	0.0183
0.04803159	0.006112065	0.0666333333333	0.0178666666667
0.03898758	0.003732734	0.0661977777778	0.0180222222222
0.04981909	0.009283822	0.0857122222222	0.0184777777778
0.05389152	0.006934691	0.0750777777778	0.0170222222222
0.04549845	0.006351038	0.0682266666667	0.0195333333333
0.0468525	0.006116404	0.0684333333333	0.0195666666667
0.0342052	0.009467103	0.0692322222222	0.0196777777778
0.03751639	0.006363882	0.0661888888889	0.0180111111111
0.04918101	0.006146439	0.0829333333333	0.0195666666667
0.04455395	0.006733389	0.0667377777778	0.0178222222222
0.05008331	0.007313886	0.0795866666667	0.0171333333333
0.03302602	0.01318243	0.0665722222222	0.0191777777778
0.031875	0.004695555	0.0667955555556	0.0192444444444
0.04349252	0.006654741	0.0808177777778	0.0198222222222
0.05036844	0.00681414	0.0754766666667	0.0200333333333
0.04541843	0.008230265	0.0735255555556	0.0170444444444
0.04496661	0.005181064	0.0761888888889	0.0170111111111
0.04306752	0.005991899	0.0854911111111	0.0188888888889
0.04040956	0.005454185	0.0856344444444	0.0182555555556
0.05326849	0.006259597	0.0856622222222	0.0182777777778
0.03055949	0.007043552	0.0785333333333	0.0170666666667
0.03492772	0.006802689	0.0657266666667	0.0188333333333
0.04514307	0.008699346	0.0670277777778	0.0177222222222
0.03326289	0.006854267	0.0657444444444	0.0188555555556
0.04502327	0.005678296	0.0804222222222	0.0171777777778
0.0422579	0.007208226	0.0768088888889	0.0170111111111
0.03285383	0.008084145	0.0790744444444	0.0199555555556
0.03377469	0.008112722	0.0654944444444	0.0184555555556
0.04790224	0.007709879	0.0805811111111	0.0171888888889
0.03272382	0.01279207	0.0795266666667	0.0199333333333
0.03710446	0.005751589	0.0711444444444	0.0171555555556
0.04836754	0.01062478	0.0824133333333	0.0196666666667
0.03149465	0.01328555	0.0851822222222	0.0190777777778
0.05302316	0.005234566	0.0742088888889	0.0170111111111
0.03340068	0.006578145	0.0772288888889	0.0170111111111
0.05089836	0.004938475	0.0783055555556	0.0170444444444
0.04513037	0.008716181	0.0693177777778	0.0173222222222
0.05192089	0.005209893	0.0816422222222	0.0172777777778
0.05007174	0.007835812	0.0845	0.0193
0.03801974	0.009117595	0.0773866666667	0.0200333333333
0.0351694	0.006796924	0.0755511111111	0.0169888888889
0.03618547	0.00683115	0.0690955555556	0.0173444444444
0.0426645	0.006811012	0.0855777777778	0.0181222222222
0.0466249	0.004830551	0.0852733333333	0.0190666666667
0.04301371	0.007436051	0.0854611111111	0.0189888888889
0.04079427	0.008542092	0.0655444444444	0.0182555555556
0.04811363	0.005683491	0.0748744444444	0.0200555555556
0.05014735	0.003206819	0.0850222222222	0.0178777777778
0.038375	0.005608609	0.0688533333333	0.0173666666667
0.03721377	0.004778276	0.0659388888889	0.0180111111111
0.05256358	0.007852828	0.0839888888889	0.0176111111111
0.04049982	0.004892613	0.0698955555556	0.0172444444444
0.04731151	0.004511302	0.0683566666667	0.0174333333333
0.04733287	0.007445417	0.0819011111111	0.0172888888889
0.04084947	0.01031535	0.0789444444444	0.0170555555556
0.05037563	0.004670912	0.0819144444444	0.0197555555556
0.04065949	0.007879074	0.0846155555556	0.0177444444444
0.05369641	0.00541202	0.0771444444444	0.0200555555556
0.0509103	0.00828962	0.0856877777778	0.0181222222222
0.03986321	0.005442861	0.0661911111111	0.0178888888889
0.03839411	0.004690272	0.0823688888889	0.0197111111111
0.05630397	0.009972851	0.0755933333333	0.0169666666667
0.03687968	0.008005041	0.0680911111111	0.0195888888889
0.03570181	0.007014716	0.0652777777778	0.0186222222222
0.0494591	0.004917082	0.0750733333333	0.0169666666667
0.03413384	0.004009221	0.0674844444444	0.0175555555556
0.03663533	0.007034533	0.0680511111111	0.0195888888889
0.03473158	0.007566047	0.0675888888889	0.0195111111111
0.04353159	0.008279457	0.0699488888889	0.0172111111111
0.04576027	0.006279083	0.0852133333333	0.0191666666667
0.04208415	0.008893685	0.0758044444444	0.0169555555556
0.04979231	0.005827536	0.0723666666667	0.0170333333333
0.04433679	0.004461544	0.0672833333333	0.0194666666667
0.03165181	0.008610828	0.0653022222222	0.0187777777778
0.0400736	0.005822927	0.0661444444444	0.0178555555556
0.04392044	0.005081935	0.0656455555556	0.0180444444444
0.05755899	0.008953131	0.08502	0.0178
0.04108215	0.005333398	0.0651666666667	0.0186333333333
0.04747825	0.005883558	0.0697077777778	0.0172222222222
0.04358293	0.006670359	0.0660111111111	0.0178888888889
0.06835691	0.006612484	0.0862166666667	0.0185333333333
0.04886428	0.007377439	0.0841711111111	0.0175888888889
0.02232522	0.009682394	0.07937	0.02
0.05651417	0.009307999	0.0861477777778	0.0187222222222
0.03858647	0.009608693	0.0668244444444	0.0176555555556
0.05137131	0.005046632	0.0805777777778	0.0199222222222
0.03332397	0.01150074	0.0841533333333	0.0194666666667
0.05070826	0.004600366	0.0796444444444	0.0170555555556
0.03344157	0.006394346	0.0722777777778	0.0200222222222
0.04704684	0.008981522	0.0826888888889	0.0197111111111
0.06195151	0.006344556	0.0862822222222	0.0185777777778
0.05158749	0.004760887	0.0857788888889	0.0190111111111
0.04248911	0.01074467	0.0693555555556	0.0172444444444
0.04475519	0.00511587	0.0756666666667	0.0169333333333
0.04491161	0.003665377	0.0778422222222	0.0200777777778
0.05252171	0.005899695	0.08629	0.0186
0.03802741	0.006193661	0.0650833333333	0.0183666666667
0.04538085	0.007243544	0.0670922222222	0.0175777777778
0.04103407	0.008727567	0.0847022222222	0.0176777777778
0.0466002	0.008408597	0.0674288888889	0.0175111111111
0.04278812	0.007609947	0.0658844444444	0.0191555555556
0.05004071	0.005884647	0.0826066666667	0.0197333333333
0.04683905	0.00733834	0.08252	0.0173
0.03101725	0.00767465	0.0666333333333	0.0176666666667
0.04857689	0.009679071	0.0735444444444	0.0169555555556
0.03447511	0.005976651	0.0851422222222	0.0177777777778
0.04418868	0.006131201	0.0804311111111	0.0170888888889
0.04962736	0.01109917	0.0802822222222	0.0170777777778
0.03699039	0.008473239	0.0802922222222	0.0170777777778
0.03692933	0.008399725	0.0653933333333	0.0180666666667
0.04773738	0.006487247	0.0721088888889	0.0170111111111
0.03830972	0.007975468	0.0711333333333	0.0170666666667
0.03838147	0.006090246	0.0780244444444	0.0169555555556
0.04984037	0.006294857	0.0657555555556	0.0191444444444
0.04841014	0.005589293	0.0736355555556	0.0169444444444
0.05476073	0.004332539	0.0766777777778	0.0169222222222
0.03498034	0.007021764	0.0745177777778	0.0201222222222
0.04147226	0.005353779	0.0649	0.0185
0.04839636	0.004860448	0.0848911111111	0.0176888888889
0.03399363	0.005832382	0.0844022222222	0.0175777777778
0.05019162	0.008622619	0.0827	0.0173
0.04643969	0.009297125	0.0679911111111	0.0173888888889
0.03741601	0.006497815	0.0852422222222	0.0177777777778
0.04604812	0.0072759	0.0742777777778	0.0169222222222
0.06134575	0.005157301	0.0806444444444	0.0199555555556
0.04365256	0.007870109	0.0819766666667	0.0198333333333
0.04881402	0.006958468	0.0836666666667	0.0174333333333
0.03378066	0.006032124	0.06598	0.0178
0.04572705	0.005955379	0.0772777777778	0.0169222222222
0.03044091	0.006686145	0.0740177777778	0.0169222222222
0.04446401	0.00638305	0.0860255555556	0.0180444444444
0.03999596	0.00615843	0.0797777777778	0.0170222222222
0.05996981	0.004544247	0.0864888888889	0.0184111111111
0.04315815	0.007226291	0.0658777777778	0.0178222222222
0.04249237	0.004726082	0.0758955555556	0.0201444444444
0.03892833	0.011902	0.0734188888889	0.0201111111111
0.06210139	0.009050907	0.0820866666667	0.0198333333333
0.04234886	0.005889533	0.0705444444444	0.0199555555556
0.04516888	0.008626783	0.06536	0.018
0.05321095	0.007641979	0.0861855555556	0.0189444444444
0.04943893	0.005143684	0.0718	0.017
0.05442628	0.009151359	0.0831166666667	0.0173333333333
0.04383134	0.004404582	0.0715888888889	0.0170111111111
0.04884613	0.005900125	0.0864755555556	0.0187444444444
0.04698421	0.006604873	0.0774288888889	0.0169111111111
0.03815668	0.005727608	0.0725444444444	0.0169555555556
0.04338984	0.008825632	0.0730888888889	0.0201111111111
0.04009456	0.006054433	0.0665277777778	0.0194222222222
0.04532592	0.003561336	0.0775688888889	0.0169111111111
0.03803095	0.004236569	0.0681466666667	0.0173333333333
0.03965899	0.005434889	0.0771	0.0169
0.04512866	0.005082189	0.0706622222222	0.0199777777778
0.02797867	0.0062357	0.0672333333333	0.0195666666667
0.04106289	0.007981288	0.0844066666667	0.0175333333333
0.04984288	0.005731907	0.0793233333333	0.0200666666667
0.03688283	0.007565556	0.0656544444444	0.0178555555556
0.04079463	0.00670386	0.0772155555556	0.0201444444444
0.0408254	0.00693316	0.0648333333333	0.0182666666667
0.04212486	0.005161951	0.0809911111111	0.0170888888889
0.03893662	0.004766524	0.0647888888889	0.0183111111111
0.04963606	0.004449504	0.0780777777778	0.0201222222222
0.03229782	0.005474979	0.0652266666667	0.0190333333333
0.04589868	0.00646246	0.0807722222222	0.0199777777778
0.03932882	0.006053592	0.0671722222222	0.0174777777778
0.04501076	0.004681123	0.0656111111111	0.0191888888889
0.05801802	0.006034459	0.0865966666667	0.0183333333333
0.03930326	0.005387251	0.0758533333333	0.0201666666667
0.03995238	0.01497687	0.0646944444444	0.0186555555556
0.03243451	0.006926909	0.0647377777778	0.0183222222222
0.05575113	0.006748593	0.0860111111111	0.0190888888889
0.03687507	0.008478613	0.0776455555556	0.0201444444444
0.04291478	0.005988859	0.0665711111111	0.0175888888889
0.04229239	0.005247708	0.0765222222222	0.0168777777778
0.03940882	0.005668094	0.0673666666667	0.0174333333333
0.03643775	0.006330676	0.0856	0.0178
0.03508197	0.005111621	0.0688577777778	0.0198222222222
0.04353231	0.005823863	0.0797911111111	0.0169888888889
0.04239656	0.007647585	0.0693233333333	0.0171666666667
0.0393215	0.009729082	0.07787	0.0169
0.04394989	0.007750947	0.0769922222222	0.0168777777778
0.03830605	0.006320132	0.0762022222222	0.0201777777778
0.04322163	0.007273104	0.0860655555556	0.0179444444444
0.04939597	0.009921157	0.06817	0.0173
0.05222517	0.00995879	0.0807	0.02
0.05170478	0.007832316	0.0672355555556	0.0174444444444
0.04549272	0.005125692	0.0865688888889	0.0182111111111
0.03124876	0.005858695	0.0797222222222	0.0169777777778
0.04838429	0.005317658	0.0807155555556	0.0170444444444
0.04860268	0.006409434	0.0765022222222	0.0201777777778
0.04303807	0.008006356	0.0780755555556	0.0201444444444
0.06369784	0.01715297	0.0820111111111	0.0198888888889
0.03598436	0.004183823	0.0659488888889	0.0177111111111
0.03758434	0.006827111	0.0655966666667	0.0192333333333
0.03909548	0.008101604	0.0709788888889	0.0170111111111
0.05342039	0.008364677	0.0843522222222	0.0174777777778
0.0471456	0.006998346	0.0862711111111	0.0179888888889
0.04289338	0.009170006	0.0644777777778	0.0185222222222
0.04204147	0.008639107	0.0660944444444	0.0176555555556
0.05447284	0.01117609	0.0842355555556	0.0174444444444
0.04894247	0.007341262	0.0868344444444	0.0186555555556
0.04434362	0.007789047	0.0645733333333	0.0187666666667
0.0328401	0.0123408	0.0644444444444	0.0185555555556
0.03685448	0.006391566	0.0653755555556	0.0178444444444
0.04859007	0.005962134	0.0814433333333	0.0199666666667
0.04571132	0.005698897	0.0748	0.0202
0.04759737	0.00789358	0.08657	0.0181
0.03793126	0.009331938	0.0699833333333	0.0170666666667
0.04552926	0.005877926	0.0660866666667	0.0176333333333
0.03457961	0.006389202	0.0649611111111	0.0179888888889
0.0431851	0.008146074	0.06506	0.0191
0.05364377	0.005648435	0.0843066666667	0.0174333333333
0.05530054	0.006067782	0.08688	0.0183
0.04261109	0.007612771	0.0696544444444	0.0199555555556
0.06020488	0.01275154	0.0869511111111	0.0186888888889
0.04852276	0.0045485	0.0834444444444	0.0197555555556
0.01556373	0.007005596	0.07237	0.0169
0.05036373	0.01084209	0.0869377777778	0.0187222222222
0.05967423	0.005510306	0.0857555555556	0.0177444444444
0.05149114	0.006239996	0.0704888888889	0.0170111111111
0.04127426	0.006652872	0.0827344444444	0.0198555555556
0.04107356	0.007174226	0.0645666666667	0.0181333333333
0.05380585	0.005587346	0.0867588888889	0.0181111111111
0.04397127	0.008298883	0.0787733333333	0.0201666666667
0.03743424	0.005650506	0.0652666666667	0.0192333333333
0.03707739	0.005205876	0.0790911111111	0.0168888888889
0.03936012	0.008116171	0.08659	0.018
0.03973303	0.005046329	0.0780355555556	0.0168444444444
0.05375766	0.008099868	0.0858177777778	0.0177222222222
0.05237235	0.007065032	0.08687	0.0189
0.04584124	0.005504628	0.0643577777778	0.0188222222222
