root_height	pop_size	pi_net	pi_within
0.03601264	0.00283234	0.0534777777778	0.00472222222222
0.03426039	0.003043035	0.0534888888889	0.00471111111111
0.02662264	0.003522069	0.0533888888889	0.00471111111111
0.0339878	0.002851234	0.0535222222222	0.00477777777778
0.02983125	0.002897603	0.0536888888889	0.00471111111111
0.03564832	0.002441401	0.0536888888889	0.00471111111111
0.03117588	0.003857284	0.05322	0.0047
0.02336241	0.004151796	0.0537111111111	0.00468888888889
0.02703338	0.003115454	0.0537111111111	0.00468888888889
0.03002083	0.002996858	0.0532	0.0048
0.02955085	0.003507935	0.0533222222222	0.00467777777778
0.02779757	0.004129009	0.053	0.0048
0.03158154	0.003708388	0.0532244444444	0.00465555555556
0.03759028	0.002656223	0.0530777777778	0.00482222222222
0.02452236	0.00273073	0.0540888888889	0.00471111111111
0.03132714	0.002954819	0.0540222222222	0.00467777777778
0.03117056	0.004157376	0.0538666666667	0.00483333333333
0.02825934	0.002092905	0.0530444444444	0.00465555555556
0.0310237	0.003558851	0.0537555555556	0.00464444444444
0.0215773	0.004351014	0.0537555555556	0.00464444444444
0.03668276	0.002695496	0.0534444444444	0.00485555555556
0.02767805	0.003165657	0.0536666666667	0.00463333333333
0.0261738	0.003922904	0.0540333333333	0.00466666666667
0.03527063	0.002357706	0.0538555555556	0.00464444444444
0.0234822	0.006913645	0.0531666666667	0.00463333333333
0.01923895	0.004123989	0.0528333333333	0.00466666666667
0.02756657	0.003572113	0.0526444444444	0.00475555555556
0.03031406	0.003875083	0.0542844444444	0.00475555555556
0.02505489	0.002356922	0.0531333333333	0.00486666666667
0.02256044	0.004911457	0.0526888888889	0.00481111111111
0.02020644	0.00683263	0.0525555555556	0.00474444444444
0.03440473	0.003214426	0.0529333333333	0.00486666666667
0.03380653	0.001770846	0.0544	0.0047
0.02770533	0.003022797	0.0525111111111	0.00478888888889
0.02275497	0.003047201	0.0524888888889	0.00471111111111
0.02987929	0.003165988	0.05385	0.0046
0.03269036	0.003318388	0.0544333333333	0.00466666666667
0.02179709	0.003211781	0.0545666666667	0.00473333333333
0.02801749	0.004226365	0.0534888888889	0.00491111111111
0.0254213	0.001794764	0.0542377777778	0.00462222222222
0.03189482	0.003506859	0.0523333333333	0.00476666666667
0.02145314	0.003680534	0.0541888888889	0.00461111111111
0.02729723	0.002280764	0.0525777777778	0.00462222222222
0.02938917	0.002237745	0.0523222222222	0.00467777777778
0.03297794	0.002707403	0.0526222222222	0.00487777777778
0.02703223	0.003387502	0.0531777777778	0.00492222222222
0.03042178	0.001213353	0.0538333333333	0.00456666666667
0.03249966	0.003115294	0.0546888888889	0.00471111111111
0.02237643	0.004301731	0.0522222222222	0.00477777777778
0.02513802	0.004615517	0.0522111111111	0.00478888888889
0.03461269	0.001703554	0.0547333333333	0.00476666666667
0.02630355	0.002802954	0.0521777777778	0.00472222222222
0.01999269	0.002994827	0.0522	0.0047
0.02922895	0.004540295	0.0522666666667	0.00483333333333
0.02672021	0.004958652	0.0526111111111	0.00458888888889
0.03134228	0.003170952	0.0539444444444	0.00455555555556
0.03511272	0.004310427	0.0546555555556	0.00484444444444
0.0314188	0.004370138	0.0548	0.0047
0.02941475	0.003495305	0.0548222222222	0.00477777777778
0.03432538	0.003017038	0.0546444444444	0.00485555555556
0.03069652	0.002905336	0.0547777777778	0.00482222222222
0.02635708	0.003932427	0.0539555555556	0.00494444444444
0.0287237	0.002560637	0.0537244444444	0.00495555555556
0.03072313	0.002328478	0.0548888888889	0.00471111111111
0.02998415	0.00413284	0.0538144444444	0.00495555555556
0.02842359	0.003618734	0.0538444444444	0.00495555555556
0.03260327	0.002600793	0.05242	0.0049
0.02866289	0.002320285	0.0545	0.0049
0.02994728	0.002335538	0.0544222222222	0.00457777777778
0.02879499	0.003038504	0.0525777777778	0.00492222222222
0.03094068	0.002445373	0.0533777777778	0.00452222222222
0.03548433	0.002797766	0.0526666666667	0.00493333333333
0.03235914	0.002517538	0.0549555555556	0.00474444444444
0.02780678	0.002232552	0.0548444444444	0.00465555555556
0.0286938	0.002614573	0.0546888888889	0.00461111111111
0.02864361	0.004344854	0.0519333333333	0.00476666666667
0.03031592	0.002777945	0.0549222222222	0.00467777777778
0.02580924	0.004786828	0.0523111111111	0.00458888888889
0.03303571	0.003222872	0.0523	0.0049
0.01593066	0.00403104	0.0529777777778	0.00452222222222
0.03264882	0.004139018	0.0539777777778	0.00452222222222
0.03069333	0.003500169	0.0548666666667	0.00463333333333
0.03031083	0.001561689	0.0537888888889	0.00451111111111
0.03155732	0.00587358	0.0550111111111	0.00468888888889
0.02626215	0.005075309	0.0519	0.0048
0.03154115	0.002660684	0.0549777777778	0.00482222222222
0.02511211	0.004548925	0.0538888888889	0.00451111111111
0.02328286	0.003015337	0.0529988888889	0.00451111111111
0.03626828	0.002574123	0.0523333333333	0.00456666666667
0.02758267	0.002608486	0.0536	0.0045
0.03169912	0.004491861	0.0528888888889	0.00451111111111
0.02546075	0.003779337	0.0545444444444	0.00455555555556
0.03600724	0.00206192	0.0524455555556	0.00454444444444
0.03541658	0.00339997	0.0548888888889	0.00461111111111
0.02198923	0.002754262	0.0519777777778	0.00462222222222
0.0285798	0.002771275	0.0551444444444	0.00475555555556
0.04001588	0.002582162	0.0534111111111	0.00448888888889
0.03564148	0.002634253	0.0533111111111	0.00448888888889
0.02252041	0.003358177	0.0524666666667	0.00453333333333
0.01423006	0.00326668	0.0537111111111	0.00448888888889
0.0219094	0.003312556	0.0524444444444	0.00495555555556
0.02763952	0.003824764	0.0521777777778	0.00492222222222
0.0272612	0.001287822	0.0546666666667	0.00493333333333
0.02942715	0.002577739	0.0546666666667	0.00493333333333
0.03281235	0.002310021	0.0518666666667	0.00463333333333
0.02917502	0.002718807	0.0541111111111	0.00498888888889
0.02622316	0.003013664	0.053	0.005
0.0260613	0.003721197	0.0534222222222	0.00447777777778
0.02808901	0.002788878	0.0532888888889	0.00501111111111
0.02660378	0.002760374	0.0529	0.005
0.03393597	0.00313723	0.0536888888889	0.00501111111111
0.02500336	0.003020269	0.0552533333333	0.00476666666667
0.02736996	0.002707019	0.0525288888889	0.00451111111111
0.03117726	0.002007879	0.0550111111111	0.00488888888889
0.03748118	0.005888289	0.0545333333333	0.00496666666667
0.01643425	0.005673266	0.0517777777778	0.00462222222222
0.02940328	0.002135247	0.0528888888889	0.00501111111111
0.02303747	0.003287006	0.0530333333333	0.00446666666667
0.03572792	0.004030011	0.0517333333333	0.00486666666667
0.03565319	0.003928816	0.0552555555556	0.00484444444444
0.02615151	0.003210788	0.0554	0.0047
0.03509352	0.004514825	0.0547733333333	0.00496666666667
0.02681674	0.002537515	0.0515333333333	0.00466666666667
0.02774181	0.003058614	0.0552777777778	0.00462222222222
0.01820585	0.004569131	0.0516333333333	0.00486666666667
0.03483935	0.00432388	0.0552111111111	0.00488888888889
0.03047011	0.00283394	0.0551222222222	0.00457777777778
0.03027506	0.004191927	0.0533555555556	0.00444444444444
0.03161871	0.003517097	0.0515555555556	0.00464444444444
0.02695707	0.00325432	0.0528844444444	0.00445555555556
0.02774638	0.005181327	0.0554222222222	0.00467777777778
0.02770994	0.002754131	0.0531555555556	0.00444444444444
0.03286079	0.002508706	0.0550444444444	0.00455555555556
0.02052966	0.004275049	0.0515777777778	0.00462222222222
0.0227368	0.002519675	0.0519666666667	0.00453333333333
0.03157779	0.003199391	0.0547888888889	0.00451111111111
0.02645263	0.003498592	0.0523	0.005
0.02988935	0.002857427	0.0513666666667	0.00473333333333
0.03196641	0.002085771	0.0532644444444	0.00505555555556
0.03604071	0.00235038	0.0553111111111	0.00488888888889
0.03463904	0.002727264	0.0555222222222	0.00467777777778
0.01655755	0.003992019	0.0548	0.0045
0.01729549	0.003237021	0.0522	0.005
0.02915814	0.002220382	0.0538666666667	0.00443333333333
0.02948646	0.004480009	0.0553111111111	0.00458888888889
0.02511729	0.003045712	0.0553111111111	0.00458888888889
0.02851675	0.003175419	0.0516	0.0049
0.03730604	0.003947216	0.0555888888889	0.00471111111111
0.03345873	0.004070258	0.0526555555556	0.00504444444444
0.03205472	0.003283255	0.0542555555556	0.00504444444444
0.02649437	0.003173565	0.0551555555556	0.00494444444444
0.02663069	0.002796511	0.0515111111111	0.00488888888889
0.03603974	0.004175783	0.0513666666667	0.00483333333333
0.02705297	0.008275406	0.0544666666667	0.00503333333333
0.02751706	0.00133067	0.0552444444444	0.00455555555556
0.0251544	0.003158701	0.0513444444444	0.00465555555556
0.0223914	0.004110611	0.0554	0.0049
0.02896754	0.002998926	0.0515111111111	0.00458888888889
0.02686932	0.004032882	0.0534888888889	0.00441111111111
0.02535797	0.003871438	0.0526444444444	0.00505555555556
0.03399965	0.002611059	0.0523244444444	0.00445555555556
0.03099429	0.003886727	0.0517777777778	0.00452222222222
0.03266102	0.004796932	0.0552555555556	0.00454444444444
0.02820303	0.003933253	0.0552555555556	0.00494444444444
0.02477749	0.00737672	0.0537888888889	0.00441111111111
0.03072434	0.002217	0.0513244444444	0.00485555555556
0.02997281	0.002084574	0.0530888888889	0.00441111111111
0.02937996	0.003135598	0.0543444444444	0.00505555555556
0.03084384	0.003286492	0.0556911111111	0.00468888888889
0.02883546	0.005643796	0.0530522222222	0.00507777777778
0.0261627	0.002072903	0.0556066666667	0.00463333333333
0.02718499	0.004140199	0.0556888888889	0.00481111111111
0.02984906	0.004685726	0.0529888888889	0.00441111111111
0.03011889	0.002805243	0.0552444444444	0.00495555555556
0.02897955	0.003079679	0.0516666666667	0.00453333333333
0.04266047	0.003774719	0.0556777777778	0.00482222222222
0.03087275	0.003126498	0.0512	0.0048
0.0223529	0.005354348	0.0520222222222	0.00447777777778
0.03556963	0.003974331	0.0523555555556	0.00504444444444
0.03421943	0.004328221	0.05498	0.005
0.02850609	0.004602309	0.0534	0.0044
0.01970537	0.003549892	0.0555888888889	0.00461111111111
0.02838965	0.004245411	0.0515555555556	0.00494444444444
0.02039669	0.002753315	0.0524777777778	0.00442222222222
0.03087503	0.004330694	0.0515444444444	0.00495555555556
0.02826408	0.004354531	0.0513	0.0049
0.02871698	0.002775211	0.0515777777778	0.00452222222222
0.02298292	0.00370476	0.0512222222222	0.00487777777778
0.0283477	0.003407352	0.0512222222222	0.00487777777778
0.02741552	0.001999987	0.0531	0.0051
0.02147011	0.003492679	0.0554555555556	0.00454444444444
0.03255883	0.004093331	0.0553122222222	0.00497777777778
0.02570059	0.004150836	0.0524888888889	0.00441111111111
0.02823797	0.002693283	0.0550577777778	0.00502222222222
0.03774808	0.004877177	0.0535222222222	0.00437777777778
0.02893177	0.005833935	0.0526111111111	0.00508888888889
0.03218448	0.002904475	0.0554666666667	0.00453333333333
0.03542918	0.003972382	0.0558444444444	0.00465555555556
0.03927484	0.003880434	0.0510666666667	0.00483333333333
0.0238584	0.002105818	0.0536888888889	0.00511111111111
0.02667111	0.003380151	0.0528	0.0051
0.03025496	0.00426199	0.0545288888889	0.00441111111111
0.02773789	0.003213657	0.0546777777778	0.00442222222222
0.02483634	0.00514404	0.0558555555556	0.00484444444444
0.02657277	0.002632559	0.0557888888889	0.00461111111111
0.03458516	0.002153213	0.0559544444444	0.00475555555556
0.02527347	0.002323627	0.0549555555556	0.00444444444444
0.02350929	0.004670458	0.0534777777778	0.00512222222222
0.03172896	0.00225092	0.0558777777778	0.00462222222222
0.02429115	0.00350997	0.0514222222222	0.00497777777778
0.03019729	0.003999385	0.0517666666667	0.00503333333333
0.02478653	0.004274236	0.0559888888889	0.00481111111111
0.03703901	0.003427911	0.0539933333333	0.00436666666667
0.02319726	0.004363668	0.0554	0.005
0.02730923	0.002907282	0.0526222222222	0.00437777777778
0.03083429	0.003301885	0.0558888888889	0.00461111111111
0.03182413	0.002262475	0.0540333333333	0.00436666666667
0.03142297	0.002487143	0.0543222222222	0.00437777777778
0.0297441	0.004807612	0.0533844444444	0.00435555555556
0.03316261	0.001436997	0.0533444444444	0.00435555555556
0.03098149	0.006818507	0.0556444444444	0.00495555555556
0.03024673	0.003344287	0.0532666666667	0.00513333333333
0.03044741	0.002033186	0.0551555555556	0.00444444444444
0.03516553	0.002783107	0.05606	0.0048
0.02860259	0.002646767	0.0538444444444	0.00435555555556
0.03085815	0.003168376	0.0552444444444	0.00445555555556
0.02702987	0.002697631	0.0544222222222	0.00437777777778
0.03021878	0.002879698	0.0542333333333	0.00436666666667
0.03853099	0.005481991	0.0559777777778	0.00462222222222
0.02291498	0.003918391	0.0539666666667	0.00513333333333
0.02970701	0.003292326	0.0557555555556	0.00494444444444
0.03070504	0.00232609	0.0528666666667	0.00513333333333
0.02385197	0.003048245	0.0508111111111	0.00468888888889
0.02688933	0.002892396	0.0512888888889	0.00451111111111
0.03960823	0.002899227	0.0560888888889	0.00481111111111
0.03149125	0.004517106	0.0559911111111	0.00488888888889
0.03197991	0.002028813	0.0561777777778	0.00472222222222
0.02771172	0.001482141	0.0517777777778	0.00442222222222
0.03180865	0.004584945	0.0528755555556	0.00434444444444
0.02650671	0.003848799	0.0507222222222	0.00477777777778
0.02505617	0.002360442	0.05566	0.0045
0.03311947	0.001837488	0.0534666666667	0.00433333333333
0.01422402	0.00538444	0.0535666666667	0.00433333333333
0.0240509	0.002403273	0.0519111111111	0.00508888888889
0.02768427	0.005850646	0.0555177777778	0.00502222222222
0.0274225	0.004820742	0.0562111111111	0.00468888888889
0.04224845	0.002957765	0.0562022222222	0.00467777777778
0.03423856	0.004455674	0.0544444444444	0.00435555555556
0.03322371	0.002618608	0.0506666666667	0.00473333333333
0.02184486	0.002272986	0.0506888888889	0.00481111111111
0.02470386	0.003180992	0.0512888888889	0.00501111111111
0.02097137	0.003361932	0.0507677777778	0.00462222222222
0.0206059	0.003816587	0.0561222222222	0.00487777777778
0.026237	0.003289067	0.0540444444444	0.00515555555556
0.02401325	0.002001039	0.0523666666667	0.00513333333333
0.03256364	0.006533703	0.05608	0.0049
0.03312412	0.001626276	0.0535333333333	0.00516666666667
0.03022615	0.003395613	0.0535777777778	0.00432222222222
0.03146295	0.003731148	0.0532977777778	0.00432222222222
0.02491523	0.002688883	0.0544355555556	0.00434444444444
0.0315604	0.003181226	0.0560888888889	0.00491111111111
0.03327616	0.00334506	0.0558111111111	0.00498888888889
0.02448476	0.004062725	0.0522444444444	0.00435555555556
0.02881024	0.004658929	0.0506444444444	0.00465555555556
0.02630256	0.003141248	0.0510222222222	0.00497777777778
0.02154078	0.002982069	0.0510222222222	0.00497777777778
0.03606761	0.003005285	0.0548777777778	0.00512222222222
0.03261723	0.002239203	0.0558	0.005
0.02873642	0.001416637	0.0527777777778	0.00432222222222
0.03802423	0.002244833	0.0563733333333	0.00476666666667
0.02229066	0.003797306	0.0560555555556	0.00454444444444
0.03483101	0.004619927	0.0554333333333	0.00506666666667
0.03321262	0.003182265	0.0506333333333	0.00486666666667
0.02098632	0.008659446	0.0562111111111	0.00458888888889
0.03497875	0.003081815	0.0550888888889	0.00511111111111
0.03258984	0.001359705	0.0548444444444	0.00435555555556
0.03411457	0.006278657	0.0551222222222	0.00437777777778
0.02834411	0.003942043	0.0505444444444	0.00465555555556
0.02678205	0.005917331	0.0543777777778	0.00432222222222
0.02574381	0.005208936	0.0521555555556	0.00434444444444
0.02582251	0.003385219	0.0559888888889	0.00451111111111
0.03657615	0.005093118	0.0533111111111	0.00518888888889
0.02239709	0.002768374	0.0537111111111	0.00518888888889
0.02859239	0.005013162	0.0529911111111	0.00518888888889
0.03376968	0.002710623	0.0563111111111	0.00488888888889
0.02858175	0.003264595	0.0554888888889	0.00441111111111
0.03493779	0.00318043	0.0512666666667	0.00443333333333
0.02644762	0.00321348	0.0504222222222	0.00477777777778
0.03028657	0.003884021	0.0543888888889	0.00431111111111
0.02657698	0.00280188	0.0534111111111	0.00428888888889
0.02636756	0.004729031	0.0511555555556	0.00444444444444
0.03558809	0.00539684	0.0557555555556	0.00504444444444
0.0289741	0.00308208	0.0504222222222	0.00467777777778
0.03152344	0.003977019	0.0538111111111	0.00428888888889
0.03773928	0.00252526	0.0531	0.0052
0.02673363	0.002283108	0.0522377777778	0.00432222222222
0.03197426	0.005025783	0.0526111111111	0.00518888888889
0.02912785	0.001992612	0.05637	0.0049
0.03307294	0.005282706	0.0512333333333	0.00506666666667
0.03533136	0.00326488	0.0509777777778	0.00502222222222
0.03011797	0.003082305	0.0551444444444	0.00435555555556
0.02613427	0.004074656	0.0511444444444	0.00505555555556
0.01999718	0.00398343	0.0541	0.0052
0.02596642	0.004792962	0.0550555555556	0.00434444444444
0.04066817	0.003562558	0.0547777777778	0.00432222222222
0.02521213	0.001483883	0.0532222222222	0.00427777777778
0.03012734	0.003210877	0.0559777777778	0.00502222222222
0.03309432	0.002529048	0.0537222222222	0.00427777777778
0.04097923	0.003522585	0.0565888888889	0.00471111111111
0.01849293	0.0057275	0.0503222222222	0.00477777777778
0.02335798	0.003323979	0.0510355555556	0.00444444444444
0.0249633	0.002896213	0.0559444444444	0.00445555555556
0.0345434	0.003432932	0.0556888888889	0.00441111111111
0.02511878	0.001843788	0.0512222222222	0.00507777777778
0.03461847	0.004494067	0.0508	0.005
0.02579074	0.004238884	0.0516444444444	0.00435555555556
0.02440919	0.002515268	0.0565555555556	0.00464444444444
0.02932571	0.002500002	0.0503555555556	0.00484444444444
0.02848313	0.003444337	0.0566222222222	0.00477777777778
0.0281272	0.004767362	0.0544	0.0052
0.02677136	0.002182718	0.0505555555556	0.00454444444444
0.03251713	0.001723881	0.0513111111111	0.00438888888889
0.02884626	0.003516768	0.0531677777778	0.00522222222222
0.0338986	0.003560872	0.0556111111111	0.00438888888889
0.02942099	0.002293252	0.0526888888889	0.00521111111111
0.03020468	0.004739288	0.0544911111111	0.00428888888889
0.03193596	0.002188982	0.0564166666667	0.00493333333333
0.02544177	0.003728808	0.0526222222222	0.00427777777778
0.02585193	0.003781596	0.0542888888889	0.00521111111111
0.02579596	0.002403861	0.0525888888889	0.00521111111111
0.01651131	0.002676813	0.0502666666667	0.00483333333333
0.02716466	0.003568372	0.0566977777778	0.00472222222222
0.03344971	0.0029018	0.0564777777778	0.00492222222222
0.03439361	0.006353274	0.0564777777778	0.00492222222222
0.03250444	0.002699629	0.0510888888889	0.00441111111111
0.03362969	0.003518427	0.0505533333333	0.00496666666667
0.030322	0.003216701	0.0521111111111	0.00518888888889
0.03100677	0.003983941	0.0521111111111	0.00518888888889
0.02760942	0.003576312	0.0566888888889	0.00481111111111
0.01454551	0.003880442	0.0504444444444	0.00455555555556
0.02849021	0.005384385	0.0502877777778	0.00462222222222
0.02935573	0.001650147	0.0556222222222	0.00437777777778
0.03674605	0.002582289	0.0527333333333	0.00426666666667
0.02603646	0.003373108	0.0512	0.0051
0.0271737	0.003000974	0.0519222222222	0.00517777777778
0.02775751	0.003871545	0.0501777777778	0.00472222222222
0.02640397	0.001999974	0.0558	0.0044
0.02921406	0.002632178	0.0514444444444	0.00435555555556
0.0287715	0.003115655	0.0506888888889	0.00501111111111
0.02443284	0.00278048	0.0510322222222	0.00507777777778
0.02197722	0.003817599	0.0501888888889	0.00481111111111
0.03150781	0.00240312	0.0523888888889	0.00521111111111
0.02642544	0.00283746	0.0564444444444	0.00495555555556
0.03537155	0.003216638	0.0518588888889	0.00431111111111
0.02532479	0.003311128	0.052	0.0043
0.02927025	0.002470529	0.0567666666667	0.00473333333333
0.03668353	0.002262136	0.0566	0.0049
0.02970266	0.002081043	0.0559222222222	0.00507777777778
0.03586935	0.002514149	0.0525333333333	0.00426666666667
0.02980435	0.003548104	0.0564333333333	0.00496666666667
0.02733246	0.002001924	0.0506	0.005
0.02621273	0.005124796	0.0527666666667	0.00523333333333
0.0308843	0.00291963	0.0502511111111	0.00488888888889
0.03519486	0.002015601	0.0535555555556	0.00424444444444
0.02952447	0.002209318	0.0560333333333	0.00506666666667
0.02759675	0.002311205	0.0552777777778	0.00432222222222
0.03399609	0.00157363	0.0501333333333	0.00466666666667
0.03848192	0.003384957	0.0507555555556	0.00504444444444
0.02618592	0.002147359	0.0542444444444	0.00425555555556
0.02292692	0.004708495	0.0559788888889	0.00441111111111
0.03301782	0.00243938	0.0505111111111	0.00498888888889
0.02709079	0.00305712	0.0530555555556	0.00524444444444
0.02091064	0.002925588	0.0501666666667	0.00463333333333
0.02673914	0.00344651	0.0568222222222	0.00477777777778
0.02436019	0.004302797	0.0565555555556	0.00494444444444
0.03653276	0.003882809	0.0567333333333	0.00486666666667
0.03035369	0.00340739	0.05593	0.0044
0.02804665	0.002915958	0.0565366666667	0.00453333333333
0.02310156	0.003924315	0.0551	0.0043
0.03141731	0.00254185	0.0555555555556	0.00514444444444
0.02871785	0.002576098	0.0564888888889	0.00451111111111
0.0273486	0.005630417	0.0524666666667	0.00523333333333
0.03387884	0.002215466	0.0541555555556	0.00524444444444
0.02642666	0.005217694	0.0567777777778	0.00462222222222
0.02618211	0.003250669	0.0501333333333	0.00486666666667
0.02692179	0.001920895	0.0550111111111	0.00428888888889
0.03099311	0.002617764	0.0563888888889	0.00501111111111
0.03244906	0.004745591	0.0530666666667	0.00423333333333
0.03062007	0.001980755	0.0521777777778	0.00522222222222
0.02861182	0.003210625	0.0562555555556	0.00444444444444
0.03584865	0.007059818	0.0552	0.0043
0.03261377	0.004148376	0.0515888888889	0.00431111111111
0.0295761	0.002706687	0.0510222222222	0.00437777777778
0.02485859	0.004700503	0.0501822222222	0.00457777777778
0.0262064	0.002678625	0.0543555555556	0.00424444444444
0.03257375	0.00248666	0.0513444444444	0.00515555555556
0.03519121	0.004376756	0.0566555555556	0.00494444444444
0.02491167	0.004461426	0.0528444444444	0.00525555555556
0.02668737	0.003736691	0.0568377777778	0.00462222222222
0.0288508	0.004854761	0.0522666666667	0.00523333333333
0.02105184	0.004873765	0.0499777777778	0.00472222222222
0.03059254	0.003263782	0.0519022222222	0.00427777777778
0.02450225	0.005065371	0.0546666666667	0.00523333333333
0.03856523	0.001812434	0.0565	0.005
0.02659317	0.003857836	0.0534777777778	0.00422222222222
0.02898484	0.003970217	0.0510377777778	0.00512222222222
0.03481967	0.002114638	0.0520333333333	0.00426666666667
0.02981118	0.003018409	0.0565888888889	0.00451111111111
0.02262337	0.00211458	0.0512666666667	0.00433333333333
0.03441757	0.005155058	0.0569333333333	0.00466666666667
0.03949465	0.002909472	0.0501333333333	0.00456666666667
0.02615192	0.00351635	0.0501333333333	0.00456666666667
0.02464017	0.002534024	0.0511555555556	0.00434444444444
0.0228969	0.003305463	0.0511555555556	0.00514444444444
0.02799052	0.002911954	0.0566222222222	0.00497777777778
0.03151703	0.003861826	0.0525444444444	0.00525555555556
0.02740696	0.005971772	0.0569888888889	0.00471111111111
0.02804963	0.005220233	0.0549777777778	0.00522222222222
0.02749939	0.004403695	0.0510444444444	0.00435555555556
0.03623042	0.0032465	0.0506333333333	0.00506666666667
0.03369166	0.002798251	0.0515111111111	0.00518888888889
0.02650143	0.005079537	0.0522555555556	0.00524444444444
0.02066117	0.004902479	0.0515	0.0043
0.02926008	0.002574651	0.0568488888889	0.00491111111111
0.03067834	0.004389332	0.05532	0.0052
0.02999162	0.005244262	0.0521955555556	0.00424444444444
0.0283255	0.005249198	0.0499888888889	0.00461111111111
0.0355759	0.003146554	0.0562	0.0044
0.02607176	0.003414395	0.0507111111111	0.00508888888889
0.03024425	0.004559944	0.0504344444444	0.00445555555556
0.03077856	0.004618824	0.0503011111111	0.00448888888889
0.01789668	0.006648715	0.0566111111111	0.00448888888889
0.02845367	0.006927438	0.0523666666667	0.00423333333333
0.03319568	0.00353628	0.0545444444444	0.00525555555556
0.01426395	0.003864059	0.0503833333333	0.00446666666667
0.03302258	0.003321769	0.0565333333333	0.00446666666667
0.02917853	0.001983208	0.0503222222222	0.00447777777778
0.03129346	0.004272391	0.0569111111111	0.00458888888889
0.03264683	0.001645631	0.0570666666667	0.00473333333333
0.02989583	0.003615152	0.0552888888889	0.00521111111111
0.02320409	0.005119294	0.0568777777778	0.00492222222222
0.0331163	0.002907421	0.0570044444444	0.00485555555556
0.03007392	0.002124718	0.0522444444444	0.00525555555556
0.03354285	0.001903388	0.0557333333333	0.00516666666667
0.03150015	0.002348018	0.0500444444444	0.00455555555556
0.023661	0.002917882	0.0498666666667	0.00483333333333
0.02995408	0.004745914	0.0515888888889	0.00521111111111
0.02009534	0.002179205	0.0570688888889	0.00481111111111
0.02780645	0.003325219	0.0510444444444	0.00515555555556
0.03131435	0.00198659	0.0570777777778	0.00482222222222
0.02064122	0.003645155	0.0563	0.0044
0.02374477	0.002879201	0.0571	0.0048
0.02733842	0.002506182	0.0515288888889	0.00521111111111
0.03076931	0.004139309	0.0568444444444	0.00495555555556
0.02406581	0.00295204	0.0525888888889	0.00421111111111
0.02756307	0.002497765	0.0543222222222	0.00527777777778
0.02767047	0.004463914	0.0498	0.0048
0.02788513	0.003342988	0.0548044444444	0.00525555555556
0.04304217	0.003095744	0.0560666666667	0.00513333333333
0.03334753	0.005252844	0.05634	0.0044
0.0279249	0.002970113	0.0565555555556	0.00504444444444
0.02406423	0.003921596	0.0499111111111	0.00458888888889
0.02393893	0.003066467	0.0524888888889	0.00421111111111
0.02873232	0.002202724	0.0520466666667	0.00423333333333
0.02347671	0.002976472	0.0520444444444	0.00525555555556
0.02580658	0.003402955	0.0498588888889	0.00461111111111
0.04460945	0.002914181	0.0571666666667	0.00473333333333
0.02208086	0.00353154	0.0510333333333	0.00516666666667
0.0280929	0.003091104	0.0567222222222	0.00447777777778
0.02315866	0.002316198	0.0570222222222	0.00457777777778
0.03351765	0.002687111	0.0564	0.0044
0.02640268	0.003397522	0.0571888888889	0.00471111111111
0.02139951	0.003687471	0.0538911111111	0.00418888888889
0.02122652	0.001821012	0.0539111111111	0.00418888888889
0.0265802	0.004651853	0.05679	0.005
0.02921084	0.0020807	0.0568	0.005
0.03246433	0.002273622	0.0497011111111	0.00478888888889
0.02711364	0.003228777	0.0497777777778	0.00462222222222
0.03657183	0.00206966	0.0567333333333	0.00446666666667
0.02795592	0.001948559	0.0570333333333	0.00456666666667
0.03425109	0.003288001	0.0541111111111	0.00418888888889
0.03753248	0.00261173	0.0546888888889	0.00421111111111
0.02549182	0.003556842	0.0552155555556	0.00524444444444
0.03157086	0.005985138	0.0558888888889	0.00431111111111
0.02511164	0.0020221	0.0512111111111	0.00428888888889
0.02836064	0.002923493	0.0534422222222	0.00417777777778
0.0238602	0.003053107	0.0557111111111	0.00428888888889
0.0351559	0.004352648	0.0557111111111	0.00428888888889
0.03397248	0.003258171	0.0558111111111	0.00518888888889
0.03239869	0.002049255	0.0565777777778	0.00442222222222
0.02723002	0.002202388	0.0498222222222	0.00457777777778
0.02935492	0.002740395	0.0537888888889	0.00531111111111
0.02719963	0.002841189	0.0501333333333	0.00446666666667
0.02946063	0.004188217	0.0500888888889	0.00501111111111
0.03378672	0.004584324	0.0570777777778	0.00492222222222
0.03478369	0.002973216	0.0572755555556	0.00474444444444
0.03065016	0.005108161	0.0529222222222	0.00417777777778
0.03415937	0.003412043	0.0562666666667	0.00513333333333
0.0245832	0.002390506	0.0506444444444	0.00435555555556
0.03285758	0.001974643	0.0570555555556	0.00454444444444
0.03204428	0.003335636	0.0515555555556	0.00524444444444
0.02881628	0.001441306	0.0572888888889	0.00481111111111
0.03565996	0.004301916	0.0572888888889	0.00481111111111
0.02714463	0.002532972	0.0497111111111	0.00488888888889
0.02479814	0.004226172	0.0535777777778	0.00532222222222
0.02709317	0.004219273	0.0557488888889	0.00521111111111
0.03115219	0.004077754	0.0570333333333	0.00496666666667
0.03086813	0.002279535	0.0572755555556	0.00464444444444
0.0353741	0.001681129	0.0557688888889	0.00521111111111
0.03274427	0.003955816	0.0495666666667	0.00473333333333
0.02648998	0.001711453	0.0523111111111	0.00418888888889
0.02796548	0.002166576	0.0555666666667	0.00523333333333
0.02277761	0.004236555	0.0514555555556	0.00524444444444
0.02795573	0.003353896	0.051	0.0052
0.03585999	0.003392725	0.0510888888889	0.00521111111111
0.02991707	0.002602682	0.0510888888889	0.00521111111111
0.02879789	0.004010966	0.0518322222222	0.00527777777778
0.02494947	0.002835911	0.0541777777778	0.00532222222222
0.02634227	0.003698502	0.0506444444444	0.00515555555556
0.03053435	0.004709452	0.0556466666667	0.00523333333333
0.03658018	0.00551816	0.0569688888889	0.00501111111111
0.02781017	0.003253849	0.0548	0.0053
0.03251734	0.002067874	0.0514666666667	0.00423333333333
0.02541292	0.003325043	0.055	0.0042
0.02502295	0.002180866	0.0573444444444	0.00485555555556
0.03001748	0.00314619	0.0530444444444	0.00415555555556
0.03168498	0.004178513	0.0538666666667	0.00533333333333
0.02829995	0.003868281	0.0543333333333	0.00416666666667
0.03702783	0.002812904	0.0529666666667	0.00533333333333
0.02720964	0.003570985	0.0561888888889	0.00431111111111
0.03358962	0.003784747	0.0496	0.0049
0.03200247	0.002509806	0.0518111111111	0.00528888888889
0.03881058	0.003053009	0.0496333333333	0.00456666666667
0.04172344	0.002327286	0.0566222222222	0.00437777777778
0.02824655	0.00234211	0.0523777777778	0.00532222222222
0.02146916	0.004675485	0.0572666666667	0.00493333333333
0.02992353	0.003006521	0.0526666666667	0.00533333333333
0.03502213	0.002235896	0.0537555555556	0.00414444444444
0.04008517	0.003023808	0.0571111111111	0.00448888888889
0.03003079	0.001645384	0.0500433333333	0.00506666666667
0.02870128	0.002860927	0.0546333333333	0.00416666666667
0.02557416	0.002615523	0.0522777777778	0.00532222222222
0.03585741	0.005542315	0.0562888888889	0.00431111111111
0.03185074	0.001601511	0.0574888888889	0.00481111111111
0.03249619	0.003190164	0.0553888888889	0.00421111111111
0.03132917	0.003016914	0.0494111111111	0.00468888888889
0.03047078	0.00416906	0.0544444444444	0.00415555555556
0.0311055	0.005006976	0.0555333333333	0.00526666666667
0.02544582	0.006444537	0.0544666666667	0.00533333333333
0.03153511	0.003527886	0.0509333333333	0.00426666666667
0.02691866	0.003503523	0.0498666666667	0.00503333333333
0.0239625	0.003022443	0.0567222222222	0.00437777777778
0.0382314	0.002769618	0.0547777777778	0.00532222222222
0.02325645	0.004932665	0.0497111111111	0.00498888888889
0.0299279	0.004321553	0.0559066666667	0.00523333333333
0.02276743	0.003451262	0.0555777777778	0.00422222222222
0.03897808	0.003433934	0.0569333333333	0.00506666666667
0.02591184	0.00303951	0.0570666666667	0.00503333333333
0.03274816	0.002941017	0.05536	0.0042
0.03643141	0.002789878	0.0575666666667	0.00473333333333
0.0275019	0.003278919	0.0522666666667	0.00533333333333
0.03164749	0.003810629	0.0525455555556	0.00534444444444
0.02900395	0.003874034	0.0520333333333	0.00416666666667
0.04304956	0.003741186	0.0571333333333	0.00446666666667
0.03535304	0.002855122	0.0563111111111	0.00518888888889
0.02821743	0.003684545	0.0563888888889	0.00431111111111
0.0284624	0.003910884	0.0511444444444	0.00525555555556
0.02989245	0.003767415	0.0528444444444	0.00535555555556
0.02831432	0.003830314	0.0560777777778	0.00522222222222
0.02786966	0.004413548	0.0512333333333	0.00526666666667
0.0356075	0.002017236	0.0519333333333	0.00416666666667
0.03055199	0.00316797	0.0497333333333	0.00446666666667
0.02902568	0.003234814	0.0530777777778	0.00412222222222
0.02474995	0.00467359	0.0575111111111	0.00458888888889
0.03046609	0.00354133	0.0564111111111	0.00518888888889
0.02922112	0.003019828	0.0515111111111	0.00418888888889
0.03287979	0.003893332	0.0575777777778	0.00462222222222
0.03050338	0.004341598	0.0573	0.005
0.03187955	0.004811195	0.0497555555556	0.00444444444444
0.02916347	0.002346613	0.0549366666667	0.00533333333333
0.03143655	0.003111574	0.0524444444444	0.00535555555556
0.03216895	0.003095599	0.0562888888889	0.00521111111111
0.02085073	0.003409375	0.0521555555556	0.00414444444444
0.02650966	0.002006169	0.0541777777778	0.00412222222222
0.03453706	0.003541704	0.0509666666667	0.00423333333333
0.03008246	0.00254978	0.0523666666667	0.00413333333333
0.02987953	0.004443456	0.0571444444444	0.00505555555556
0.03204254	0.001912972	0.0520555555556	0.00414444444444
0.0344101	0.001832192	0.0530888888889	0.00411111111111
0.03192951	0.001907505	0.0577	0.0047
0.02686842	0.003462346	0.0499788888889	0.00511111111111
0.03727575	0.002472072	0.0576	0.0046
0.03257464	0.004570398	0.0573222222222	0.00447777777778
0.02234207	0.003556679	0.0497366666667	0.00443333333333
0.02840042	0.003557786	0.0522444444444	0.00535555555556
0.02732559	0.0040537	0.0492	0.0047
0.0293669	0.003332572	0.0492	0.0047
0.02770903	0.003428049	0.0500666666667	0.00513333333333
0.03051128	0.002130003	0.0557	0.0042
0.03615569	0.003210713	0.0567444444444	0.00515555555556
0.02240089	0.001258156	0.0513111111111	0.00418888888889
0.02620494	0.005872671	0.0551666666667	0.00533333333333
0.02690998	0.0032086	0.0515777777778	0.00532222222222
0.02211391	0.003774652	0.0507555555556	0.00524444444444
0.03491623	0.003043669	0.0499777777778	0.00512222222222
0.03052882	0.002351224	0.0493444444444	0.00455555555556
0.0281009	0.002814845	0.0550355555556	0.00414444444444
0.02927303	0.003532191	0.0536011111111	0.00538888888889
0.0304167	0.003123488	0.0499577777778	0.00512222222222
0.02641321	0.005958761	0.0572444444444	0.00505555555556
0.02623659	0.003762439	0.0493666666667	0.00453333333333
0.02735985	0.003468131	0.0491666666667	0.00483333333333
0.03113051	0.003366829	0.0538911111111	0.00538888888889
0.0290735	0.002711661	0.0543688888889	0.00411111111111
0.0216126	0.002627989	0.0493777777778	0.00452222222222
0.03397367	0.005148135	0.0560333333333	0.00526666666667
0.02749477	0.003059317	0.0571888888889	0.00441111111111
0.0249764	0.002584251	0.0547333333333	0.00536666666667
0.03014908	0.003403103	0.0491111111111	0.00468888888889
0.03096002	0.001961027	0.0528	0.0041
0.02941506	0.002981043	0.0578022222222	0.00467777777778
0.01968891	0.003197633	0.0495344444444	0.00445555555556
0.03170928	0.001695085	0.0527111111111	0.00538888888889
0.03196397	0.001439934	0.0520777777778	0.00412222222222
0.03876526	0.002405861	0.0573555555556	0.00444444444444
0.02472455	0.003399381	0.0560222222222	0.00527777777778
0.0250467	0.003823552	0.0543111111111	0.00538888888889
0.03648399	0.003891869	0.0569455555556	0.00434444444444
0.02808648	0.00250102	0.0512222222222	0.00417777777778
0.01683661	0.003591122	0.0569555555556	0.00514444444444
0.02535507	0.001440068	0.0496522222222	0.00507777777778
0.03617828	0.004291273	0.0577222222222	0.00457777777778
0.0295338	0.003645153	0.053	0.0054
0.02704593	0.002961183	0.0578666666667	0.00473333333333
0.0332714	0.005438808	0.0562444444444	0.00525555555556
0.03124855	0.004774774	0.0544	0.0041
0.03315339	0.006492451	0.0576444444444	0.00495555555556
0.02568625	0.001407822	0.0492666666667	0.00453333333333
0.0298624	0.002173313	0.0540111111111	0.00408888888889
0.02392915	0.003642318	0.0506444444444	0.00525555555556
0.02466578	0.002380195	0.0563555555556	0.00524444444444
0.02728509	0.002870948	0.0521422222222	0.00537777777778
0.03057491	0.003588615	0.0500333333333	0.00516666666667
0.03088113	0.004557461	0.0577333333333	0.00456666666667
0.03967151	0.00293523	0.0494444444444	0.00445555555556
0.02137803	0.004277405	0.0561222222222	0.00527777777778
0.02437622	0.004148872	0.0559111111111	0.00418888888889
0.02342251	0.003556249	0.0532888888889	0.00541111111111
0.03210591	0.002835246	0.0577444444444	0.00455555555556
0.02595419	0.002371548	0.0531388888889	0.00541111111111
0.0258595	0.00262906	0.0538888888889	0.00541111111111
0.03573299	0.002435174	0.0573	0.0044
0.03126955	0.002362268	0.0544	0.0054
0.02781068	0.002722751	0.0529622222222	0.00407777777778
0.02639767	0.002934339	0.0573111111111	0.00508888888889
0.03484805	0.00279015	0.0529222222222	0.00407777777778
0.03154832	0.003884637	0.0502222222222	0.00427777777778
0.02731531	0.00250822	0.0499577777778	0.00432222222222
0.02372304	0.001879703	0.0491555555556	0.00494444444444
0.02614678	0.002223286	0.0502777777778	0.00522222222222
0.03654533	0.003920001	0.0579666666667	0.00473333333333
0.03051517	0.003908572	0.0571444444444	0.00435555555556
0.03639708	0.004305445	0.0550222222222	0.00537777777778
0.03471458	0.001500175	0.0574333333333	0.00506666666667
0.02756141	0.002280569	0.0501111111111	0.00428888888889
0.02636063	0.004400055	0.0578422222222	0.00457777777778
0.03410889	0.004082252	0.0579444444444	0.00465555555556
0.03217251	0.005317507	0.0573111111111	0.00438888888889
0.03097193	0.002700859	0.04955	0.0044
0.02359576	0.002501231	0.0531777777778	0.00542222222222
0.02723417	0.003693965	0.0516333333333	0.00536666666667
0.02549125	0.002559525	0.0505477777778	0.00422222222222
0.03313956	0.005046683	0.0537777777778	0.00542222222222
0.02791565	0.001741365	0.0549	0.0041
0.02612599	0.00401797	0.0489555555556	0.00484444444444
0.02359015	0.003952697	0.05	0.0043
0.03053724	0.002857698	0.0574322222222	0.00507777777778
0.03100685	0.004295954	0.0565555555556	0.00424444444444
0.02940341	0.003358129	0.0561	0.0053
0.03324008	0.003553893	0.0522	0.0054
0.02963575	0.003874033	0.0578444444444	0.00455555555556
0.03111363	0.00178469	0.0495111111111	0.00508888888889
0.02938758	0.002920963	0.05686	0.0052
0.02456382	0.003498363	0.0514144444444	0.00535555555556
0.03037955	0.003370227	0.0563222222222	0.00527777777778
0.02324873	0.002837017	0.0493355555556	0.00444444444444
0.03459334	0.002068334	0.0502444444444	0.00425555555556
0.02772032	0.003078587	0.0577111111111	0.00448888888889
0.02347801	0.004337003	0.0492	0.005
0.03140745	0.003549042	0.0521111111111	0.00408888888889
0.04236745	0.004190853	0.0565955555556	0.00524444444444
0.02956347	0.002802011	0.0496233333333	0.00436666666667
0.03165123	0.002063106	0.0580555555556	0.00474444444444
0.03139114	0.003321576	0.0488444444444	0.00475555555556
0.02811212	0.002460371	0.0495	0.0051
0.03309319	0.002902046	0.0570488888889	0.00431111111111
0.03115177	0.00449572	0.0552922222222	0.00537777777778
0.02089701	0.00402741	0.0580777777778	0.00472222222222
0.02005863	0.002409581	0.0511555555556	0.00414444444444
0.02361629	0.003078776	0.0525377777778	0.00542222222222
0.03177978	0.003238457	0.0580788888889	0.00471111111111
0.03529231	0.002645853	0.0506	0.0042
0.02816649	0.004358833	0.0506	0.0042
0.02602125	0.002052312	0.0566555555556	0.00524444444444
0.02730514	0.003458863	0.0573888888889	0.00511111111111
0.02864515	0.002540145	0.0521888888889	0.00541111111111
0.02736229	0.003805008	0.0575222222222	0.00507777777778
0.02762902	0.002971461	0.0491111111111	0.00498888888889
0.02114853	0.004199035	0.0489111111111	0.00488888888889
0.02791471	0.009142336	0.0572555555556	0.00434444444444
0.03323682	0.004631555	0.055	0.0054
0.02682551	0.002290506	0.0576555555556	0.00504444444444
0.03198823	0.00285423	0.0489	0.0046
0.02983204	0.005472329	0.0545333333333	0.00406666666667
0.02522235	0.004108063	0.0491777777778	0.00502222222222
0.02139927	0.001887923	0.0488122222222	0.00467777777778
0.02637824	0.001651594	0.0488444444444	0.00485555555556
0.04445567	0.004163468	0.0510555555556	0.00534444444444
0.02963915	0.002549143	0.0492666666667	0.00443333333333
0.03047722	0.003208477	0.0569388888889	0.00521111111111
0.02910464	0.001954503	0.0487777777778	0.00472222222222
0.03454771	0.002953699	0.0568777777778	0.00522222222222
0.03769757	0.004364444	0.0564	0.0042
0.03573129	0.003307417	0.0505111111111	0.00528888888889
0.03633415	0.00478428	0.0536555555556	0.00544444444444
0.03264907	0.002942129	0.0574177777778	0.00512222222222
0.03243357	0.002670181	0.0487866666667	0.00483333333333
0.02662035	0.003797497	0.0539555555556	0.00544444444444
0.03567568	0.003483052	0.0508666666667	0.00533333333333
0.03180219	0.003090699	0.0560466666667	0.00533333333333
0.03412053	0.003180425	0.0517111111111	0.00408888888889
0.02888703	0.002721356	0.0509555555556	0.00414444444444
0.04114988	0.003083407	0.0581888888889	0.00471111111111
0.03025589	0.003444605	0.0581222222222	0.00487777777778
0.0245792	0.002544636	0.0487222222222	0.00467777777778
0.02953015	0.00228477	0.0565111111111	0.00528888888889
0.03184583	0.004159147	0.0563288888889	0.00531111111111
0.02765503	0.004907716	0.0516	0.0054
0.03402971	0.005044309	0.0532444444444	0.00545555555556
0.02582166	0.002311231	0.0487	0.0047
0.03159429	0.004018509	0.0551322222222	0.00407777777778
0.02655642	0.002666783	0.0537666666667	0.00403333333333
0.03140538	0.003741638	0.0543555555556	0.00404444444444
0.02076305	0.002199765	0.0543555555556	0.00404444444444
0.02473405	0.001795919	0.049	0.005
0.02867893	0.002586511	0.0577133333333	0.00506666666667
0.01852267	0.003357872	0.0493111111111	0.00438888888889
0.03191659	0.0041313	0.0581411111111	0.00488888888889
0.03346816	0.001967746	0.0572111111111	0.00518888888889
0.03021631	0.002709066	0.0581777777778	0.00462222222222
0.02779507	0.005046709	0.0579888888889	0.00451111111111
0.02759961	0.002405012	0.0486955555556	0.00464444444444
0.03581722	0.003154618	0.0541444444444	0.00545555555556
0.03260381	0.001802779	0.0548444444444	0.00405555555556
0.03224757	0.00156823	0.0571222222222	0.00427777777778
0.03671866	0.003819116	0.0561555555556	0.00534444444444
0.03489115	0.006264922	0.0582888888889	0.00471111111111
0.02620492	0.001969596	0.0506444444444	0.00415555555556
0.02773695	0.004513458	0.0537333333333	0.00546666666667
0.03207972	0.006321578	0.0582666666667	0.00483333333333
0.02737774	0.002398248	0.0579333333333	0.00446666666667
0.0391988	0.003557502	0.0582222222222	0.00487777777778
0.04444256	0.004190406	0.0570444444444	0.00425555555556
0.03345553	0.002474337	0.0539333333333	0.00546666666667
0.03110969	0.004407183	0.0553888888889	0.00541111111111
0.03161768	0.002872047	0.0490255555556	0.00444444444444
0.02659929	0.003461137	0.0512	0.0041
0.03099819	0.003808513	0.0509333333333	0.00536666666667
0.02269664	0.003711266	0.0492	0.0051
0.03257875	0.002273826	0.0513111111111	0.00408888888889
0.02967249	0.004633076	0.0518444444444	0.00405555555556
0.03224897	0.002547019	0.0541777777778	0.00402222222222
0.02994936	0.00241833	0.0487555555556	0.00454444444444
0.02950552	0.004552727	0.0487555555556	0.00494444444444
0.03652688	0.001498049	0.0583444444444	0.00475555555556
0.03032764	0.005871338	0.0506555555556	0.00534444444444
0.02985868	0.00375944	0.0542977777778	0.00402222222222
0.02578912	0.002974262	0.0561666666667	0.00413333333333
0.03213729	0.003576298	0.0558	0.0041
0.03298591	0.005609665	0.0515777777778	0.00542222222222
0.02722713	0.002469492	0.0573111111111	0.00428888888889
0.02727418	0.005441932	0.0491111111111	0.00508888888889
0.03106079	0.003615733	0.0489166666667	0.00503333333333
0.03611183	0.002640341	0.0582811111111	0.00458888888889
0.03193169	0.002181725	0.0559888888889	0.00411111111111
0.02841213	0.003242389	0.0486111111111	0.00488888888889
0.02339047	0.003196709	0.0574	0.0043
0.0220752	0.004257371	0.0489066666667	0.00503333333333
0.03051734	0.001555032	0.0485777777778	0.00462222222222
0.03952956	0.002299597	0.0581777777778	0.00452222222222
0.03505383	0.00357964	0.0563555555556	0.00414444444444
0.02771106	0.005300955	0.0548444444444	0.00545555555556
0.0318423	0.001570092	0.0548444444444	0.00545555555556
0.02442853	0.00240343	0.0584	0.0048
0.03551288	0.002859542	0.0575333333333	0.00516666666667
0.03179566	0.00574003	0.0578888888889	0.00441111111111
0.0301208	0.003422607	0.0490222222222	0.00507777777778
0.03699011	0.003079658	0.0583111111111	0.00458888888889
0.03351165	0.002305197	0.0570666666667	0.00423333333333
0.03549279	0.004705856	0.0574988888889	0.00431111111111
0.02505964	0.003664839	0.0563955555556	0.00534444444444
0.02700662	0.002945448	0.0558111111111	0.00408888888889
0.03209455	0.005675548	0.0534111111111	0.00548888888889
0.02669045	0.004481793	0.0579122222222	0.00507777777778
0.02765666	0.003815012	0.0536111111111	0.00548888888889
0.03306258	0.002079337	0.0560888888889	0.00411111111111
0.03004821	0.003685168	0.0574111111111	0.00428888888889
0.02522986	0.003938237	0.0505666666667	0.00413333333333
0.02103138	0.004986879	0.0509111111111	0.00538888888889
0.01532629	0.004618181	0.0540111111111	0.00548888888889
0.02605704	0.003915058	0.0582	0.0045
0.03082762	0.002073531	0.0503444444444	0.00415555555556
0.0300653	0.003209259	0.0583333333333	0.00456666666667
0.02407283	0.003833401	0.0545222222222	0.00547777777778
0.02412503	0.00209961	0.0528	0.004
0.02693315	0.002676222	0.0541111111111	0.00548888888889
0.03246205	0.003571088	0.0575111111111	0.00518888888889
0.03101688	0.001384485	0.0487777777778	0.00502222222222
0.03078338	0.004675738	0.05006	0.0053
0.0265022	0.003289456	0.0485111111111	0.00488888888889
0.02203969	0.003827445	0.0487111111111	0.00448888888889
0.03156061	0.004157894	0.0519933333333	0.00546666666667
0.02744595	0.00217894	0.0484333333333	0.00466666666667
0.02792519	0.003507697	0.0584	0.0049
0.03474972	0.005621109	0.0584888888889	0.00481111111111
0.02790476	0.003284959	0.0484111111111	0.00478888888889
0.02586101	0.004750274	0.0488444444444	0.00505555555556
0.0377002	0.002418424	0.0577944444444	0.00435555555556
0.01776093	0.002584791	0.0583355555556	0.00494444444444
0.03547844	0.001584634	0.0506888888889	0.00411111111111
0.02687614	0.00268256	0.0504666666667	0.00413333333333
0.02381415	0.0036901	0.0519333333333	0.00546666666667
0.02729904	0.003718595	0.0538111111111	0.00398888888889
0.02507022	0.00478335	0.0503555555556	0.00414444444444
0.02762896	0.005670695	0.0503555555556	0.00414444444444
0.02560603	0.004082702	0.05	0.0053
0.03454086	0.003169147	0.0566666666667	0.00533333333333
0.03263388	0.004240084	0.054	0.0055
0.02804005	0.002095901	0.0524111111111	0.00548888888889
0.03622054	0.004255639	0.0583333333333	0.00496666666667
0.0350544	0.002136233	0.0585555555556	0.00474444444444
0.02210641	0.00401876	0.0497333333333	0.00526666666667
0.02363599	0.004171214	0.0516044444444	0.00545555555556
0.0220663	0.003040146	0.0582177777778	0.00502222222222
0.02242759	0.003138299	0.0546111111111	0.00548888888889
0.03442005	0.003173159	0.0490444444444	0.00435555555556
0.03134011	0.003382389	0.0583111111111	0.00498888888889
0.03486633	0.001655988	0.0491777777778	0.00432222222222
0.03737996	0.003348327	0.0561111111111	0.00408888888889
0.02587006	0.002141464	0.0559888888889	0.00541111111111
0.02001977	0.005575873	0.05436	0.0055
0.02643057	0.0036143	0.0531888888889	0.00551111111111
0.03005031	0.006252837	0.0579688888889	0.00511111111111
0.03179627	0.002339426	0.0572233333333	0.00526666666667
0.03411617	0.003035523	0.0564777777778	0.00412222222222
0.03194272	0.004991627	0.0584444444444	0.00455555555556
0.02910574	0.003578421	0.0483333333333	0.00466666666667
0.02710113	0.003507013	0.0484644444444	0.00455555555556
0.02032514	0.003369167	0.0586	0.0047
0.02879836	0.006858245	0.0505222222222	0.00537777777778
0.02691846	0.003696808	0.0488022222222	0.00507777777778
0.02771175	0.005484385	0.0581866666667	0.00443333333333
0.02638211	0.002925984	0.0518222222222	0.00547777777778
0.03165513	0.004433664	0.0563111111111	0.00538888888889
0.03505007	0.00535796	0.0584555555556	0.00494444444444
0.02840384	0.002353814	0.0572777777778	0.00422222222222
0.03106429	0.003372988	0.0575333333333	0.00426666666667
0.02562893	0.00382103	0.0541888888889	0.00551111111111
0.02868808	0.004818253	0.0569888888889	0.00531111111111
0.03452972	0.003532616	0.0580222222222	0.00437777777778
0.02746141	0.003268917	0.0586222222222	0.00467777777778
0.03378276	0.00387217	0.0586222222222	0.00467777777778
0.02354267	0.002195964	0.0523	0.0055
0.02666843	0.002489095	0.05838	0.0045
0.02893207	0.004282489	0.0549311111111	0.00548888888889
0.02624172	0.003864608	0.0566644444444	0.00535555555556
0.03719802	0.00363792	0.0511955555556	0.00544444444444
0.02284694	0.004270993	0.0558666666667	0.00543333333333
0.03483124	0.004332102	0.0484888888889	0.00451111111111
0.03300042	0.004957361	0.0547	0.0055
0.03192577	0.003537564	0.0536333333333	0.00396666666667
0.03048943	0.002367414	0.0522	0.0055
0.01411878	0.002910029	0.0482444444444	0.00475555555556
0.01921616	0.003817904	0.0482444444444	0.00475555555556
0.03323631	0.003736487	0.0552222222222	0.00547777777778
0.03349972	0.005272742	0.0584111111111	0.00498888888889
0.03145841	0.004174658	0.0538777777778	0.00552222222222
0.02270416	0.003102507	0.0483088888889	0.00461111111111
0.03137615	0.001751357	0.0572	0.0042
0.02887968	0.003260354	0.0488	0.0051
0.03186263	0.002432177	0.0584	0.005
0.03437227	0.001902519	0.0489555555556	0.00514444444444
0.02959737	0.003726036	0.0584777777778	0.00452222222222
0.03174644	0.002783092	0.0586888888889	0.00471111111111
0.02910531	0.003935538	0.0578222222222	0.00517777777778
0.01953236	0.003154322	0.0486444444444	0.00505555555556
0.02667308	0.001728725	0.0482555555556	0.00484444444444
0.02922842	0.006063707	0.0586555555556	0.00464444444444
0.03258593	0.00440611	0.0485666666667	0.00503333333333
0.02017885	0.005078108	0.0485666666667	0.00503333333333
0.0301722	0.004002953	0.0482233333333	0.00466666666667
0.02462629	0.003691953	0.0483333333333	0.00456666666667
0.01997931	0.003518605	0.0555333333333	0.00546666666667
0.03554731	0.003401009	0.0555333333333	0.00546666666667
0.03564689	0.002588523	0.0573222222222	0.00527777777778
0.02570411	0.005389039	0.0498777777778	0.00532222222222
0.03038862	0.004367151	0.0487888888889	0.00511111111111
0.03082482	0.002085192	0.0582	0.0044
0.02316551	0.002686698	0.0513333333333	0.00546666666667
0.0277189	0.003640654	0.0481788888889	0.00471111111111
0.03366615	0.002494283	0.0547222222222	0.00397777777778
0.02157048	0.003845591	0.0531244444444	0.00395555555556
0.02338734	0.003547526	0.0538444444444	0.00395555555556
0.01953102	0.003560939	0.0580666666667	0.00513333333333
0.02907065	0.004220627	0.0508444444444	0.00405555555556
0.0270757	0.006138791	0.0501777777778	0.00412222222222
0.03519326	0.003747646	0.04816	0.0047
0.02309082	0.002306136	0.0573888888889	0.00421111111111
0.03469294	0.004652056	0.0554888888889	0.00401111111111
0.02858463	0.005073934	0.0514222222222	0.00547777777778
0.02393827	0.00571459	0.0545333333333	0.00396666666667
0.02646545	0.005508679	0.0587444444444	0.00465555555556
0.02335675	0.003967759	0.0555222222222	0.00547777777778
0.03906194	0.003339038	0.0555222222222	0.00547777777778
0.03854276	0.002296047	0.0581822222222	0.00437777777778
0.02767344	0.002281418	0.0499555555556	0.00414444444444
0.02163302	0.002255984	0.0499555555556	0.00414444444444
0.02766277	0.00318614	0.0489333333333	0.00516666666667
0.0262955	0.003982629	0.0492444444444	0.00425555555556
0.02546973	0.003626894	0.0485777777778	0.00442222222222
0.02483426	0.002998814	0.0558666666667	0.00403333333333
0.02751343	0.003353778	0.0510444444444	0.00545555555556
0.02966062	0.004215221	0.0490711111111	0.00428888888889
0.02804102	0.003363151	0.0491777777778	0.00522222222222
0.02968506	0.005346697	0.0481444444444	0.00465555555556
0.01537304	0.002790019	0.0482111111111	0.00458888888889
0.01280488	0.005876496	0.0587777777778	0.00482222222222
0.02419813	0.004465497	0.0531055555556	0.00554444444444
0.03752173	0.002340686	0.0538555555556	0.00394444444444
0.03064816	0.002078465	0.0584355555556	0.00444444444444
0.02199479	0.002933263	0.0544444444444	0.00395555555556
0.02983187	0.002204858	0.0544444444444	0.00395555555556
0.03222544	0.003733816	0.0584666666667	0.00503333333333
0.03293502	0.002999683	0.0588222222222	0.00477777777778
0.03228351	0.002623811	0.0563377777778	0.00542222222222
0.03007299	0.004052321	0.0550922222222	0.00397777777778
0.03103545	0.003029169	0.0528555555556	0.00554444444444
0.0274807	0.003432721	0.0548777777778	0.00552222222222
0.02404884	0.002823975	0.0517788888889	0.00551111111111
0.02852298	0.002293323	0.0482444444444	0.00495555555556
0.02928712	0.004088152	0.0503	0.0054
0.03490186	0.003101793	0.0572333333333	0.00416666666667
0.03827951	0.00352884	0.0565222222222	0.00407777777778
0.04111425	0.002643759	0.0583888888889	0.00441111111111
0.01519686	0.003259134	0.0519333333333	0.00396666666667
0.03670709	0.002918129	0.0508444444444	0.00545555555556
0.02868578	0.001635298	0.0543555555556	0.00394444444444
0.02419837	0.002205046	0.0509777777778	0.00402222222222
0.02929014	0.001615151	0.0586111111111	0.00448888888889
0.02931575	0.003781339	0.0572777777778	0.00532222222222
0.03243447	0.003830223	0.0480444444444	0.00465555555556
0.03249679	0.00291128	0.0584222222222	0.00507777777778
0.03373901	0.002185428	0.0584222222222	0.00507777777778
0.03239139	0.004238975	0.0581133333333	0.00516666666667
0.02998263	0.001783059	0.0564777777778	0.00542222222222
0.03220478	0.002625992	0.0509333333333	0.00546666666667
0.03645298	0.003049507	0.0485111111111	0.00508888888889
0.02860578	0.003510777	0.0498444444444	0.00535555555556
0.02084677	0.005417008	0.0555111111111	0.00398888888889
0.03032405	0.002716829	0.0571555555556	0.00414444444444
0.03362825	0.003529382	0.0588666666667	0.00463333333333
0.02975684	0.002719841	0.0567111111111	0.00408888888889
0.03075162	0.002636485	0.0589111111111	0.00478888888889
0.03344952	0.004048306	0.0512111111111	0.00548888888889
0.03547678	0.003220748	0.0584111111111	0.00508888888889
0.02956679	0.002858271	0.0517777777778	0.00552222222222
0.02798826	0.002998076	0.0502888888889	0.00541111111111
0.02182347	0.003845703	0.0480488888889	0.00461111111111
0.03447348	0.005352912	0.0553888888889	0.00551111111111
0.02697744	0.003721986	0.0542444444444	0.00555555555556
0.03222806	0.002986378	0.0546555555556	0.00394444444444
0.02549819	0.001597605	0.0574222222222	0.00417777777778
0.03955253	0.003233646	0.0574222222222	0.00417777777778
0.03021083	0.002921798	0.0578666666667	0.00523333333333
0.0319972	0.00616623	0.0513	0.0055
0.02997583	0.002639094	0.0584111111111	0.00438888888889
0.03181893	0.003397006	0.0571366666667	0.00413333333333
0.0281702	0.005071647	0.0484222222222	0.00507777777778
0.02238847	0.00174957	0.0495333333333	0.00416666666667
0.02399003	0.003679962	0.0480777777778	0.00492222222222
0.02997278	0.003686503	0.0558111111111	0.00548888888889
0.03105048	0.004158614	0.0531333333333	0.00556666666667
0.03567304	0.002831352	0.0552777777778	0.00552222222222
0.03469344	0.00205327	0.0518444444444	0.00395555555556
0.02731442	0.004301417	0.05681	0.0054
0.02680302	0.003635661	0.0482666666667	0.00503333333333
0.02090734	0.002404663	0.0482666666667	0.00503333333333
0.03130186	0.004219333	0.0579777777778	0.00522222222222
0.03081147	0.002924772	0.0579777777778	0.00522222222222
0.03354169	0.002830122	0.0589666666667	0.00483333333333
