root_height	pop_size	pi_net	pi_within
0.06873795	0.005241766	0.107724444444	0.0215555555556
0.07331202	0.008199269	0.108004444444	0.0217555555556
0.07350799	0.003664519	0.106817777778	0.0215222222222
0.0652957	0.009299962	0.107265555556	0.0218444444444
0.06047966	0.00380882	0.107573333333	0.0218666666667
0.06885542	0.005662965	0.106422222222	0.0214777777778
0.07351091	0.005867421	0.109677777778	0.0217222222222
0.06023417	0.01704155	0.109752222222	0.0216777777778
0.05645179	0.006441391	0.106891111111	0.0213888888889
0.05793546	0.008561769	0.107163333333	0.0213666666667
0.0553181	0.01260876	0.106222222222	0.0214777777778
0.04859191	0.01222322	0.106538888889	0.0214111111111
0.05704043	0.008151298	0.107865555556	0.0219444444444
0.06052808	0.007505268	0.110097777778	0.0215222222222
0.05195992	0.006100758	0.107028888889	0.0213111111111
0.05986432	0.007595525	0.105562222222	0.0216777777778
0.06800523	0.008840322	0.10754	0.022
0.06441141	0.01508685	0.110697777778	0.0215222222222
0.06430383	0.008200235	0.106686666667	0.0220333333333
0.0497644	0.009249472	0.109315555556	0.0212444444444
0.07241309	0.005953249	0.107622222222	0.0211777777778
0.06697734	0.009540578	0.110848888889	0.0218111111111
0.054944	0.008819321	0.106591111111	0.0220888888889
0.0719006	0.0120344	0.105305555556	0.0219444444444
0.04138849	0.00818269	0.111351111111	0.0215888888889
0.06682369	0.005848713	0.105391111111	0.0219888888889
0.05793166	0.01040076	0.110603333333	0.0219666666667
0.05119008	0.005780723	0.106766666667	0.0211333333333
0.06925935	0.01004491	0.111537777778	0.0217222222222
0.05337786	0.004958434	0.111013333333	0.0219666666667
0.05883703	0.006924962	0.104688888889	0.0213111111111
0.05791836	0.006567149	0.106752222222	0.0210777777778
0.05967919	0.009783537	0.107238888889	0.0222111111111
0.06639948	0.01148517	0.103906666667	0.0216333333333
0.07114286	0.005904439	0.110711111111	0.0211888888889
0.05870083	0.006307837	0.104257777778	0.0213222222222
0.07079733	0.005496195	0.104493333333	0.0212666666667
0.06622757	0.006866856	0.109137777778	0.0210222222222
0.06455416	0.005449671	0.108271111111	0.0209888888889
0.06559664	0.006773425	0.111366666667	0.0220333333333
0.05441948	0.006738211	0.112222222222	0.0217777777778
0.0569264	0.004828757	0.109434444444	0.0222555555556
0.06229781	0.004674255	0.106791111111	0.0209888888889
0.0558431	0.007913097	0.111753333333	0.0212666666667
0.06759736	0.008432125	0.105988888889	0.0210111111111
0.06115535	0.005654496	0.107068888889	0.0223111111111
0.06733034	0.009632273	0.111602222222	0.0220777777778
0.06387318	0.004901892	0.106484444444	0.0209555555556
0.06884703	0.006472327	0.109348888889	0.0223111111111
0.06161773	0.009931769	0.108185555556	0.0223444444444
0.06206268	0.009249942	0.104298888889	0.0221111111111
0.07374354	0.009328056	0.112752222222	0.0216777777778
0.07286265	0.006528035	0.112775555556	0.0216444444444
0.07144732	0.005736444	0.112375555556	0.0213444444444
0.07238489	0.006923184	0.111515555556	0.0211444444444
0.04569247	0.005037986	0.107048888889	0.0209111111111
0.07069862	0.007423069	0.112816666667	0.0217333333333
0.05207732	0.005330613	0.105006666667	0.0222333333333
0.06889545	0.007067387	0.104966666667	0.0210333333333
0.07531232	0.007144913	0.108793333333	0.0223666666667
0.06766784	0.004020507	0.103433333333	0.0219666666667
0.04767555	0.01208763	0.103501111111	0.0219888888889
0.06898301	0.006020104	0.106277777778	0.0209222222222
0.06533652	0.005310601	0.112882222222	0.0214777777778
0.06653196	0.009357445	0.111401111111	0.0221888888889
0.0630329	0.005911241	0.1093	0.0209
0.07053865	0.005311348	0.110731111111	0.0209888888889
0.04672663	0.007351805	0.107544444444	0.0208555555556
0.05955993	0.01004693	0.10268	0.0217
0.03980334	0.01013901	0.110922222222	0.0209777777778
0.05511363	0.004921201	0.107175555556	0.0208444444444
0.05410087	0.007037001	0.111268888889	0.0210111111111
0.07580791	0.005911852	0.105608888889	0.0209111111111
0.05690537	0.007251791	0.103784444444	0.0221555555556
0.04884796	0.00621023	0.102666666667	0.0218333333333
0.04425836	0.005035927	0.106324444444	0.0208555555556
0.0342414	0.008582617	0.102576666667	0.0218333333333
0.06458153	0.009798555	0.102336666667	0.0216333333333
0.06731004	0.01022875	0.112222222222	0.0210777777778
0.06687927	0.006520335	0.103208888889	0.0221111111111
0.07341787	0.008246563	0.113657777778	0.0216222222222
0.05556353	0.007277513	0.106268888889	0.0208111111111
0.05222931	0.01005259	0.107402222222	0.0207777777778
0.0639323	0.006625306	0.108981111111	0.0207888888889
0.05064081	0.01015989	0.108792222222	0.0207777777778
0.05015182	0.005834214	0.102227777778	0.0218222222222
0.06197876	0.005667742	0.10466	0.0209
0.05234048	0.007699814	0.111444444444	0.0223555555556
0.04782625	0.00872875	0.105176666667	0.0224333333333
0.05621433	0.007613625	0.101971111111	0.0217888888889
0.07229416	0.007206563	0.111648888889	0.0209111111111
0.06504382	0.005082061	0.113984444444	0.0217555555556
0.06485751	0.01175618	0.113353333333	0.0220666666667
0.06952687	0.009488136	0.109746666667	0.0225333333333
0.03193654	0.00688752	0.10172	0.0218
0.06207759	0.008250612	0.1027	0.0211
0.06492426	0.006871533	0.108131111111	0.0206888888889
0.05333255	0.01722654	0.109073333333	0.0225666666667
0.04929711	0.008018584	0.112807777778	0.0210222222222
0.05534688	0.005932407	0.114188888889	0.0218111111111
0.05903742	0.007207219	0.111022222222	0.0224777777778
0.07568191	0.005371502	0.10147	0.0216
0.05411923	0.008142568	0.10396	0.0224
0.05874505	0.01004258	0.101576666667	0.0214333333333
0.06580583	0.007474027	0.106472222222	0.0225777777778
0.06794822	0.006288048	0.101861111111	0.0219888888889
0.05708593	0.007437244	0.111537777778	0.0208222222222
0.06397557	0.006463571	0.11442	0.0218
0.06341411	0.004386195	0.1021	0.0221
0.04209697	0.006780575	0.102382222222	0.0221777777778
0.06739537	0.006343193	0.109393333333	0.0206666666667
0.07172434	0.006927678	0.112971111111	0.0209888888889
0.04613057	0.00858533	0.10126	0.0216
0.04761423	0.01511106	0.101555555556	0.0219444444444
0.06172278	0.01258536	0.113688888889	0.0211111111111
0.06380313	0.01190818	0.108455555556	0.0226444444444
0.06735876	0.005980493	0.102732222222	0.0209777777778
0.0567396	0.008737644	0.114144444444	0.0220555555556
0.05429103	0.006259236	0.113804444444	0.0221555555556
0.06281791	0.01211195	0.113598888889	0.0222111111111
0.07160901	0.006530294	0.1108	0.0207
0.04857496	0.004732344	0.103505555556	0.0208444444444
0.06038964	0.008344607	0.114477777778	0.0213222222222
0.06976876	0.009690603	0.111276666667	0.0225333333333
0.04319717	0.009768384	0.110148888889	0.0226111111111
0.06213045	0.007214299	0.10794	0.0206
0.07113641	0.01201928	0.102775555556	0.0223444444444
0.06609339	0.005957376	0.114542222222	0.0219777777778
0.0613331	0.005684596	0.108971111111	0.0205888888889
0.06321376	0.006222615	0.100835555556	0.0216444444444
0.08035266	0.01000585	0.105094444444	0.0206555555556
0.07748702	0.007854841	0.113493333333	0.0209666666667
0.06642421	0.006682483	0.103848888889	0.0225111111111
0.06935186	0.007254257	0.109142222222	0.0205777777778
0.05142775	0.00631602	0.111816666667	0.0207333333333
0.07899492	0.009051672	0.105455555556	0.0226444444444
0.06948749	0.01175563	0.110968888889	0.0226111111111
0.06353397	0.01359562	0.115104444444	0.0217555555556
0.07410808	0.006227292	0.113802222222	0.0209777777778
0.0592648	0.008029621	0.110473333333	0.0226666666667
0.03204907	0.01152364	0.10531	0.0206
0.05910712	0.00792756	0.10238	0.0209
0.05026767	0.008209983	0.110925555556	0.0226444444444
0.06035008	0.006403585	0.114888888889	0.0220111111111
0.05269808	0.008380651	0.100891111111	0.0219888888889
0.07288298	0.008794813	0.11477	0.0221
0.04797187	0.00483637	0.100424444444	0.0217555555556
0.06788178	0.009061543	0.115206666667	0.0219333333333
0.0613561	0.009611869	0.100457777778	0.0214222222222
0.0661723	0.01061666	0.107533333333	0.0227666666667
0.06510207	0.007661103	0.110097777778	0.0227222222222
0.0378804	0.007814415	0.111504444444	0.0226555555556
0.07780333	0.008013817	0.112994444444	0.0207555555556
0.05844124	0.00631733	0.100163333333	0.0215666666667
0.06194768	0.006061857	0.104253333333	0.0226666666667
0.07032451	0.00753163	0.106711111111	0.0227888888889
0.04730241	0.01301815	0.103594444444	0.0206555555556
0.04558343	0.01234391	0.102288888889	0.0208111111111
0.07107034	0.01725532	0.109802222222	0.0227777777778
0.06835775	0.008031254	0.102796666667	0.0207333333333
0.04879055	0.007294833	0.105862222222	0.0204777777778
0.06657409	0.007646585	0.115965555556	0.0215444444444
0.04544815	0.005198084	0.115755555556	0.0213444444444
0.07666872	0.01328788	0.114291111111	0.0208888888889
0.06669901	0.007004477	0.107935555556	0.0228444444444
0.05020879	0.0089179	0.107417777778	0.0204222222222
0.06891729	0.006748344	0.116008888889	0.0218111111111
0.04788246	0.007795069	0.116032222222	0.0214777777778
0.06855065	0.005502112	0.10207	0.0225
0.05589914	0.01042859	0.104337777778	0.0205222222222
0.06437371	0.006622988	0.110384444444	0.0204555555556
0.05714383	0.01196243	0.0997555555556	0.0214444444444
0.06434964	0.008770671	0.103168888889	0.0206111111111
0.06869851	0.005626226	0.100577777778	0.0222222222222
0.06807806	0.00778772	0.100151111111	0.0220888888889
0.05503289	0.01156058	0.0997866666667	0.0213333333333
0.05703403	0.004334314	0.108931111111	0.0203888888889
0.06957663	0.006125571	0.114203333333	0.0224666666667
0.05264334	0.009207787	0.101751111111	0.0224888888889
0.063395	0.006040802	0.100977777778	0.0209222222222
0.060373	0.008240317	0.101888888889	0.0225111111111
0.05962833	0.008204041	0.101803333333	0.0207666666667
0.04005816	0.008299675	0.107082222222	0.0203777777778
0.05926888	0.005860678	0.100538888889	0.0210111111111
0.05088387	0.007955284	0.101662222222	0.0207777777778
0.06193846	0.005477861	0.0996777777778	0.0213222222222
0.03836805	0.01193615	0.11354	0.0226
0.06946381	0.009169817	0.116386666667	0.0218333333333
0.06226036	0.005789338	0.103754444444	0.0227555555556
0.06237352	0.00939367	0.115477777778	0.0210222222222
0.07145866	0.006174729	0.11502	0.0209
0.06068074	0.007935947	0.112377777778	0.0205222222222
0.07335641	0.00653188	0.116555555556	0.0217444444444
0.06129371	0.007642154	0.100954444444	0.0208555555556
0.0405912	0.01295244	0.112877777778	0.0227222222222
0.06778106	0.005232119	0.0990877777778	0.0216222222222
0.05704756	0.008221994	0.105717777778	0.0229222222222
0.06213656	0.008809158	0.114073333333	0.0206666666667
0.05034584	0.008999894	0.101365555556	0.0225444444444
0.07192791	0.01114379	0.112293333333	0.0204666666667
0.0730378	0.008297207	0.0993688888889	0.0212111111111
0.07083205	0.006252168	0.09994	0.021
0.05681047	0.008484216	0.105226666667	0.0229333333333
0.0547111	0.00514228	0.107913333333	0.0202666666667
0.05937401	0.007176838	0.101646666667	0.0206333333333
0.05852802	0.005661847	0.104755555556	0.0203444444444
0.06080902	0.01232919	0.117077777778	0.0215222222222
0.05568015	0.007793761	0.09885	0.0214
0.05980138	0.007562016	0.114428888889	0.0226111111111
0.03967228	0.01045037	0.106988888889	0.0230111111111
0.05987079	0.01004579	0.1117	0.0229
0.06436257	0.01024106	0.114721111111	0.0206888888889
0.06259282	0.007945258	0.107495555556	0.0202444444444
0.06080491	0.004524643	0.115823333333	0.0223666666667
0.05511264	0.007386579	0.106634444444	0.0202555555556
0.04603434	0.01329781	0.116268888889	0.0210111111111
0.05632137	0.006776186	0.108857777778	0.0230222222222
0.06027447	0.01054724	0.117235555556	0.0217444444444
0.06780189	0.008117701	0.11626	0.021
0.05626974	0.01416321	0.105611111111	0.0229888888889
0.06345985	0.004073762	0.1059	0.023
0.06856097	0.0121166	0.102015555556	0.0205444444444
0.06938445	0.008936244	0.0985388888889	0.0216111111111
0.05936803	0.006047376	0.0994888888889	0.0210111111111
0.05200947	0.009774532	0.100274444444	0.0224555555556
0.05603251	0.01310303	0.117233333333	0.0218666666667
0.06873074	0.007900385	0.116175555556	0.0209444444444
0.0696783	0.006777253	0.114833333333	0.0206666666667
0.07473461	0.01003227	0.110208888889	0.0230111111111
0.07034942	0.005348452	0.103048888889	0.0204111111111
0.05212688	0.009273652	0.0986822222222	0.0212777777778
0.05695226	0.007962335	0.116875555556	0.0211444444444
0.07199657	0.01004101	0.106086666667	0.0230333333333
0.0552132	0.005419086	0.10452	0.0203
0.0368113	0.008956243	0.106994444444	0.0230555555556
0.07061492	0.005271293	0.117304444444	0.0213555555556
0.06911187	0.009642615	0.117053333333	0.0220666666667
0.06764783	0.00768338	0.0983555555556	0.0217444444444
0.06623474	0.007397158	0.108193333333	0.0230666666667
0.06636988	0.007470721	0.110355555556	0.0202444444444
0.06348706	0.004715091	0.0984222222222	0.0218777777778
0.05717267	0.01447672	0.100956666667	0.0206333333333
0.06111378	0.009961773	0.0991444444444	0.0222555555556
0.04917118	0.01062902	0.100876666667	0.0206333333333
0.06150225	0.008094719	0.114773333333	0.0226666666667
0.05342172	0.007606372	0.107442222222	0.0201777777778
0.05909231	0.008506877	0.104101111111	0.0202888888889
0.06983138	0.008295693	0.09826	0.0214
0.03286622	0.006671259	0.10786	0.0231
0.05053457	0.01040189	0.116944444444	0.0210555555556
0.04821858	0.007589599	0.10749	0.0231
0.07413333	0.01563629	0.1087	0.0231
0.05767254	0.007349955	0.0980733333333	0.0216666666667
0.04121653	0.01450355	0.103357777778	0.0203222222222
0.06582578	0.01057538	0.114348888889	0.0205111111111
0.06620343	0.004911886	0.09875	0.0222
0.0778676	0.006521989	0.112283333333	0.0229666666667
0.06673669	0.006399208	0.11565	0.0207
0.05795425	0.007570191	0.0986333333333	0.0221666666667
0.05917664	0.007099669	0.1108	0.0202
0.05751944	0.01037907	0.100304444444	0.0206555555556
0.07111498	0.005867654	0.117482222222	0.0211777777778
0.06985576	0.006409306	0.115072222222	0.0205777777778
0.05319517	0.009114299	0.100544444444	0.0226555555556
0.06891989	0.01360355	0.116261111111	0.0207888888889
0.05287336	0.007946706	0.0981111111111	0.0219888888889
0.04565869	0.005626617	0.103768888889	0.0230111111111
0.05132453	0.006796035	0.0978011111111	0.0216888888889
0.06569021	0.01232729	0.115455555556	0.0226444444444
0.05258947	0.008941111	0.0995422222222	0.0207777777778
0.03587467	0.01620036	0.110504444444	0.0201555555556
0.08490722	0.009373126	0.1168	0.0224
0.07873005	0.006827959	0.113148888889	0.0203111111111
0.06614958	0.0104826	0.10462	0.0231
0.05358915	0.007813694	0.0978955555556	0.0212444444444
0.05946444	0.006641129	0.0980211111111	0.0220888888889
0.06953801	0.006824618	0.113314444444	0.0229555555556
0.06130203	0.008616385	0.100931111111	0.0204888888889
0.05594961	0.008218121	0.116806666667	0.0224333333333
0.04943537	0.006190411	0.0982222222222	0.0210777777778
0.05207491	0.006655096	0.09852	0.0223
0.05823119	0.005472213	0.100064444444	0.0226555555556
0.07305807	0.005518576	0.118034444444	0.0212555555556
0.05204009	0.009222233	0.106412222222	0.0200777777778
0.03541547	0.006250738	0.103593333333	0.0230666666667
0.06720326	0.008122667	0.103513333333	0.0230666666667
0.05978845	0.009397115	0.105124444444	0.0231555555556
0.06472673	0.004457132	0.104737777778	0.0201222222222
0.04946962	0.006063267	0.0997177777778	0.0206222222222
0.0750751	0.007303056	0.101005555556	0.0228444444444
0.06127277	0.006224585	0.0989777777778	0.0225222222222
0.06030017	0.008311216	0.0976644444444	0.0211555555556
0.0638071	0.004078765	0.104177777778	0.0201222222222
0.03562842	0.01065351	0.112045555556	0.0201444444444
0.03450107	0.006468259	0.0977822222222	0.0210777777778
0.05926475	0.004085511	0.107117777778	0.0200222222222
0.04792433	0.005829023	0.110398888889	0.0232111111111
0.04334951	0.006715117	0.108418888889	0.0200111111111
0.06473806	0.006855484	0.112275555556	0.0201444444444
0.05680808	0.005743991	0.0970388888889	0.0216111111111
0.06690186	0.009139287	0.112464444444	0.0201555555556
0.05434764	0.006293717	0.0995411111111	0.0205888888889
0.06434276	0.01424024	0.117942222222	0.0222777777778
0.06649195	0.01005398	0.11314	0.0202
0.04510802	0.006954347	0.09726	0.022
0.0495655	0.01202516	0.0981311111111	0.0208888888889
0.06088069	0.006227403	0.118862222222	0.0214777777778
0.06899134	0.005020816	0.0978022222222	0.0222777777778
0.06495286	0.007792004	0.110446666667	0.0232333333333
0.07331556	0.009964394	0.105027777778	0.0232222222222
0.05893275	0.007335706	0.0987888888889	0.0207111111111
0.05678256	0.006155956	0.114488888889	0.0203111111111
0.07012139	0.01149644	0.118177777778	0.0210222222222
0.05309576	0.008264895	0.0997177777778	0.0205222222222
0.0490663	0.008057211	0.110806666667	0.0200333333333
0.04288289	0.009568326	0.09872	0.0207
0.05921581	0.008804875	0.105853333333	0.0232666666667
0.0619526	0.00904879	0.101362222222	0.0229777777778
0.0579401	0.01147145	0.113698888889	0.0202111111111
0.06707739	0.007546342	0.111673333333	0.0200666666667
0.05818262	0.008095276	0.0970677777778	0.0220222222222
0.0692311	0.0135998	0.117583333333	0.0224666666667
0.06864837	0.004064749	0.118066666667	0.0223333333333
0.04831872	0.01145685	0.101786666667	0.0230333333333
0.05299484	0.009397066	0.118068888889	0.0209111111111
0.06405516	0.006574684	0.111466666667	0.0200333333333
0.06756906	0.01382869	0.11909	0.0214
0.05278423	0.00579598	0.0972522222222	0.0210777777778
0.0682104	0.004616243	0.112311111111	0.0231888888889
0.03990092	0.01713077	0.112183333333	0.0200666666667
0.06387532	0.009596022	0.0976066666667	0.0223333333333
0.04996281	0.007526104	0.104648888889	0.0200111111111
0.03571875	0.007523405	0.0989	0.0206
0.05150197	0.009491556	0.0983644444444	0.0225555555556
0.04675689	0.0134016	0.104454444444	0.0232555555556
0.04525845	0.005704565	0.0965066666667	0.0216333333333
0.04741862	0.01239517	0.119326666667	0.0217333333333
0.04555235	0.008136855	0.111012222222	0.0232777777778
0.05847656	0.007540581	0.0967122222222	0.0219777777778
0.06237425	0.008643152	0.112344444444	0.0200555555556
0.05181727	0.006955474	0.100922222222	0.0202777777778
0.05991392	0.005558612	0.106446666667	0.0233333333333
0.04922248	0.008388113	0.10523	0.0233
0.0428171	0.007417861	0.100062222222	0.0203777777778
0.05940723	0.00611858	0.0980277777778	0.0225222222222
0.05560281	0.008111299	0.0963822222222	0.0215777777778
0.04786691	0.007972883	0.107234444444	0.0233555555556
0.05487404	0.008653488	0.103566666667	0.0232333333333
0.04861882	0.007151021	0.119432222222	0.0214777777778
0.07534448	0.00532984	0.115368888889	0.0203111111111
0.06255025	0.007506288	0.0966566666667	0.0212333333333
0.07699322	0.009330658	0.114815555556	0.0202444444444
0.06994857	0.00890973	0.116876666667	0.0205333333333
0.05621979	0.007389195	0.104242222222	0.0232777777778
0.04445227	0.008832536	0.09653	0.022
0.06088336	0.005855407	0.0977222222222	0.0224777777778
0.06434129	0.006082204	0.117906666667	0.0207333333333
0.07883312	0.004856931	0.115943333333	0.0203666666667
0.07163825	0.006069348	0.1093	0.0199
0.04378476	0.008290366	0.0970422222222	0.0222777777778
0.06470075	0.007555191	0.0962288888889	0.0217111111111
0.06109035	0.005962348	0.112964444444	0.0200555555556
0.04945632	0.00973379	0.0990211111111	0.0204888888889
0.05174982	0.007378284	0.0971888888889	0.0209111111111
0.06367376	0.00725546	0.102857777778	0.0232222222222
0.04242408	0.007518312	0.101122222222	0.0230777777778
0.0639698	0.0131386	0.111397777778	0.0233222222222
0.06185928	0.008901119	0.0966188888889	0.0211111111111
0.060231	0.006395139	0.111097777778	0.0199222222222
0.06172904	0.005457181	0.0968	0.021
0.05498974	0.006138756	0.106433333333	0.0198666666667
0.06722167	0.00684921	0.112302222222	0.0199777777778
0.04907034	0.005995648	0.11878	0.0209
0.06249768	0.01400752	0.0961844444444	0.0219555555556
0.04866676	0.007146695	0.111526666667	0.0199333333333
0.07019148	0.006520299	0.1195	0.0212
0.06026314	0.01102841	0.109713333333	0.0198666666667
0.06859314	0.007409827	0.107535555556	0.0198444444444
0.06175514	0.009659531	0.105361111111	0.0233888888889
0.07657828	0.00867419	0.115001111111	0.0230888888889
0.03491257	0.00940902	0.107826666667	0.0198333333333
0.03363958	0.005595922	0.0993888888889	0.0229111111111
0.05615157	0.01038023	0.0961555555556	0.0220444444444
0.06001792	0.005452023	0.0967255555556	0.0209444444444
0.07828452	0.006834075	0.117302222222	0.0227777777778
0.05733939	0.007449981	0.111887777778	0.0199222222222
0.0734455	0.004842182	0.112365555556	0.0199444444444
0.06457738	0.00518941	0.102166666667	0.0232333333333
0.05436082	0.009631457	0.108935555556	0.0234444444444
0.06835489	0.005591249	0.103228888889	0.0233111111111
0.08117049	0.007819332	0.113555555556	0.0232444444444
0.05621332	0.006563432	0.0991733333333	0.0203666666667
0.04121816	0.009131045	0.105565555556	0.0198444444444
0.0597677	0.00505423	0.0976677777778	0.0226222222222
0.03477399	0.009967902	0.0965888888889	0.0223111111111
0.05213074	0.007992381	0.0959644444444	0.0212555555556
0.04987924	0.01232676	0.108738888889	0.0198111111111
0.05902963	0.01049552	0.112114444444	0.0233555555556
0.05399441	0.01347221	0.119694444444	0.0221555555556
0.07768727	0.006338302	0.115036666667	0.0201333333333
0.06756245	0.008849343	0.119306666667	0.0223333333333
0.04880478	0.009443886	0.0964022222222	0.0209777777778
0.07159957	0.006837424	0.0967655555556	0.0208444444444
0.06091479	0.008002918	0.108431111111	0.0197888888889
0.07405402	0.00585294	0.118306666667	0.0206333333333
0.06489792	0.008147415	0.102271111111	0.0199888888889
0.05250197	0.008677473	0.1001	0.0202
0.04495965	0.004996609	0.101454444444	0.0200555555556
0.05449044	0.005593765	0.101273333333	0.0200666666667
0.02845262	0.01231109	0.110595555556	0.0234444444444
0.04689352	0.009261695	0.0967166666667	0.0224333333333
0.07368894	0.01096503	0.119513333333	0.0209666666667
0.0802395	0.007361469	0.120348888889	0.0216111111111
0.06815085	0.006308907	0.113473333333	0.0199666666667
0.06595286	0.009325259	0.101397777778	0.0232222222222
0.07226567	0.009551994	0.120137777778	0.0220222222222
0.06918085	0.004701295	0.117506666667	0.0204333333333
0.07900888	0.007484987	0.118722222222	0.0225777777778
0.05430363	0.009915419	0.109611111111	0.0234888888889
0.03228638	0.00834273	0.0954033333333	0.0214666666667
0.05855905	0.007321395	0.0964333333333	0.0208666666667
0.06189659	0.00556216	0.111244444444	0.0234555555556
0.0554046	0.007269508	0.119366666667	0.0208333333333
0.06883117	0.009725004	0.1185	0.0206
0.0380667	0.01294485	0.0974222222222	0.0205777777778
0.06422469	0.004639464	0.104046666667	0.0198333333333
0.05926553	0.01309682	0.0952733333333	0.0215666666667
0.06046946	0.009492218	0.0979533333333	0.0204666666667
0.05446466	0.01499192	0.0960411111111	0.0222888888889
0.04654001	0.005559762	0.0971466666667	0.0206333333333
0.05153168	0.007366202	0.0952522222222	0.0217777777778
0.05156464	0.0135208	0.119178888889	0.0225111111111
0.06470436	0.007523271	0.120314444444	0.0220555555556
0.06586136	0.00745263	0.117915555556	0.0204444444444
0.06716656	0.007512144	0.109795555556	0.0197444444444
0.06175458	0.00773861	0.100704444444	0.0200555555556
0.05320174	0.008458068	0.109877777778	0.0235222222222
0.06487372	0.00547187	0.109895555556	0.0197444444444
0.04805925	0.008076092	0.108467777778	0.0197222222222
0.0519992	0.007671871	0.100777777778	0.0232222222222
0.02899601	0.006381541	0.0959977777778	0.0209222222222
0.07651216	0.007713483	0.114967777778	0.0200222222222
0.06871776	0.008459588	0.106337777778	0.0197222222222
0.06885072	0.009288798	0.120817777778	0.0216222222222
0.06155848	0.008698439	0.12045	0.0221
0.05324841	0.01047578	0.0987122222222	0.0202777777778
0.06739565	0.009317788	0.120845555556	0.0215444444444
0.05316267	0.012607	0.0967877777778	0.0226222222222
0.07202301	0.00693877	0.0952788888889	0.0212111111111
0.05606378	0.008509127	0.103046666667	0.0198333333333
0.05386599	0.008283619	0.101495555556	0.0199444444444
0.05065072	0.01110098	0.111007777778	0.0235222222222
0.07080571	0.00804619	0.120893333333	0.0214666666667
0.0634427	0.01059561	0.110068888889	0.0197111111111
0.06635967	0.006725628	0.101244444444	0.0199555555556
0.06489636	0.006463338	0.116955555556	0.0230444444444
0.07250711	0.009514096	0.120282222222	0.0209777777778
0.0695084	0.006137908	0.111266666667	0.0197333333333
0.04261091	0.00775017	0.0961133333333	0.0207666666667
0.06355124	0.006729813	0.115457777778	0.0200222222222
0.05936793	0.004466243	0.107433333333	0.0196666666667
0.06478751	0.00862367	0.104707777778	0.0197222222222
0.06580975	0.007282356	0.107093333333	0.0196666666667
0.05811949	0.008685786	0.0953566666667	0.0210333333333
0.0679361	0.007781805	0.114193333333	0.0233666666667
0.07463905	0.006381912	0.113467777778	0.0234222222222
0.06170614	0.01031083	0.119604444444	0.0225555555556
0.06325568	0.007698931	0.11864	0.0228
0.04124467	0.01542449	0.120201111111	0.0223888888889
0.04190402	0.009479054	0.120806666667	0.0211333333333
0.07017075	0.01211505	0.108577777778	0.0236222222222
0.06584533	0.005691922	0.100174444444	0.0232555555556
0.05614483	0.005126262	0.0969	0.0205
0.05340289	0.009481036	0.0945511111111	0.0217888888889
0.03761046	0.006149577	0.0946344444444	0.0213555555556
0.06170366	0.006673	0.105684444444	0.0196555555556
0.05507804	0.006126191	0.106155555556	0.0196444444444
0.05957032	0.007254051	0.0965433333333	0.0205666666667
0.06804361	0.005062477	0.120275555556	0.0208444444444
0.05634354	0.006109628	0.100093333333	0.0232666666667
0.05423056	0.01501496	0.0962155555556	0.0206444444444
0.07291091	0.01204273	0.120073333333	0.0207666666667
0.04416792	0.007766289	0.0945677777778	0.0219222222222
0.05934572	0.007402463	0.111192222222	0.0196777777778
0.04097155	0.008929208	0.0944111111111	0.0214888888889
0.05531223	0.007092937	0.0945533333333	0.0219666666667
0.05655801	0.01230654	0.0988977777778	0.0201222222222
0.06947275	0.007711532	0.100744444444	0.0233555555556
0.03836101	0.007064616	0.0943633333333	0.0214666666667
0.06079077	0.006398697	0.0945022222222	0.0219777777778
0.06029981	0.01242676	0.118804444444	0.0228555555556
0.06954082	0.007116793	0.119468888889	0.0227111111111
0.03481388	0.01625395	0.105695555556	0.0236444444444
0.06768808	0.006144828	0.0967688888889	0.0228111111111
0.05755447	0.007077701	0.0950088888889	0.0223111111111
0.05532479	0.008423237	0.09833	0.0231
0.05825649	0.007555182	0.0941933333333	0.0216666666667
0.05453609	0.006935122	0.115765555556	0.0199444444444
0.06497935	0.007011432	0.10584	0.0196
0.06247276	0.008083987	0.105388888889	0.0196111111111
0.05381846	0.009117286	0.0944622222222	0.0220777777778
0.04880107	0.005536415	0.1057	0.0196
0.07042825	0.006203947	0.121502222222	0.0212777777778
0.06991625	0.005252828	0.104215555556	0.0196444444444
0.06777607	0.004416664	0.119137777778	0.0204222222222
0.05279667	0.008210537	0.0951677777778	0.0208222222222
0.05792429	0.009843744	0.0946377777778	0.0210222222222
0.05497624	0.0133286	0.0944266666667	0.0211333333333
0.04044326	0.01623904	0.0940377777778	0.0215222222222
0.05582251	0.004353076	0.121503333333	0.0211666666667
0.07363904	0.005195717	0.116757777778	0.0200222222222
0.05954014	0.006630829	0.0969555555556	0.0203444444444
0.04771388	0.004619591	0.0939666666667	0.0216333333333
0.06616036	0.01153561	0.111605555556	0.0236444444444
0.0595442	0.009023447	0.116886666667	0.0232333333333
0.05475905	0.007403347	0.0989166666667	0.0200333333333
0.06157196	0.005035155	0.104368888889	0.0196111111111
0.04902449	0.01039386	0.0999488888889	0.0199111111111
0.06845261	0.009272902	0.121317777778	0.0210222222222
0.03840409	0.00832654	0.0948733333333	0.0208666666667
0.07198944	0.006446246	0.118906666667	0.0229333333333
0.04689951	0.008566009	0.0976144444444	0.0230555555556
0.05848213	0.004815275	0.0942222222222	0.0211777777778
0.07506959	0.006241056	0.1103	0.0237
0.04943947	0.006940536	0.0989888888889	0.0200111111111
0.05311761	0.004680286	0.0952844444444	0.0225555555556
0.06416979	0.01226361	0.0942366666667	0.0221333333333
0.05127376	0.01105456	0.0945322222222	0.0209777777778
0.06889804	0.009493882	0.118633333333	0.0202666666667
0.05950018	0.008213112	0.0955577777778	0.0206222222222
0.06644525	0.006638305	0.1042	0.0196
0.03564324	0.008915736	0.120563333333	0.0225666666667
0.06468873	0.00658923	0.105113333333	0.0195666666667
0.06440273	0.006555276	0.112615555556	0.0196444444444
0.04806517	0.008781655	0.0948377777778	0.0208222222222
0.04873143	0.01079535	0.09396	0.022
0.06723251	0.006369135	0.101133333333	0.0197666666667
0.05292145	0.005889141	0.0979888888889	0.0201111111111
0.06684832	0.007448961	0.120388888889	0.0206111111111
0.06608755	0.007216856	0.0938488888889	0.0213111111111
0.06593594	0.008171222	0.104082222222	0.0195777777778
0.06518929	0.005545395	0.0997522222222	0.0198777777778
0.04819944	0.01316462	0.113533333333	0.0196666666667
0.05410048	0.009958245	0.0958711111111	0.0227888888889
0.06915082	0.00761424	0.0995911111111	0.0198888888889
0.04346081	0.007565124	0.0956888888889	0.0205111111111
0.07002584	0.006298297	0.121886666667	0.0221333333333
0.06365957	0.006994898	0.102497777778	0.0236222222222
0.08035346	0.008122167	0.122282222222	0.0215777777778
0.04471664	0.009490455	0.0998044444444	0.0198555555556
0.05453322	0.009204006	0.106431111111	0.0194888888889
0.05670734	0.00410021	0.0969777777778	0.0202222222222
0.06321008	0.01118823	0.100511111111	0.0234888888889
0.07845398	0.007557625	0.120288888889	0.0205111111111
0.05929743	0.007454011	0.105981111111	0.0194888888889
0.05623147	0.005962003	0.1129	0.0196
0.07107838	0.01373396	0.106462222222	0.0194777777778
0.05496417	0.005784689	0.0939855555556	0.0222444444444
0.06253391	0.006978561	0.110181111111	0.0194888888889
0.04813754	0.00894001	0.0968377777778	0.0202222222222
0.06336536	0.00976186	0.108058888889	0.0238111111111
0.05478739	0.002966822	0.106373333333	0.0194666666667
0.07744141	0.005230838	0.122373333333	0.0219666666667
0.05907363	0.006411524	0.122541111111	0.0216888888889
0.06919158	0.005683233	0.113111111111	0.0195888888889
0.06573077	0.01501661	0.122006666667	0.0210333333333
0.06403503	0.01029677	0.107197777778	0.0238222222222
0.05788374	0.005483367	0.102812222222	0.0195777777778
0.07277266	0.005849385	0.122272222222	0.0211777777778
0.05877489	0.006141141	0.0988244444444	0.0233555555556
0.03454296	0.00997591	0.111041111111	0.0194888888889
0.05719719	0.008358643	0.110702222222	0.0194777777778
0.05377531	0.007720051	0.122188888889	0.0211111111111
0.08437961	0.004441909	0.120744444444	0.0205555555556
0.08740287	0.01308246	0.122635555556	0.0216444444444
0.0759562	0.008950495	0.107436666667	0.0194333333333
0.06453726	0.006272356	0.0955666666667	0.0204333333333
0.07659888	0.01067626	0.119347777778	0.0230222222222
0.06466446	0.01512393	0.105688888889	0.0238111111111
0.06591402	0.005495559	0.113222222222	0.0195777777778
0.05626321	0.007451731	0.0958988888889	0.0229111111111
0.05709588	0.007728823	0.105203333333	0.0194666666667
0.05749207	0.007390965	0.0971755555556	0.0231444444444
0.06383019	0.01281673	0.113798888889	0.0196111111111
0.06377874	0.01205259	0.0947955555556	0.0226444444444
0.06356292	0.008210026	0.0998111111111	0.0197888888889
0.07166824	0.007371227	0.121282222222	0.0225777777778
0.03440829	0.01143087	0.0995488888889	0.0198111111111
0.04174758	0.0102512	0.110065555556	0.0194444444444
0.0550207	0.01192223	0.103708888889	0.0195111111111
0.0558392	0.00614118	0.119082222222	0.0201777777778
0.0699602	0.005312952	0.0983277777778	0.0233222222222
0.06137978	0.01302496	0.104482222222	0.0194777777778
0.02050998	0.012558	0.0972811111111	0.0200888888889
0.07071025	0.007803733	0.103624444444	0.0237555555556
0.07142021	0.006557811	0.122451111111	0.0211888888889
0.05502696	0.008231629	0.117535555556	0.0199444444444
0.05618706	0.005114506	0.0970944444444	0.0231555555556
0.0731335	0.006574445	0.105786666667	0.0194333333333
0.05753075	0.006930766	0.0946555555556	0.0226444444444
0.07129813	0.01371302	0.104151111111	0.0237888888889
0.04647649	0.008661734	0.104122222222	0.0194777777778
0.05480409	0.008300209	0.0952977777778	0.0228222222222
0.05924603	0.005646464	0.103338888889	0.0195111111111
0.06517287	0.005097785	0.0934422222222	0.0221777777778
0.06615713	0.00668031	0.110446666667	0.0194333333333
0.06277113	0.007963144	0.09972	0.0235
0.06532513	0.005812844	0.12178	0.0208
0.07457487	0.007380595	0.117162222222	0.0198777777778
0.069064	0.007950849	0.101377777778	0.0196222222222
0.07297671	0.005214255	0.121548888889	0.0207111111111
0.06813081	0.004009839	0.11366	0.0237
0.05192676	0.006411544	0.0952666666667	0.0204333333333
0.05731842	0.006498898	0.09335	0.0211
0.06165354	0.00617096	0.101398888889	0.0196111111111
0.06046353	0.007837959	0.120616666667	0.0204333333333
0.05882309	0.008390624	0.0951966666667	0.0228333333333
0.05314797	0.007643738	0.115511111111	0.0196888888889
0.06008502	0.005432831	0.0956577777778	0.0203222222222
0.06196541	0.00849662	0.11566	0.0197
0.0588124	0.007222411	0.0931955555556	0.0211444444444
0.04637316	0.009946001	0.0980955555556	0.0233444444444
0.06969311	0.009230972	0.122932222222	0.0213777777778
0.05583477	0.006250888	0.0973177777778	0.0200222222222
0.05555677	0.005145182	0.0929444444444	0.0219555555556
0.03920139	0.009086734	0.120022222222	0.0202777777778
0.0627241	0.005580992	0.122704444444	0.0211555555556
0.04078949	0.006265453	0.0949122222222	0.0204777777778
0.04376329	0.01007248	0.0949333333333	0.0204666666667
0.0713957	0.005849474	0.10773	0.0239
0.07171954	0.004777837	0.117364444444	0.0198555555556
0.07532334	0.004760655	0.118726666667	0.0200333333333
0.07191133	0.009732686	0.121545555556	0.0226444444444
0.06669834	0.009022222	0.105812222222	0.0193777777778
0.05954017	0.007599493	0.09918	0.0235
0.06456509	0.007816799	0.0937822222222	0.0207777777778
0.06173801	0.006681323	0.103173333333	0.0194666666667
0.06024841	0.01049893	0.101463333333	0.0195666666667
0.06960642	0.00786066	0.109603333333	0.0193666666667
0.06015156	0.007612714	0.0969555555556	0.0200444444444
0.04058036	0.00471524	0.0956833333333	0.0202666666667
0.05860924	0.0039644	0.106724444444	0.0193555555556
0.06425315	0.008044777	0.117822222222	0.0233777777778
0.05983502	0.007530557	0.104268888889	0.0194111111111
0.07441078	0.007791779	0.115684444444	0.0196555555556
0.05510223	0.004964493	0.0929366666667	0.0211333333333
0.0541893	0.009792859	0.0926022222222	0.0214777777778
0.0387657	0.00755789	0.0951444444444	0.0203555555556
0.05914413	0.007672731	0.0971711111111	0.0199888888889
0.07101872	0.005206106	0.114494444444	0.0195555555556
0.03823756	0.01269532	0.0948888888889	0.0204111111111
0.06076114	0.007093912	0.107856666667	0.0193333333333
0.06214017	0.007784964	0.09318	0.0223
0.05009945	0.009391592	0.103577777778	0.0194222222222
0.04042513	0.007061635	0.0950744444444	0.0203555555556
0.05006205	0.008887913	0.12335	0.0218
0.05495274	0.007114991	0.110594444444	0.0193555555556
0.06330437	0.01014807	0.123372222222	0.0217777777778
0.06670921	0.008518028	0.0945788888889	0.0228111111111
0.04228633	0.007889866	0.102564444444	0.0194555555556
0.07880691	0.006810228	0.123377777778	0.0214222222222
0.07401376	0.01313541	0.123283333333	0.0219666666667
0.05982963	0.006966544	0.0925066666667	0.0213333333333
0.06185968	0.01267142	0.0947911111111	0.0203888888889
0.08045192	0.0164447	0.119727777778	0.0201222222222
0.07679455	0.00598118	0.117855555556	0.0198444444444
0.05340169	0.01238577	0.107108888889	0.0193111111111
0.0519861	0.01065102	0.0933811111111	0.0207888888889
0.04617744	0.006367627	0.110975555556	0.0193444444444
0.07166158	0.004564754	0.120788888889	0.0203111111111
0.06629932	0.006333975	0.113763333333	0.0194666666667
0.0663706	0.01094583	0.0986144444444	0.0197555555556
0.05855083	0.006435452	0.0924522222222	0.0219777777778
0.04461287	0.006563059	0.0946711111111	0.0203888888889
0.05465774	0.007250217	0.121775555556	0.0205444444444
0.05503567	0.006941812	0.103913333333	0.0193666666667
0.05207144	0.007941882	0.113535555556	0.0194444444444
0.05495638	0.01024529	0.104786666667	0.0193333333333
0.03226595	0.01035514	0.0965644444444	0.0232555555556
0.08516012	0.01522015	0.123615555556	0.0215444444444
0.05453525	0.007847522	0.123031111111	0.0209888888889
0.05250402	0.01028862	0.123097777778	0.0210222222222
0.0626928	0.007882249	0.0943555555556	0.0204444444444
0.05824921	0.006013927	0.0922	0.0217
0.07766182	0.01299324	0.12364	0.0216
0.06400755	0.006969682	0.0931577777778	0.0208222222222
0.05863917	0.01101339	0.0958066666667	0.0201333333333
0.05662698	0.005380422	0.09236	0.022
0.04746286	0.005665155	0.10125	0.0195
0.08807772	0.008689571	0.116127777778	0.0196222222222
0.05386889	0.006609074	0.0945722222222	0.0203777777778
0.06428708	0.006821914	0.104466666667	0.0193333333333
0.05787042	0.006078194	0.120155555556	0.0201444444444
0.05348295	0.00627679	0.1056	0.0193
0.05665362	0.01074813	0.0930666666667	0.0224333333333
0.06742646	0.004577083	0.0996555555556	0.0236444444444
0.06029359	0.01243226	0.104657777778	0.0193222222222
0.05882652	0.006590666	0.0965722222222	0.0232777777778
0.07627362	0.006965681	0.120313333333	0.0201666666667
0.03579734	0.004718425	0.09717	0.0199
0.06175179	0.01293423	0.10272	0.0194
0.04506612	0.01021253	0.0923277777778	0.0212222222222
0.04605545	0.007657264	0.107953333333	0.0192666666667
0.07548131	0.006790283	0.1187	0.0199
0.05105373	0.01055237	0.117487777778	0.0235222222222
0.05521753	0.005205546	0.0939077777778	0.0205222222222
0.05396106	0.01105751	0.114522222222	0.0194777777778
0.0460136	0.005304933	0.0981333333333	0.0197666666667
0.04388207	0.009029912	0.0961255555556	0.0200444444444
0.05933147	0.0106274	0.0921844444444	0.0219555555556
0.04499198	0.008883318	0.0953011111111	0.0201888888889
0.05896672	0.008449432	0.109333333333	0.0192666666667
0.05985247	0.01282239	0.0981644444444	0.0197555555556
0.06548292	0.006565603	0.123531111111	0.0220888888889
0.05760894	0.009864554	0.0929833333333	0.0224666666667
0.07512048	0.008082631	0.119086666667	0.0233333333333
0.05457942	0.005699454	0.0973355555556	0.0198444444444
0.02488774	0.01365318	0.101328888889	0.0238111111111
0.05423012	0.005256432	0.1007	0.0195
0.06119998	0.007665559	0.112595555556	0.0193444444444
0.04963764	0.007374752	0.09326	0.0226
0.06243964	0.005732105	0.0920844444444	0.0212555555556
0.06392031	0.006937155	0.10423	0.0193
0.05740676	0.009795465	0.0922355555556	0.0221444444444
0.07127334	0.005352718	0.121728888889	0.0204111111111
0.04803498	0.01127908	0.0919244444444	0.0218555555556
0.06107327	0.005567853	0.114366666667	0.0194333333333
0.04581252	0.0114135	0.0984611111111	0.0196888888889
0.05739238	0.007478259	0.0938111111111	0.0227888888889
0.03774162	0.01346417	0.118922222222	0.0198777777778
0.05589285	0.007922185	0.0948777777778	0.0202222222222
0.0586688	0.01373606	0.109835555556	0.0192444444444
0.06078798	0.007620301	0.0921888888889	0.0211111111111
0.06309657	0.006673335	0.11752	0.0197
0.07212424	0.005789122	0.117451111111	0.0196888888889
0.04564852	0.00901895	0.119722222222	0.0232777777778
0.07738711	0.008198748	0.120556666667	0.0201333333333
0.06459025	0.008411849	0.120262222222	0.0200777777778
0.05489084	0.006674406	0.101437777778	0.0194222222222
0.05663691	0.01013473	0.10378	0.0193
0.05796596	0.005900968	0.100077777778	0.0195222222222
0.0626603	0.01217771	0.0929166666667	0.0225333333333
0.08430566	0.006228389	0.114837777778	0.0238222222222
0.06311226	0.006843115	0.124067777778	0.0218222222222
0.0515997	0.007136475	0.09486	0.0202
0.05614275	0.009908194	0.0941444444444	0.0203555555556
0.08235132	0.006482271	0.123226666667	0.0208333333333
0.07528437	0.01519191	0.123594444444	0.0222555555556
0.02665527	0.01304632	0.0976488888889	0.0235111111111
0.05850892	0.005679166	0.0916844444444	0.0216555555556
0.04696575	0.01327819	0.0922622222222	0.0222777777778
0.04680342	0.01015144	0.0951366666667	0.0201333333333
0.05646774	0.006782162	0.0998777777778	0.0195222222222
0.07325068	0.006966514	0.120294444444	0.0200555555556
0.04292492	0.006351473	0.0942155555556	0.0229444444444
0.05865456	0.01109348	0.0988588888889	0.0196111111111
0.06795072	0.007062861	0.1077	0.0192
0.06939966	0.007391457	0.106148888889	0.0192111111111
0.07737198	0.007492274	0.122165555556	0.0204444444444
0.08118246	0.006316431	0.119764444444	0.0199555555556
0.07475978	0.006857008	0.123877777778	0.0211222222222
0.07626193	0.01256168	0.123125555556	0.0207444444444
0.04349524	0.008286289	0.104946666667	0.0192333333333
0.06565088	0.005383232	0.0973022222222	0.0197777777778
0.05420978	0.006690429	0.104505555556	0.0192444444444
0.0441413	0.007099534	0.113446666667	0.0193333333333
0.0538768	0.01549202	0.118216666667	0.0197333333333
0.05868866	0.01225345	0.0919433333333	0.0221666666667
0.06138497	0.004441732	0.104255555556	0.0192444444444
0.0560523	0.007707673	0.0917822222222	0.0220777777778
0.05357146	0.004636008	0.0948044444444	0.0201555555556
0.05886136	0.005707971	0.108402222222	0.0191777777778
0.05802908	0.005836072	0.0975755555556	0.0235444444444
0.06311294	0.005949567	0.107162222222	0.0191777777778
0.02109987	0.007033937	0.0933522222222	0.0227777777778
0.05452805	0.004661868	0.11041	0.0192
0.06327908	0.006587316	0.104908888889	0.0192111111111
0.05508739	0.007548051	0.0929422222222	0.0226777777778
0.0551711	0.007725332	0.0966777777778	0.0198222222222
0.04125951	0.009001127	0.0933688888889	0.0228111111111
0.06158523	0.0085545	0.114384444444	0.0193555555556
0.05767738	0.006358875	0.107084444444	0.0191555555556
0.06775807	0.01193644	0.124464444444	0.0213555555556
0.05701156	0.008207088	0.112047777778	0.0192222222222
0.07733738	0.007151481	0.115716666667	0.0194333333333
0.06102338	0.007013917	0.0935222222222	0.0203777777778
0.04289167	0.00852485	0.09662	0.0198
0.05854624	0.00815121	0.119608888889	0.0234111111111
0.04105516	0.009511167	0.0942533333333	0.0230666666667
0.05303195	0.006710184	0.113223333333	0.0192666666667
0.05155822	0.007239111	0.0928877777778	0.0227222222222
0.06690555	0.005568081	0.119644444444	0.0198555555556
0.04635583	0.007174496	0.0930622222222	0.0227777777778
0.06144886	0.006257691	0.105293333333	0.0191666666667
0.05268418	0.008907146	0.122688888889	0.0228111111111
0.07157874	0.008460163	0.113792222222	0.0239777777778
0.08039609	0.004425444	0.124144444444	0.0222555555556
0.05252302	0.006356089	0.0957488888889	0.0199111111111
0.06221565	0.01264902	0.10078	0.0239
0.05713526	0.01483158	0.0922666666667	0.0225333333333
0.0654645	0.007663723	0.109326666667	0.0241333333333
0.07271086	0.006114502	0.120974444444	0.0200555555556
0.06265518	0.004655768	0.115925555556	0.0238444444444
0.05591815	0.007888733	0.0918622222222	0.0208777777778
0.06083758	0.005221676	0.0948044444444	0.0200555555556
0.05446152	0.00510074	0.0911611111111	0.0213888888889
0.0534481	0.009359515	0.0931744444444	0.0228555555556
0.04694294	0.01330141	0.0923955555556	0.0206444444444
0.05971357	0.009811115	0.0932622222222	0.0203777777778
0.05562212	0.01124017	0.106148888889	0.0191111111111
0.07107206	0.01272379	0.0924933333333	0.0205666666667
0.07534973	0.004166506	0.116168888889	0.0194111111111
0.07337177	0.006453187	0.124867777778	0.0214222222222
0.04989449	0.007686043	0.0909433333333	0.0214666666667
0.07932117	0.005296985	0.116942222222	0.0194777777778
0.07053932	0.008275597	0.0936355555556	0.0202444444444
0.04898638	0.01406472	0.105075555556	0.0241444444444
0.05239836	0.007349739	0.102206666667	0.0240333333333
0.04961771	0.005756805	0.0914977777778	0.0223222222222
0.04252516	0.01518802	0.104967777778	0.0191222222222
0.05826205	0.004675633	0.100103333333	0.0193666666667
0.05578975	0.007339954	0.0920333333333	0.0225666666667
0.05686182	0.006992996	0.106552222222	0.0241777777778
0.06735437	0.005491095	0.114691111111	0.0192888888889
0.05745234	0.006789221	0.09136	0.021
0.05204526	0.006331813	0.124851111111	0.0212888888889
0.05904001	0.006243841	0.0917711111111	0.0207888888889
0.06104385	0.005544316	0.10553	0.0191
0.05385172	0.008626902	0.102851111111	0.0191888888889
0.06176	0.006931311	0.111357777778	0.0191222222222
0.05997793	0.01192308	0.117756666667	0.0195333333333
0.05008866	0.006401981	0.0919088888889	0.0207111111111
0.04150048	0.01361205	0.0951277777778	0.0199222222222
0.05858847	0.009704996	0.111776666667	0.0241333333333
0.0623001	0.005955256	0.0998433333333	0.0193666666667
0.06515296	0.01342585	0.0974522222222	0.0236777777778
0.04341614	0.01205575	0.09318	0.0203
0.06197282	0.008161459	0.118578888889	0.0196111111111
0.07307089	0.007336005	0.110242222222	0.0190777777778
0.08044923	0.006784939	0.1201	0.0198
0.07612282	0.007527251	0.122415555556	0.0230444444444
0.06721862	0.007594817	0.114376666667	0.0192333333333
0.07751041	0.01098362	0.120427777778	0.0234222222222
0.08054811	0.007354506	0.116915555556	0.0238444444444
0.05143804	0.007821008	0.105463333333	0.0190666666667
0.05748745	0.0104392	0.106895555556	0.0190444444444
0.08023815	0.01289705	0.123936666667	0.0206333333333
0.07166085	0.009188601	0.118146666667	0.0237333333333
0.06356055	0.006615941	0.125142222222	0.0212777777778
0.04953931	0.008277615	0.0942577777778	0.0200222222222
0.06588579	0.007809844	0.114815555556	0.0192444444444
0.08002332	0.009112701	0.122733333333	0.0202666666667
0.05335875	0.01549449	0.124266666667	0.0207333333333
0.06410854	0.005745173	0.11091	0.0242
0.05659969	0.01338338	0.0919	0.0206
0.05932125	0.01023163	0.114746666667	0.0192333333333
0.04753822	0.01007075	0.119552222222	0.0235777777778
0.05134267	0.007719297	0.0974555555556	0.0195444444444
0.01653122	0.008552104	0.0957944444444	0.0197555555556
0.06031466	0.005605059	0.0964333333333	0.0196666666667
0.04895448	0.008735486	0.107037777778	0.0190222222222
0.04959339	0.006302373	0.0919877777778	0.0227222222222
0.06976935	0.009815995	0.113126666667	0.0241333333333
0.04237094	0.0129762	0.101811111111	0.0240888888889
0.05314042	0.008077132	0.10138	0.0192
0.05372962	0.009841826	0.105466666667	0.0190333333333
0.05602331	0.005901154	0.117051111111	0.0193888888889
0.0512287	0.005290593	0.0907777777778	0.0222222222222
0.04622777	0.008239146	0.123257777778	0.0229222222222
0.05427337	0.007289393	0.0904377777778	0.0213222222222
0.07121884	0.00692874	0.117121111111	0.0193888888889
0.0636516	0.009958545	0.0906822222222	0.0221777777778
0.04129384	0.008071752	0.0922577777778	0.0204222222222
0.04913828	0.00625918	0.0926177777778	0.0203222222222
0.05693581	0.006276998	0.125172222222	0.0221777777778
0.08148617	0.005948705	0.1206	0.0198
0.05338446	0.01011881	0.100415555556	0.0192444444444
0.05854582	0.007153664	0.120688888889	0.0198111111111
0.05742157	0.008162718	0.124984444444	0.0209555555556
0.05952904	0.005833374	0.104475555556	0.0190444444444
0.07333161	0.01067983	0.120492222222	0.0197777777778
0.07278174	0.006042551	0.105568888889	0.0190111111111
0.05393657	0.0100628	0.0902077777778	0.0216222222222
0.0416314	0.009233549	0.0903233333333	0.0219666666667
0.05523156	0.01377826	0.0941844444444	0.0199555555556
0.06540813	0.008571121	0.106611111111	0.0189888888889
0.06127351	0.004814977	0.111466666667	0.0190333333333
0.070352	0.009460115	0.125056666667	0.0209333333333
0.05951838	0.006871827	0.09102	0.0208
0.05854689	0.005719394	0.0922222222222	0.0203777777778
0.06310119	0.006041471	0.124074444444	0.0227555555556
0.06876299	0.007397651	0.111437777778	0.0190222222222
0.05431443	0.01062419	0.0973411111111	0.0194888888889
0.07066677	0.006263019	0.120928888889	0.0198111111111
0.06097874	0.008227353	0.106973333333	0.0189666666667
0.06069307	0.007054941	0.109053333333	0.0189666666667
0.04093937	0.01001331	0.0996133333333	0.0192666666667
0.05220314	0.01307419	0.0941166666667	0.0233333333333
0.05879486	0.00553394	0.0900777777778	0.0214222222222
0.05929245	0.005492958	0.0945244444444	0.0198555555556
0.044392	0.005870006	0.100782222222	0.0191777777778
0.0624779	0.006270354	0.108224444444	0.0189555555556
0.04361866	0.005796151	0.0940666666667	0.0233333333333
0.07183723	0.006478646	0.124575555556	0.0206444444444
0.05980672	0.01619589	0.0969644444444	0.0237555555556
0.04287868	0.005748272	0.0908177777778	0.0208222222222
0.0584611	0.007532835	0.100702222222	0.0191777777778
0.06618186	0.009620627	0.09829	0.0239
0.05056906	0.00724464	0.0940577777778	0.0199222222222
0.05405062	0.005849042	0.120774444444	0.0197555555556
0.03773625	0.0182807	0.114737777778	0.0241222222222
0.06540755	0.006112896	0.0899733333333	0.0218666666667
0.05668892	0.003397342	0.0904777777778	0.0223222222222
0.08323962	0.008638122	0.109277777778	0.0243222222222
0.06685301	0.005765261	0.100442222222	0.0191777777778
0.05011614	0.005871118	0.0899133333333	0.0218666666667
0.05472132	0.01338435	0.107516666667	0.0243333333333
0.05647579	0.01509126	0.123756666667	0.0229333333333
0.05907806	0.007691905	0.122712222222	0.0200777777778
0.05314673	0.01059401	0.0931733333333	0.0200666666667
0.0454751	0.009326155	0.102946666667	0.0190333333333
0.06735902	0.009167583	0.11708	0.0193
0.06120656	0.005083393	0.0898144444444	0.0215555555556
0.04983361	0.007509997	0.122087777778	0.0233222222222
0.07388222	0.005109751	0.117764444444	0.0193555555556
0.05185019	0.006105006	0.124555555556	0.0205444444444
0.05292038	0.008042275	0.104463333333	0.0189666666667
0.07386589	0.009674293	0.111761111111	0.0242888888889
0.07776554	0.006676028	0.117747777778	0.0239222222222
0.04183778	0.007032559	0.120733333333	0.0235666666667
0.06339197	0.009856573	0.123916666667	0.0229333333333
0.04430463	0.0084298	0.0908422222222	0.0206777777778
0.05992197	0.01211231	0.123782222222	0.0229777777778
0.07492508	0.005536381	0.126055555556	0.0213444444444
0.04995664	0.01374115	0.102366666667	0.0190333333333
0.05842078	0.008283647	0.0922855555556	0.0230444444444
0.07165332	0.005893745	0.11843	0.0194
0.06440029	0.01295855	0.122275555556	0.0199444444444
0.05348507	0.01026011	0.0923822222222	0.0230777777778
0.05530975	0.008296947	0.117351111111	0.0192888888889
0.06484285	0.009448791	0.104966666667	0.0243333333333
0.08197511	0.006698002	0.121962222222	0.0198777777778
0.06736843	0.01244778	0.118654444444	0.0238555555556
0.04228993	0.009036044	0.10948	0.0189
0.04764203	0.008235684	0.107912222222	0.0243777777778
0.07669409	0.006749086	0.107871111111	0.0188888888889
0.06716987	0.008179053	0.108471111111	0.0188888888889
0.07436312	0.007718974	0.125904444444	0.0210555555556
0.05200387	0.006281218	0.12538	0.0225
0.0668825	0.01042678	0.109973333333	0.0243666666667
0.04461064	0.009534778	0.103975555556	0.0189444444444
0.06950306	0.006902693	0.121315555556	0.0197444444444
0.04999325	0.007881187	0.0926133333333	0.0231666666667
0.07825999	0.01318571	0.119925555556	0.0195444444444
0.05115131	0.008408403	0.11958	0.0195
0.0590476	0.007217007	0.0901933333333	0.0208666666667
0.04533092	0.01058208	0.0895666666667	0.0213333333333
0.04720473	0.006918665	0.09054	0.0207
0.05707278	0.007556335	0.09118	0.0228
0.06703102	0.006049742	0.109971111111	0.0188888888889
0.04916653	0.007014997	0.109252222222	0.0188777777778
0.05296471	0.005303808	0.0896733333333	0.0211666666667
0.07233219	0.009403244	0.105411111111	0.0188888888889
0.03184991	0.006682607	0.0929611111111	0.0199888888889
0.07295007	0.01044515	0.123966666667	0.0230333333333
0.06298349	0.007937505	0.107178888889	0.0244111111111
0.05232798	0.01333957	0.1099	0.0244
0.06884222	0.003513894	0.109294444444	0.0188555555556
0.05668929	0.00711718	0.0892844444444	0.0215555555556
0.04821036	0.007614901	0.0931955555556	0.0233444444444
0.03430483	0.007077377	0.105062222222	0.0188777777778
0.05855727	0.008361747	0.0978111111111	0.0192888888889
0.07234382	0.006288344	0.11162	0.0189
0.06407628	0.009749853	0.101558888889	0.0190111111111
0.05611453	0.007346059	0.0894355555556	0.0212444444444
0.05329458	0.007196882	0.0928411111111	0.0199888888889
0.02937524	0.01317181	0.0895133333333	0.0211666666667
0.03257938	0.00907004	0.09164	0.023
0.07096745	0.009439999	0.126362222222	0.0211777777778
0.06138932	0.005143126	0.106745555556	0.0188444444444
0.05463441	0.004884965	0.100855555556	0.0190444444444
0.06708414	0.006485287	0.0953944444444	0.0195555555556
0.05858098	0.0129399	0.111571111111	0.0188888888889
0.0589385	0.00637831	0.11193	0.0189
0.05547651	0.008518084	0.108356666667	0.0188333333333
0.08823594	0.008401137	0.125426666667	0.0206333333333
0.07206431	0.008967645	0.0891611111111	0.0216888888889
0.05749516	0.01110184	0.113972222222	0.0189777777778
0.0588214	0.005504855	0.123151111111	0.0199888888889
0.06018723	0.006736876	0.100615555556	0.0190444444444
0.05816736	0.009885879	0.100263333333	0.0190666666667
0.08314405	0.008444902	0.115066666667	0.0190333333333
0.0370354	0.01443436	0.0893144444444	0.0220555555556
0.05080569	0.005921884	0.0957211111111	0.0194888888889
0.05018032	0.005670008	0.0917	0.0202
0.07044503	0.006664038	0.11742	0.0192
0.07001611	0.006964923	0.126613333333	0.0212666666667
0.04597272	0.007396975	0.0951688888889	0.0237111111111
0.07469977	0.007115049	0.121433333333	0.0196666666667
0.07104633	0.006539006	0.120911111111	0.0195888888889
