root_height	pop_size	pi_net	pi_within
0.04116519	0.001922615	0.0941777777778	0.00322222222222
0.05328508	0.001572321	0.0940888888889	0.00321111111111
0.05354895	0.002418206	0.0940777777778	0.00322222222222
0.04807459	0.001685878	0.0940111111111	0.00318888888889
0.0378661	0.004312292	0.0939888888889	0.00321111111111
0.04969776	0.0009523484	0.0941555555556	0.00314444444444
0.06069167	0.003008642	0.0948888888889	0.00321111111111
0.0450239	0.002098188	0.0949111111111	0.00318888888889
0.05247068	0.002575296	0.0937444444444	0.00325555555556
0.04257676	0.002695648	0.0941	0.0031
0.0370649	0.003924722	0.0935888888889	0.00321111111111
0.05356764	0.003100437	0.0950111111111	0.00318888888889
0.05449947	0.002266002	0.0938888888889	0.00311111111111
0.05325183	0.002189805	0.0935333333333	0.00316666666667
0.05094554	0.002117164	0.0935555555556	0.00314444444444
0.05446086	0.002678674	0.0939777777778	0.00332222222222
0.04714739	0.00293362	0.0950222222222	0.00327777777778
0.04949693	0.0019178	0.0943555555556	0.00334444444444
0.04399175	0.003804185	0.0934888888889	0.00311111111111
0.05342716	0.003506678	0.0934888888889	0.00311111111111
0.0600267	0.002235863	0.0951111111111	0.00328888888889
0.04834589	0.002083093	0.0947666666667	0.00333333333333
0.04263967	0.001264686	0.0941555555556	0.00304444444444
0.04201877	0.003834627	0.0938444444444	0.00305555555556
0.05462277	0.001809344	0.0935111111111	0.00308888888889
0.0452592	0.003186873	0.0939444444444	0.00335555555556
0.04934196	0.002600917	0.0939444444444	0.00335555555556
0.06202609	0.002098002	0.0953444444444	0.00325555555556
0.02945748	0.002447193	0.0936333333333	0.00306666666667
0.05594436	0.002163058	0.0932777777778	0.00312222222222
0.05176537	0.002620895	0.0951888888889	0.00331111111111
0.05198193	0.002165079	0.0936555555556	0.00334444444444
0.05502312	0.00386771	0.0939666666667	0.00303333333333
0.04211877	0.002126877	0.0933888888889	0.00331111111111
0.04267843	0.004170934	0.0954444444444	0.00315555555556
0.0502438	0.001954332	0.0934222222222	0.00307777777778
0.05924573	0.003385556	0.0951777777778	0.00332222222222
0.04617253	0.001084227	0.0944777777778	0.00302222222222
0.05372552	0.002029353	0.0954444444444	0.00325555555556
0.05371483	0.002441617	0.0945122222222	0.00337777777778
0.04780489	0.00294044	0.0947666666667	0.00303333333333
0.04903335	0.00181667	0.0931777777778	0.00312222222222
0.0448372	0.001901907	0.0934333333333	0.00306666666667
0.05966214	0.002430264	0.0943111111111	0.00338888888889
0.0438318	0.00315145	0.0932	0.0031
0.05258998	0.001278563	0.0954	0.0033
0.04735218	0.001739275	0.0954	0.0033
0.05298	0.003028303	0.0939111111111	0.00338888888889
0.04721271	0.002514487	0.0934555555556	0.00304444444444
0.0523538	0.001932869	0.0951444444444	0.00335555555556
0.04751664	0.001747141	0.09449	0.0034
0.04995923	0.00224496	0.0933444444444	0.00305555555556
0.05735608	0.002368054	0.0954888888889	0.00331111111111
0.04295346	0.002042796	0.0929977777778	0.00312222222222
0.05456775	0.00289261	0.0934333333333	0.00336666666667
0.0527181	0.001974029	0.0944111111111	0.00298888888889
0.04111643	0.00217445	0.0933666666667	0.00303333333333
0.04658427	0.002488951	0.0951111111111	0.00338888888889
0.04090984	0.002927924	0.0957555555556	0.00314444444444
0.03864871	0.002708991	0.0930222222222	0.00307777777778
0.05103623	0.002988039	0.0946222222222	0.00297777777778
0.05236258	0.001389039	0.0948777777778	0.00342222222222
0.05255266	0.001259551	0.0951111111111	0.00298888888889
0.06348814	0.002422368	0.0956666666667	0.00333333333333
0.05335065	0.003506923	0.0942444444444	0.00295555555556
0.04826521	0.003411541	0.0943555555556	0.00344444444444
0.05531514	0.002926081	0.0950777777778	0.00342222222222
0.05986637	0.002795171	0.09328	0.0034
0.0450753	0.00318373	0.0925888888889	0.00321111111111
0.04824738	0.001567673	0.0941555555556	0.00294444444444
0.04531571	0.003743081	0.0926888888889	0.00311111111111
0.0513743	0.002214067	0.0948444444444	0.00295555555556
0.04882116	0.003857995	0.0951777777778	0.00342222222222
0.04619854	0.001867195	0.0951777777778	0.00342222222222
0.04958485	0.003233973	0.0946444444444	0.00345555555556
0.05356738	0.002341795	0.0960444444444	0.00315555555556
0.0431822	0.004126268	0.0934233333333	0.00296666666667
0.05863196	0.002357818	0.0925	0.0032
0.05281745	0.001384714	0.0960666666667	0.00313333333333
0.04781578	0.002826031	0.0947333333333	0.00346666666667
0.04676884	0.003051444	0.0957222222222	0.00337777777778
0.05654776	0.003042015	0.0937666666667	0.00293333333333
0.05389555	0.002350175	0.0927555555556	0.00304444444444
0.04604798	0.00248467	0.0940222222222	0.00347777777778
0.04365142	0.002411045	0.0951444444444	0.00345555555556
0.0498474	0.002037811	0.0930111111111	0.00298888888889
0.06235193	0.00199015	0.0961666666667	0.00313333333333
0.0499819	0.0020352	0.0924222222222	0.00327777777778
0.05365182	0.00240321	0.0930222222222	0.00297777777778
0.05422061	0.001739715	0.0946888888889	0.00291111111111
0.04607415	0.00474451	0.0927222222222	0.00337777777778
0.05376174	0.003495476	0.0949777777778	0.00292222222222
0.04887422	0.001973432	0.0955333333333	0.00296666666667
0.05611161	0.00317184	0.0962222222222	0.00327777777778
0.05833156	0.001497886	0.0933666666667	0.00293333333333
0.05468741	0.002660064	0.0924	0.0031
0.05082872	0.002180641	0.0924666666667	0.00333333333333
0.04784848	0.002114186	0.0925444444444	0.00335555555556
0.04480269	0.003440053	0.0930555555556	0.00344444444444
0.05092238	0.002477582	0.0962888888889	0.00311111111111
0.04719487	0.003543833	0.0959	0.0034
0.06002145	0.002322586	0.0951111111111	0.00348888888889
0.03993132	0.00348617	0.0926111111111	0.00338888888889
0.05422784	0.001684546	0.0939111111111	0.00288888888889
0.06248426	0.00214118	0.0928666666667	0.00343333333333
0.05410344	0.003406866	0.0936	0.0035
0.05864216	0.002820397	0.0924444444444	0.00335555555556
0.04802562	0.001573387	0.0934111111111	0.00348888888889
0.05355517	0.002790413	0.0944222222222	0.00287777777778
0.05076285	0.003178664	0.0924333333333	0.00336666666667
0.05069305	0.001327873	0.0958666666667	0.00343333333333
0.0471451	0.003429566	0.0932111111111	0.00348888888889
0.05180659	0.003434284	0.0943333333333	0.00286666666667
0.04554816	0.003852922	0.0959777777778	0.00342222222222
0.04866368	0.003264775	0.0936222222222	0.00287777777778
0.04384172	0.002620616	0.0964888888889	0.00311111111111
0.05764782	0.002302379	0.0920444444444	0.00315555555556
0.04793108	0.002639736	0.0921666666667	0.00333333333333
0.04996862	0.002752712	0.09314	0.0029
0.05212189	0.002772501	0.0920377777778	0.00312222222222
0.04149046	0.003508659	0.0919777777778	0.00322222222222
0.05527309	0.002482651	0.0959555555556	0.00344444444444
0.04322642	0.002659955	0.0933777777778	0.00352222222222
0.0483444	0.002279876	0.0956888888889	0.00291111111111
0.05396147	0.001504095	0.0951333333333	0.00286666666667
0.04687376	0.001962813	0.0964444444444	0.00335555555556
0.04257912	0.001740363	0.0922222222222	0.00337777777778
0.0434817	0.002276737	0.0954888888889	0.00351111111111
0.04835845	0.003538839	0.0954888888889	0.00351111111111
0.05248755	0.003046531	0.0959333333333	0.00346666666667
0.05019332	0.001883936	0.0924333333333	0.00296666666667
0.05218707	0.001132039	0.0966777777778	0.00312222222222
0.05322349	0.002914101	0.0957	0.0029
0.03979743	0.002630086	0.0919777777778	0.00332222222222
0.04042019	0.002059222	0.0967444444444	0.00325555555556
0.04143584	0.003057151	0.0918444444444	0.00315555555556
0.04235101	0.002307104	0.0939666666667	0.00283333333333
0.04875064	0.003328719	0.09284	0.0035
0.04766512	0.00288144	0.0964	0.0034
0.04713338	0.002651334	0.0947666666667	0.00283333333333
0.05179711	0.0008786487	0.0918	0.0032
0.0506648	0.001336783	0.0966888888889	0.00331111111111
0.04819482	0.001844173	0.0918888888889	0.00331111111111
0.05335193	0.002076819	0.0951444444444	0.00355555555556
0.05096964	0.002390527	0.0953355555556	0.00354444444444
0.05555022	0.001725267	0.0951555555556	0.00284444444444
0.05428933	0.002417293	0.0949333333333	0.00356666666667
0.04696842	0.002917897	0.0923444444444	0.00295555555556
0.05085516	0.002598602	0.0927	0.0029
0.05197687	0.005003044	0.0925222222222	0.00347777777778
0.03738542	0.005177999	0.0954555555556	0.00354444444444
0.0444664	0.003730694	0.0954555555556	0.00354444444444
0.04823472	0.001888429	0.0954555555556	0.00354444444444
0.04771308	0.003247799	0.0937777777778	0.00282222222222
0.05380181	0.006281309	0.0925888888889	0.00291111111111
0.04347395	0.002385667	0.0918666666667	0.00333333333333
0.04652776	0.003283044	0.0949222222222	0.00357777777778
0.0528595	0.003253945	0.0944111111111	0.00358888888889
0.04612955	0.001997589	0.0968111111111	0.00308888888889
0.05148066	0.003859808	0.0933666666667	0.00283333333333
0.04056841	0.001540053	0.0922444444444	0.00295555555556
0.04308692	0.002858001	0.0926	0.0035
0.03791629	0.002431672	0.096	0.0029
0.03548883	0.003758363	0.0925111111111	0.00348888888889
0.0582724	0.002537686	0.0952666666667	0.00283333333333
0.03854769	0.004379055	0.0952666666667	0.00283333333333
0.04963102	0.003477764	0.0917922222222	0.00307777777778
0.05370918	0.001925718	0.0950777777778	0.00282222222222
0.05911297	0.002573413	0.0961111111111	0.00348888888889
0.04641887	0.001653019	0.0962666666667	0.00293333333333
0.03932152	0.005702576	0.0916333333333	0.00316666666667
0.04187518	0.002689312	0.0926111111111	0.00288888888889
0.05049228	0.002556101	0.0930444444444	0.00355555555556
0.0357966	0.003133751	0.0968888888889	0.00331111111111
0.04861635	0.00269513	0.0964444444444	0.00295555555556
0.05326942	0.002704568	0.0959222222222	0.00287777777778
0.04164782	0.002798872	0.0918777777778	0.00302222222222
0.05975786	0.002765715	0.0947	0.0036
0.04690917	0.002091094	0.0958333333333	0.00286666666667
0.06097777	0.00288577	0.0927666666667	0.00353333333333
0.04867308	0.001729332	0.0949	0.0028
0.0461799	0.002177329	0.0970444444444	0.00315555555556
0.04969156	0.002304814	0.0970222222222	0.00327777777778
0.04497894	0.004262042	0.0916666666667	0.00333333333333
0.05086236	0.002535655	0.0968222222222	0.00337777777778
0.04137745	0.001878377	0.0917777777778	0.00302222222222
0.0422168	0.001482462	0.0915111111111	0.00318888888889
0.05090412	0.003181368	0.0921333333333	0.00346666666667
0.05116361	0.002575088	0.0966333333333	0.00296666666667
0.04771036	0.001808011	0.0961888888889	0.00351111111111
0.04562361	0.003844933	0.0927444444444	0.00355555555556
0.05258095	0.001871973	0.0963888888889	0.00291111111111
0.05346378	0.001137919	0.0931111111111	0.00358888888889
0.04479644	0.002541472	0.0923111111111	0.00288888888889
0.04972827	0.00232147	0.0932	0.0028
0.04140774	0.002336778	0.0949777777778	0.00362222222222
0.0380294	0.001932477	0.0946333333333	0.00276666666667
0.06150166	0.003494788	0.0939666666667	0.00363333333333
0.05562065	0.005164652	0.0952888888889	0.00361111111111
0.0512035	0.004036136	0.0965777777778	0.00292222222222
0.05255493	0.002836879	0.0961355555556	0.00354444444444
0.03836163	0.002645175	0.0948333333333	0.00276666666667
0.05973637	0.004576697	0.0958222222222	0.00357777777778
0.04672983	0.005336479	0.0932111111111	0.00278888888889
0.04824651	0.002451219	0.0914	0.0033
0.04871879	0.005653485	0.0921	0.0035
0.03948754	0.001498271	0.0915333333333	0.00336666666667
0.04364918	0.005176851	0.0946355555556	0.00364444444444
0.04845867	0.00189004	0.0968666666667	0.00343333333333
0.06288166	0.002039017	0.0968666666667	0.00343333333333
0.04889953	0.003997165	0.0924555555556	0.00284444444444
0.04469819	0.003522328	0.0916	0.003
0.06328412	0.003338739	0.097	0.0034
0.05113443	0.002243289	0.0968444444444	0.00295555555556
0.05663289	0.002783376	0.0948555555556	0.00364444444444
0.05275778	0.002294361	0.0959777777778	0.00282222222222
0.0437573	0.001481577	0.0966	0.0029
0.04548233	0.005136788	0.0945555555556	0.00274444444444
0.05007239	0.001905336	0.0912666666667	0.00313333333333
0.0495742	0.002434266	0.0962555555556	0.00284444444444
0.05536574	0.001674708	0.0972888888889	0.00331111111111
0.05709054	0.003642243	0.0938555555556	0.00274444444444
0.0500754	0.001845995	0.0973777777778	0.00322222222222
0.05573966	0.003860336	0.0947555555556	0.00274444444444
0.05075347	0.002755381	0.0965888888889	0.00351111111111
0.05394766	0.003827571	0.0920777777778	0.00352222222222
0.0520043	0.002318521	0.0918222222222	0.00347777777778
0.04263115	0.002414782	0.0912888888889	0.00331111111111
0.04311649	0.002902125	0.0941333333333	0.00366666666667
0.04948055	0.002626588	0.0946666666667	0.00273333333333
0.03874699	0.002532868	0.0957077777778	0.00362222222222
0.05514845	0.003920172	0.0951344444444	0.00365555555556
0.0471728	0.003547653	0.0928777777778	0.00362222222222
0.05794834	0.002505033	0.0911777777778	0.00312222222222
0.05036551	0.003264622	0.0913333333333	0.00336666666667
0.05268058	0.003819151	0.0912011111111	0.00308888888889
0.04853316	0.003455052	0.0933555555556	0.00274444444444
0.04468219	0.004216924	0.0936333333333	0.00366666666667
0.04847503	0.003184798	0.0915555555556	0.00344444444444
0.05036601	0.002688131	0.0974111111111	0.00308888888889
0.05068229	0.003111887	0.0913222222222	0.00337777777778
0.0560528	0.001675132	0.0969222222222	0.00347777777778
0.05641735	0.001752379	0.0950666666667	0.00273333333333
0.05117088	0.004001757	0.0939222222222	0.00367777777778
0.03713305	0.003490806	0.0919666666667	0.00353333333333
0.04298315	0.002382913	0.0930444444444	0.00275555555556
0.05659535	0.002696771	0.0972711111111	0.00338888888889
0.0520906	0.002701888	0.0951333333333	0.00366666666667
0.04272376	0.003264515	0.0972088888889	0.00341111111111
0.03759506	0.003226171	0.0928666666667	0.00363333333333
0.04795184	0.00405546	0.0925888888889	0.00361111111111
0.04735	0.001290091	0.0926777777778	0.00362222222222
0.05624578	0.003531073	0.0923111111111	0.00358888888889
0.04684225	0.003278565	0.0975777777778	0.00322222222222
0.04495721	0.003283192	0.0966455555556	0.00354444444444
0.04576521	0.002141029	0.0955555555556	0.00274444444444
0.04414839	0.003017205	0.0947711111111	0.00368888888889
0.03191474	0.003251651	0.0910133333333	0.00326666666667
0.05757124	0.002998478	0.0972333333333	0.00296666666667
0.05095901	0.001945138	0.0973111111111	0.00298888888889
0.05427598	0.002302039	0.0959333333333	0.00276666666667
0.04111758	0.002062555	0.0931333333333	0.00366666666667
0.05031005	0.002342045	0.0969111111111	0.00288888888889
0.05874289	0.002160924	0.0966444444444	0.00355555555556
0.04532753	0.003473475	0.0976377777778	0.00322222222222
0.04846886	0.002667325	0.0911777777778	0.00302222222222
0.04395911	0.002759343	0.0930333333333	0.00366666666667
0.05250459	0.001769199	0.0909444444444	0.00325555555556
0.05206861	0.003027057	0.0974	0.003
0.05176718	0.003651066	0.0938	0.0037
0.04589205	0.001613692	0.0954222222222	0.00367777777778
0.05363719	0.002328301	0.0961777777778	0.00362222222222
0.05287827	0.002629	0.0910444444444	0.00305555555556
0.04427759	0.001920494	0.0964	0.0036
0.05716527	0.003820004	0.0972444444444	0.00345555555556
0.05495512	0.001753903	0.0918555555556	0.00284444444444
0.04316287	0.003649831	0.0977111111111	0.00318888888889
0.04790694	0.002249415	0.0975555555556	0.00304444444444
0.04963625	0.00259011	0.0918444444444	0.00355555555556
0.05980168	0.002589262	0.0953211111111	0.00368888888889
0.0524598	0.00228896	0.0924666666667	0.00363333333333
0.04946266	0.002231547	0.0908666666667	0.00323333333333
0.05024144	0.0006292422	0.0969333333333	0.00286666666667
0.04792054	0.002668068	0.0977444444444	0.00325555555556
0.03702515	0.001625501	0.0934	0.0027
0.0514702	0.002077462	0.0921	0.0028
0.04723467	0.001542949	0.0909	0.0033
0.03615931	0.002390415	0.0919222222222	0.00357777777778
0.04224316	0.002035968	0.0909222222222	0.00307777777778
0.04496409	0.004172812	0.0976777777778	0.00332222222222
0.05325416	0.005095416	0.0971888888889	0.00291111111111
0.04661566	0.002479007	0.0962333333333	0.00276666666667
0.0497605	0.002464108	0.0917444444444	0.00355555555556
0.05182617	0.007974405	0.0927333333333	0.00366666666667
0.0482522	0.002710634	0.0927333333333	0.00366666666667
0.04471359	0.003137962	0.0914888888889	0.00351111111111
0.04833722	0.001348948	0.0950888888889	0.00371111111111
0.04706541	0.002940757	0.0946777777778	0.00372222222222
0.04756625	0.003114389	0.0908222222222	0.00327777777778
0.04808002	0.003162887	0.0928222222222	0.00367777777778
0.05681118	0.004370759	0.0926666666667	0.00273333333333
0.05382786	0.002522518	0.0966	0.0028
0.0489732	0.0025874	0.0919111111111	0.00358888888889
0.05119485	0.001898692	0.0933888888889	0.00371111111111
0.05142494	0.003668439	0.09759	0.003
0.05433509	0.001842477	0.0931	0.0037
0.05731792	0.004065724	0.0969444444444	0.00355555555556
0.05044452	0.003112539	0.0952888888889	0.00371111111111
0.06099391	0.002087411	0.0964777777778	0.00362222222222
0.05127224	0.002775692	0.0978555555556	0.00324444444444
0.05283867	0.004868993	0.0924444444444	0.00365555555556
0.04649823	0.002836455	0.0917777777778	0.00282222222222
0.0532385	0.005203601	0.0968222222222	0.00357777777778
0.03789057	0.002698045	0.0950777777778	0.00372222222222
0.0589246	0.003102059	0.0925333333333	0.00366666666667
0.05454063	0.001862248	0.0925333333333	0.00366666666667
0.04120224	0.003115115	0.0978111111111	0.00308888888889
0.05291476	0.002938628	0.0907333333333	0.00326666666667
0.04898798	0.0028109	0.0947333333333	0.00266666666667
0.04341782	0.002736343	0.0967	0.0028
0.05122642	0.002269657	0.0971777777778	0.00352222222222
0.04531066	0.002260099	0.0908777777778	0.00302222222222
0.04920905	0.001598757	0.0969666666667	0.00283333333333
0.05067333	0.002578563	0.0957	0.0037
0.05016703	0.002332881	0.0965777777778	0.00362222222222
0.05145833	0.002203343	0.0971733333333	0.00286666666667
0.05142727	0.002823055	0.0916822222222	0.00357777777778
0.05393247	0.002873159	0.0913111111111	0.00288888888889
0.05317542	0.002756761	0.0935666666667	0.00373333333333
0.04932015	0.002222799	0.0943444444444	0.00265555555556
0.04042415	0.00370212	0.0977	0.003
0.05047503	0.002290193	0.0967111111111	0.00278888888889
0.04949986	0.004163602	0.0906666666667	0.00313333333333
0.04527786	0.004189932	0.0907555555556	0.00334444444444
0.05255911	0.0024489	0.0907555555556	0.00334444444444
0.05715267	0.003075966	0.0978666666667	0.00333333333333
0.04896031	0.001884207	0.0963555555556	0.00274444444444
0.06051412	0.002150553	0.0924222222222	0.00367777777778
0.05926302	0.002439289	0.0976666666667	0.00343333333333
0.04371735	0.003099897	0.0941444444444	0.00375555555556
0.05607699	0.002959911	0.0945444444444	0.00375555555556
0.05138212	0.002069986	0.0940444444444	0.00375555555556
0.04986978	0.002040427	0.0964555555556	0.00274444444444
0.0604144	0.002317763	0.0939444444444	0.00375555555556
0.04584007	0.002043683	0.0978666666667	0.00303333333333
0.046427	0.005708309	0.0911888888889	0.00351111111111
0.05588749	0.004699382	0.0931666666667	0.00373333333333
0.05309136	0.002439565	0.0952555555556	0.00374444444444
0.04578508	0.004847545	0.0978777777778	0.00302222222222
0.04552974	0.00489849	0.0965444444444	0.00365555555556
0.04791161	0.005216452	0.0962111111111	0.00368888888889
0.05373899	0.003524098	0.0913444444444	0.00355555555556
0.0543203	0.004382993	0.0940666666667	0.00263333333333
0.05130021	0.001309408	0.0906444444444	0.00335555555556
0.05030597	0.002213612	0.0946333333333	0.00376666666667
0.03880874	0.001735332	0.0977444444444	0.00295555555556
0.04775427	0.002680961	0.0980777777778	0.00312222222222
0.04696363	0.002255103	0.0934444444444	0.00375555555556
0.05197218	0.002597036	0.0975888888889	0.00291111111111
0.04577922	0.001866543	0.0954444444444	0.00265555555556
0.04566251	0.004606806	0.0960111111111	0.00268888888889
0.05426486	0.003790531	0.0975111111111	0.00288888888889
0.05607589	0.002255452	0.0962888888889	0.00271111111111
0.0440347	0.002319753	0.0948666666667	0.00263333333333
0.05070399	0.002892512	0.0937333333333	0.00376666666667
0.0557933	0.003016375	0.0933555555556	0.00264444444444
0.04250366	0.002354397	0.0967555555556	0.00364444444444
0.03886271	0.002068376	0.0977333333333	0.00346666666667
0.0503446	0.00214096	0.0924888888889	0.00371111111111
0.06394153	0.002430302	0.0973555555556	0.00284444444444
0.04622225	0.004795399	0.0976611111111	0.00348888888889
0.06348936	0.001985031	0.0905444444444	0.00305555555556
0.05093597	0.003952911	0.0904222222222	0.00317777777778
0.05029388	0.00214483	0.0981111111111	0.00308888888889
0.04614475	0.003874613	0.0973233333333	0.00356666666667
0.05314876	0.002151794	0.0907444444444	0.00295555555556
0.05040357	0.002981647	0.0949222222222	0.00377777777778
0.05563006	0.002357336	0.0960777777778	0.00372222222222
0.05494773	0.001853942	0.0957555555556	0.00374444444444
0.04250405	0.0027114	0.0949777777778	0.00262222222222
0.04557491	0.002880044	0.0912333333333	0.00356666666667
0.05626572	0.002245914	0.0932666666667	0.00263333333333
0.04955231	0.001925545	0.0903666666667	0.00323333333333
0.05611649	0.004148457	0.0965111111111	0.00368888888889
0.05375394	0.002201625	0.0966222222222	0.00367777777778
0.0453534	0.002405696	0.0946111111111	0.00378888888889
0.05453052	0.001645528	0.0903888888889	0.00311111111111
0.0467153	0.002845649	0.0962888888889	0.00371111111111
0.05341976	0.003040065	0.0903777777778	0.00312222222222
0.05104266	0.00190101	0.0982	0.0033
0.04697134	0.003835979	0.0903666666667	0.00313333333333
0.04556695	0.00100392	0.0972888888889	0.00281111111111
0.04788585	0.002632478	0.0925666666667	0.00373333333333
0.04956079	0.002794999	0.0922888888889	0.00371111111111
0.04841419	0.001530894	0.0925333333333	0.00266666666667
0.04428077	0.004013945	0.0904555555556	0.00304444444444
0.04100029	0.00456711	0.0930666666667	0.00263333333333
0.04395398	0.001137397	0.0914111111111	0.00278888888889
0.05074384	0.001782909	0.0920111111111	0.00368888888889
0.04585873	0.001563016	0.0933022222222	0.00377777777778
0.04335846	0.004248645	0.0910355555556	0.00354444444444
0.04803362	0.00272833	0.0942	0.0038
0.05569692	0.003091393	0.0983222222222	0.00317777777778
0.03455506	0.002789425	0.0951511111111	0.00378888888889
0.05049523	0.003470593	0.0925444444444	0.00265555555556
0.04161118	0.003351924	0.0906666666667	0.00293333333333
0.05257013	0.002802218	0.0979333333333	0.00346666666667
0.04712354	0.002424691	0.0910666666667	0.00283333333333
0.0550562	0.002968265	0.0977888888889	0.00351111111111
0.04934293	0.005017317	0.0932911111111	0.00378888888889
0.05382962	0.002915702	0.0930222222222	0.00377777777778
0.05015929	0.001540166	0.0917777777778	0.00272222222222
0.06077862	0.00231521	0.0965111111111	0.00268888888889
0.05137659	0.002000892	0.0962666666667	0.00373333333333
0.05168912	0.002826525	0.095	0.0026
0.05264302	0.002269649	0.0932111111111	0.00378888888889
0.05435219	0.003683991	0.0921777777778	0.00372222222222
0.05175558	0.002399431	0.0944111111111	0.00258888888889
0.04071398	0.002767356	0.0908222222222	0.00287777777778
0.0512066	0.002914097	0.0944888888889	0.00381111111111
0.04563177	0.003311183	0.0974	0.0036
0.0448095	0.003994771	0.0979111111111	0.00348888888889
0.04245547	0.00205472	0.0911111111111	0.00358888888889
0.05203789	0.004624984	0.0947688888889	0.00381111111111
0.04692615	0.002508479	0.0902622222222	0.00307777777778
0.0426892	0.004560815	0.0909666666667	0.00283333333333
0.04915022	0.001528823	0.0958222222222	0.00377777777778
0.05321824	0.001232765	0.0942777777778	0.00382222222222
0.05433731	0.004913724	0.0906111111111	0.00348888888889
0.04814778	0.003692721	0.0909333333333	0.00356666666667
0.04751586	0.002665312	0.0906888888889	0.00351111111111
0.06330125	0.002192065	0.0951111111111	0.00258888888889
0.05115336	0.002293164	0.0902444444444	0.00305555555556
0.05373303	0.003482259	0.0917111111111	0.00368888888889
0.05642685	0.002913311	0.0921333333333	0.00266666666667
0.04403103	0.00232159	0.0964666666667	0.00373333333333
0.05394546	0.003858285	0.0958822222222	0.00377777777778
0.05034248	0.003581811	0.0901888888889	0.00331111111111
0.04908776	0.004457497	0.0984111111111	0.00308888888889
0.04217387	0.00178933	0.0939222222222	0.00257777777778
0.05841557	0.00294518	0.0977444444444	0.00355555555556
0.05480307	0.001584236	0.0984888888889	0.00321111111111
0.04502785	0.002752326	0.0984666666667	0.00313333333333
0.04029683	0.002865429	0.0902777777778	0.00302222222222
0.03449343	0.003627856	0.0902777777778	0.00302222222222
0.04895092	0.001981398	0.0933111111111	0.00258888888889
0.05002417	0.002919187	0.0965333333333	0.00266666666667
0.03966691	0.002427456	0.0961333333333	0.00376666666667
0.06420998	0.002783297	0.0936222222222	0.00257777777778
0.04782486	0.002747658	0.0956	0.0026
0.04998204	0.004916458	0.0956	0.0038
0.04033573	0.002971051	0.0903666666667	0.00343333333333
0.04324004	0.00357922	0.0950777777778	0.00382222222222
0.05859047	0.004483896	0.0969	0.0037
0.05339081	0.00344938	0.0913444444444	0.00365555555556
0.04444359	0.00223218	0.0963555555556	0.00264444444444
0.04887276	0.002510091	0.0903466666667	0.00343333333333
0.04491298	0.002095508	0.0946666666667	0.00383333333333
0.05630923	0.003576194	0.0977222222222	0.00357777777778
0.05691682	0.00151104	0.0905888888889	0.00351111111111
0.04925045	0.003256196	0.0904333333333	0.00346666666667
0.05008588	0.002344798	0.0903555555556	0.00344444444444
0.05663275	0.002258608	0.0962666666667	0.00263333333333
0.04802809	0.003547789	0.0909111111111	0.00358888888889
0.05379417	0.001375715	0.0925888888889	0.00261111111111
0.05070874	0.001638666	0.0903555555556	0.00294444444444
0.05021031	0.002929773	0.0953777777778	0.00382222222222
0.04975891	0.0028168	0.0913333333333	0.00366666666667
0.05448016	0.002150803	0.0967333333333	0.00266666666667
0.03872313	0.002939743	0.0980888888889	0.00351111111111
0.04613652	0.001687859	0.0939555555556	0.00384444444444
0.04442547	0.002173765	0.0966444444444	0.00265555555556
0.05357747	0.003288285	0.0938555555556	0.00384444444444
0.05904373	0.00172435	0.09	0.0031
0.05365896	0.001927946	0.0986444444444	0.00315555555556
0.04568845	0.001107742	0.0982733333333	0.00346666666667
0.04917284	0.002103415	0.0902333333333	0.00296666666667
0.04966601	0.004102538	0.0936555555556	0.00384444444444
0.05019122	0.0019056	0.0915	0.0037
0.0512584	0.001217438	0.0953666666667	0.00383333333333
0.04741646	0.001967518	0.0986666666667	0.00323333333333
0.05604617	0.003025018	0.0972111111111	0.00368888888889
0.05990146	0.001949553	0.0900444444444	0.00335555555556
0.0474316	0.003365986	0.0918555555556	0.00374444444444
0.0650549	0.002893341	0.0984588888889	0.00341111111111
0.04251904	0.003294034	0.0928777777778	0.00382222222222
0.0490588	0.001389021	0.0946444444444	0.00385555555556
0.04617727	0.004694889	0.0910555555556	0.00364444444444
0.05529694	0.003375769	0.0979122222222	0.00357777777778
0.04938506	0.003224089	0.0921777777778	0.00262222222222
0.04307609	0.002870698	0.0915111111111	0.00268888888889
0.0492417	0.002937772	0.0979222222222	0.00357777777778
0.04448203	0.00368841	0.0948444444444	0.00385555555556
0.05503207	0.004865487	0.0986333333333	0.00306666666667
0.05776553	0.001624406	0.0958222222222	0.00257777777778
0.05993443	0.003229664	0.0900222222222	0.00337777777778
0.04165643	0.003751679	0.0899	0.0033
0.05239079	0.003884459	0.0969666666667	0.00373333333333
0.05422967	0.00351664	0.0922111111111	0.00378888888889
0.0330346	0.004781458	0.0984555555556	0.00344444444444
0.04691349	0.001796999	0.0951555555556	0.00254444444444
0.05906262	0.003419783	0.0986122222222	0.00337777777778
0.0509342	0.002911064	0.0934155555556	0.00254444444444
0.04675954	0.004322288	0.0908833333333	0.00276666666667
0.04570447	0.003787697	0.0947333333333	0.00386666666667
0.04314203	0.003856283	0.0981444444444	0.00285555555556
0.05280352	0.0017486	0.0930555555556	0.00384444444444
0.06154536	0.002034657	0.0971222222222	0.00267777777778
0.05813462	0.003371556	0.0898688888889	0.00331111111111
0.05597267	0.003077816	0.0912111111111	0.00368888888889
0.0494847	0.001680777	0.0912111111111	0.00368888888889
0.04479493	0.00184343	0.0901666666667	0.00293333333333
0.05432047	0.003372536	0.0986	0.003
0.05694805	0.002774835	0.0898222222222	0.00327777777778
0.04228081	0.002610543	0.0932555555556	0.00254444444444
0.05336817	0.002478688	0.0976444444444	0.00365555555556
0.05005505	0.005672165	0.0897888888889	0.00311111111111
0.05473743	0.003813645	0.0913777777778	0.00372222222222
0.05525931	0.003139638	0.0972222222222	0.00267777777778
0.05064571	0.002136957	0.0897555555556	0.00314444444444
0.05297949	0.00228111	0.0915555555556	0.00374444444444
0.06140083	0.002211771	0.0930444444444	0.00385555555556
0.04525584	0.003378508	0.0903444444444	0.00285555555556
0.04583126	0.001598947	0.0927444444444	0.00255555555556
0.04155856	0.001827526	0.0897777777778	0.00332222222222
0.04667917	0.003226852	0.0906111111111	0.00278888888889
0.05581338	0.002537767	0.0897222222222	0.00327777777778
0.04609581	0.00154437	0.0954666666667	0.00253333333333
0.0461315	0.001727027	0.0983777777778	0.00352222222222
0.04972324	0.00585354	0.0981111111111	0.00358888888889
0.03922863	0.003638962	0.0959555555556	0.00384444444444
0.04584565	0.002887868	0.0938311111111	0.00388888888889
0.04263823	0.00335059	0.0900888888889	0.00291111111111
0.04744261	0.002724266	0.0985111111111	0.00348888888889
0.04442949	0.002888955	0.0910111111111	0.00368888888889
0.05332057	0.002652937	0.0913333333333	0.00266666666667
0.05032239	0.00216545	0.0897111111111	0.00308888888889
0.04021617	0.003326385	0.0958444444444	0.00385555555556
0.05605984	0.002115103	0.0963777777778	0.00382222222222
0.06751391	0.001575483	0.0956333333333	0.00386666666667
0.04747273	0.006055453	0.0964177777778	0.00382222222222
0.05066391	0.0052497	0.0962666666667	0.00383333333333
0.03230618	0.004641962	0.0962666666667	0.00383333333333
0.05249399	0.003029169	0.09878	0.0034
0.03947152	0.004821834	0.0919	0.0038
0.05005693	0.004317058	0.0989777777778	0.00322222222222
0.0492909	0.001945289	0.0926444444444	0.00385555555556
0.03914229	0.00469234	0.0901733333333	0.00286666666667
0.04211611	0.002961127	0.0913444444444	0.00265555555556
0.05269155	0.001755579	0.0985111111111	0.00288888888889
0.04530718	0.001505469	0.0907255555556	0.00274444444444
0.04656234	0.002709087	0.0939	0.0039
0.05970799	0.002631385	0.0984777777778	0.00352222222222
0.04235114	0.002892059	0.0899777777778	0.00292222222222
0.04792827	0.003439364	0.0897611111111	0.00338888888889
0.05020276	0.001404269	0.0922333333333	0.00256666666667
0.05992722	0.002836776	0.0895666666667	0.00323333333333
0.05484021	0.002174301	0.0900777777778	0.00352222222222
0.04900706	0.00263067	0.0942111111111	0.00248888888889
0.03904773	0.001658042	0.0909888888889	0.00371111111111
0.03359651	0.004673664	0.0988222222222	0.00297777777778
0.04944998	0.002713019	0.0931111111111	0.00388888888889
0.04195228	0.002683254	0.0941111111111	0.00248888888889
0.04681857	0.003277384	0.0940111111111	0.00248888888889
0.04290902	0.001673406	0.0900111111111	0.00288888888889
0.05437604	0.002608403	0.0934	0.0025
0.05067126	0.001560294	0.0952	0.0025
0.04343855	0.003939197	0.0909	0.0027
0.0405412	0.003789114	0.0969	0.0038
0.04482714	0.001965135	0.0900666666667	0.00353333333333
0.05567047	0.00440453	0.0979333333333	0.00366666666667
0.05313213	0.00248823	0.0978111111111	0.00368888888889
0.05428857	0.002538442	0.0949888888889	0.00391111111111
0.04151086	0.002052996	0.0935888888889	0.00391111111111
0.05517141	0.00176039	0.0988777777778	0.00342222222222
0.04510497	0.003585729	0.0913333333333	0.00376666666667
0.04616606	0.002473052	0.0895666666667	0.00333333333333
0.04728931	0.001872908	0.0896888888889	0.00341111111111
0.04431195	0.002575325	0.0988666666667	0.00343333333333
0.06052014	0.002026901	0.0905555555556	0.00274444444444
0.04736753	0.002961638	0.0899777777778	0.00352222222222
0.04682795	0.002713199	0.0986222222222	0.00287777777778
0.04428432	0.001972561	0.0926222222222	0.00387777777778
0.04616703	0.001737672	0.0980555555556	0.00274444444444
0.05281741	0.002050127	0.0910333333333	0.00266666666667
0.05340371	0.00323447	0.0971111111111	0.00378888888889
0.04714455	0.001651987	0.0911955555556	0.00264444444444
0.04714203	0.001499616	0.0918222222222	0.00257777777778
0.05134391	0.001137563	0.0988444444444	0.00345555555556
0.05168185	0.002579871	0.0978888888889	0.00271111111111
0.05363186	0.004454145	0.0938222222222	0.00247777777778
0.04786451	0.002384495	0.0896111111111	0.00338888888889
0.04745688	0.001264991	0.0937777777778	0.00392222222222
0.05768781	0.00207138	0.0991566666667	0.00323333333333
0.05315192	0.001149048	0.0904444444444	0.00275555555556
0.05175654	0.003453579	0.0927111111111	0.00388888888889
0.04529829	0.001066604	0.0964444444444	0.00385555555556
0.04308887	0.002793091	0.0894333333333	0.00326666666667
0.05456997	0.002387108	0.0897777777778	0.00292222222222
0.04852029	0.004016626	0.0908777777778	0.00372222222222
0.05221377	0.002711476	0.0934777777778	0.00392222222222
0.05172235	0.00182066	0.0922666666667	0.00253333333333
0.04778997	0.004207131	0.0897333333333	0.00346666666667
0.05840844	0.002304721	0.0986666666667	0.00353333333333
0.0493083	0.003262017	0.0915888888889	0.00381111111111
0.04264691	0.004463631	0.0973222222222	0.00377777777778
0.04734098	0.002286844	0.0989777777778	0.00342222222222
0.0447092	0.003125572	0.0907	0.0037
0.0504849	0.001729852	0.0958	0.0025
0.05361609	0.004128158	0.0974333333333	0.00376666666667
0.04218943	0.004304043	0.0977777777778	0.00372222222222
0.05120858	0.002883076	0.0948666666667	0.00393333333333
0.03920396	0.004892465	0.0894	0.0033
0.04783306	0.003568392	0.0949333333333	0.00246666666667
0.05696365	0.001320869	0.0914	0.0026
0.05702141	0.00313543	0.0895111111111	0.00338888888889
0.0482638	0.002672188	0.0917333333333	0.00256666666667
0.04384371	0.001393675	0.0894555555556	0.00304444444444
0.04088294	0.006359598	0.0991444444444	0.00335555555556
0.04344866	0.004119825	0.0978888888889	0.00371111111111
0.04378542	0.003536654	0.0991922222222	0.00307777777778
0.05431427	0.002474284	0.0978222222222	0.00267777777778
0.05142668	0.003380392	0.0979111111111	0.00268888888889
0.04195554	0.0017347	0.0893111111111	0.00318888888889
0.04435634	0.004944262	0.0927888888889	0.00391111111111
0.04965268	0.004458856	0.0939555555556	0.00394444444444
0.0506235	0.002460902	0.0982555555556	0.00274444444444
0.03840249	0.002544572	0.0933666666667	0.00393333333333
0.06185422	0.002674706	0.0984222222222	0.00277777777778
0.05861414	0.002230288	0.0955777777778	0.00392222222222
0.05185091	0.004736223	0.0920333333333	0.00386666666667
0.03890993	0.001618756	0.0897777777778	0.00352222222222
0.04666737	0.002526262	0.0897777777778	0.00352222222222
0.04934218	0.00329279	0.0929777777778	0.00392222222222
0.04704232	0.001706997	0.0948555555556	0.00394444444444
0.05759982	0.003116367	0.0937155555556	0.00394444444444
0.04878859	0.002694136	0.0894222222222	0.00337777777778
0.04503816	0.00258015	0.0904888888889	0.00271111111111
0.04319116	0.002292519	0.0985111111111	0.00278888888889
0.05057269	0.002535032	0.0992444444444	0.00335555555556
0.04525769	0.003508806	0.0951555555556	0.00394444444444
0.0513681	0.001808961	0.0924	0.0025
0.04693196	0.003088746	0.0895666666667	0.00293333333333
0.06021918	0.001318204	0.0963888888889	0.00251111111111
0.05332191	0.00236967	0.0993111111111	0.00308888888889
0.06469239	0.003396528	0.0977444444444	0.00375555555556
0.04585401	0.003760528	0.0895777777778	0.00292222222222
0.06379084	0.002081931	0.0992	0.0034
0.04404155	0.00332564	0.0979877777778	0.00372222222222
0.05091733	0.001361105	0.0978444444444	0.00265555555556
0.06323301	0.002854875	0.0919977777778	0.00252222222222
0.04478026	0.00213145	0.0991777777778	0.00342222222222
0.04512016	0.003147675	0.0896777777778	0.00352222222222
0.04588454	0.002733389	0.0899111111111	0.00358888888889
0.05953048	0.004578672	0.0991444444444	0.00295555555556
0.04238599	0.001808855	0.0966777777778	0.00252222222222
0.0455624	0.002007237	0.0985266666667	0.00363333333333
0.049874	0.0009938366	0.0902777777778	0.00272222222222
0.05228974	0.001182033	0.0993777777778	0.00332222222222
0.0411928	0.00402779	0.0991555555556	0.00294444444444
0.05995909	0.002678119	0.0991555555556	0.00294444444444
0.05019203	0.001889244	0.0962888888889	0.00391111111111
0.05893274	0.002590828	0.0898022222222	0.00357777777778
0.05052608	0.00397263	0.0899777777778	0.00362222222222
0.05340583	0.003064324	0.0991222222222	0.00347777777778
0.0548867	0.00147448	0.0983111111111	0.00368888888889
0.0541244	0.003659802	0.0912222222222	0.00257777777778
0.04960997	0.002559431	0.0911111111111	0.00258888888889
0.04664851	0.003563762	0.0977777777778	0.00262222222222
0.04238484	0.003002195	0.0918888888889	0.00251111111111
0.05357491	0.002476806	0.0992666666667	0.00343333333333
0.05089481	0.001785441	0.0897888888889	0.00281111111111
0.04963105	0.000824771	0.0908888888889	0.00261111111111
0.05049884	0.001085815	0.0892222222222	0.00337777777778
0.05938566	0.002690579	0.0981777777778	0.00372222222222
0.05130431	0.006189469	0.0947777777778	0.00242222222222
0.04151954	0.00153326	0.0929555555556	0.00244444444444
0.05362818	0.003612316	0.0988	0.0036
0.05186928	0.002225449	0.0899333333333	0.00276666666667
0.04780161	0.002355877	0.0890911111111	0.00328888888889
0.04764251	0.005084754	0.0926555555556	0.00394444444444
0.04866158	0.002297644	0.0970666666667	0.00253333333333
0.03400787	0.003647419	0.0890666666667	0.00313333333333
0.05005443	0.002498962	0.0891777777778	0.00302222222222
0.05521389	0.004281032	0.0977	0.0038
0.06035951	0.004787157	0.0935222222222	0.00397777777778
0.05330779	0.001375204	0.0895333333333	0.00286666666667
0.05859932	0.00166851	0.0995555555556	0.00324444444444
0.0572869	0.004088493	0.0892666666667	0.00343333333333
0.04661843	0.002635916	0.0890355555556	0.00324444444444
0.04908151	0.002384996	0.0906333333333	0.00376666666667
0.04250452	0.004256072	0.0927444444444	0.00395555555556
0.04934994	0.00330984	0.0938111111111	0.00398888888889
0.05149846	0.003521165	0.0990444444444	0.00355555555556
0.04979372	0.004278152	0.0937111111111	0.00398888888889
0.04743669	0.00471809	0.0899444444444	0.00365555555556
0.0493475	0.005274895	0.0896222222222	0.00357777777778
0.05414127	0.001982179	0.0980333333333	0.00376666666667
0.04093486	0.003278618	0.0892555555556	0.00294444444444
0.0477974	0.001825938	0.0978888888889	0.00261111111111
0.05054389	0.001575899	0.0995777777778	0.00332222222222
0.05499057	0.003080355	0.0996	0.0031
0.05237126	0.003217074	0.0960444444444	0.00395555555556
0.0620468	0.001531104	0.0934111111111	0.00398888888889
0.04871788	0.002257591	0.0890444444444	0.00335555555556
0.05019766	0.004374637	0.094	0.004
0.04383547	0.002946812	0.0894555555556	0.00354444444444
0.04710888	0.002085262	0.0996555555556	0.00314444444444
0.04733616	0.00247686	0.0926666666667	0.00243333333333
0.05696042	0.001844225	0.0926666666667	0.00243333333333
0.04770881	0.003673199	0.0889333333333	0.00326666666667
0.04656115	0.004618383	0.0949	0.004
0.04562861	0.003133745	0.0906111111111	0.00378888888889
0.0443024	0.002850229	0.0910444444444	0.00255555555556
0.04837839	0.002299173	0.0928422222222	0.00397777777778
0.04468744	0.001502027	0.0918777777778	0.00392222222222
0.05269099	0.001744793	0.0891444444444	0.00295555555556
0.042582	0.003282444	0.0912333333333	0.00386666666667
0.05217827	0.001802945	0.0973666666667	0.00253333333333
0.05885649	0.004124945	0.0989222222222	0.00277777777778
0.05077385	0.004684359	0.0996888888889	0.00311111111111
0.04988694	0.002769024	0.0927777777778	0.00242222222222
0.0547225	0.004856866	0.0977777777778	0.00382222222222
0.0463492	0.002189454	0.0952	0.004
0.05432458	0.001858718	0.0918222222222	0.00247777777778
0.0470427	0.00304488	0.0967777777778	0.00392222222222
0.05134524	0.003409607	0.0996444444444	0.00305555555556
0.05215504	0.002450706	0.0940888888889	0.00401111111111
0.04678412	0.00122619	0.0919666666667	0.00393333333333
0.05487865	0.002776948	0.0919666666667	0.00393333333333
0.05833964	0.004995483	0.0989888888889	0.00361111111111
0.05231119	0.004651252	0.0997	0.0031
0.05449068	0.001037368	0.0953	0.0024
0.03916474	0.003981569	0.0919333333333	0.00246666666667
0.06652135	0.00287354	0.0986	0.0037
0.04339889	0.001793607	0.09	0.0037
0.05275622	0.002182106	0.0959222222222	0.00397777777778
0.06385775	0.002254107	0.0978222222222	0.00257777777778
0.0455497	0.006376778	0.0977333333333	0.00256666666667
0.03926274	0.002839797	0.0895888888889	0.00361111111111
0.04587603	0.002064798	0.0922444444444	0.00395555555556
0.04774983	0.001169884	0.098	0.0026
0.04948689	0.002763877	0.0989777777778	0.00362222222222
0.04880048	0.003112067	0.089	0.0034
0.05885138	0.001436912	0.0974666666667	0.00253333333333
0.03964467	0.003156916	0.0968777777778	0.00392222222222
0.04810375	0.003451223	0.0918666666667	0.00393333333333
0.05383479	0.001661253	0.0985222222222	0.00267777777778
0.04457598	0.002776949	0.0988555555556	0.00274444444444
0.04805101	0.00279487	0.0982666666667	0.00263333333333
0.03990598	0.002360313	0.0893866666667	0.00283333333333
0.04652394	0.001899928	0.0962666666667	0.00243333333333
0.05265441	0.002592481	0.0951888888889	0.00401111111111
0.04322959	0.002644499	0.0897666666667	0.00273333333333
0.05205609	0.002066103	0.0914	0.0025
0.05412182	0.002337865	0.08879	0.0032
0.04228222	0.002245656	0.0896555555556	0.00364444444444
0.05261272	0.00310433	0.0915111111111	0.00248888888889
0.05640613	0.001792193	0.0970888888889	0.00391111111111
0.04563357	0.002248698	0.0933111111111	0.00238888888889
0.0519939	0.003691117	0.0907666666667	0.00383333333333
0.04682813	0.001872669	0.0988666666667	0.00273333333333
0.05365309	0.001800455	0.0988222222222	0.00367777777778
0.04821389	0.002692063	0.0894111111111	0.00358888888889
0.05561225	0.00392724	0.09812	0.0038
0.04388855	0.004630856	0.0890777777778	0.00292222222222
0.05553099	0.002033318	0.0970222222222	0.00247777777778
0.0576298	0.003146077	0.0982111111111	0.00378888888889
0.05164094	0.002755964	0.0994222222222	0.00287777777778
0.0447938	0.001497322	0.0890888888889	0.00291111111111
0.04472835	0.002821973	0.0923222222222	0.00397777777778
0.04838557	0.002413564	0.0889111111111	0.00298888888889
0.03699763	0.005035516	0.0951777777778	0.00402222222222
0.05328227	0.002775641	0.0997288888889	0.00301111111111
0.04789777	0.002133822	0.0905111111111	0.00258888888889
0.04973744	0.002656855	0.0905111111111	0.00258888888889
0.05106268	0.003086366	0.0930111111111	0.00238888888889
0.06149242	0.002458328	0.0940666666667	0.00403333333333
0.05146249	0.001987459	0.0907555555556	0.00384444444444
0.05674631	0.002268586	0.0989333333333	0.00366666666667
0.05043726	0.0020415	0.0952777777778	0.00402222222222
0.03805228	0.001981871	0.0904888888889	0.00381111111111
0.05557019	0.001761429	0.0891666666667	0.00353333333333
0.03808075	0.004357833	0.0982	0.0026
0.04734683	0.003487359	0.0996555555556	0.00344444444444
0.05549479	0.00219976	0.0948666666667	0.00403333333333
0.04700338	0.003560157	0.0890888888889	0.00351111111111
0.05942388	0.003070675	0.0936333333333	0.00236666666667
0.05039611	0.002796335	0.0974	0.0025
0.06034581	0.003852197	0.0975111111111	0.00388888888889
0.05307718	0.003216036	0.0976222222222	0.00387777777778
0.04459	0.002949487	0.0996333333333	0.00346666666667
0.05117788	0.003135612	0.0996333333333	0.00346666666667
0.05748661	0.00253472	0.0999	0.0031
0.04721172	0.002795448	0.0963111111111	0.00398888888889
0.06080868	0.002394128	0.0999333333333	0.00326666666667
0.04988707	0.00173766	0.0979555555556	0.00384444444444
0.04930192	0.001857536	0.0933666666667	0.00403333333333
0.05773412	0.002244591	0.0940444444444	0.00235555555556
0.05684252	0.002853022	0.0999111111111	0.00308888888889
0.05233947	0.001288634	0.0971333333333	0.00246666666667
0.05667734	0.00136753	0.0971333333333	0.00246666666667
0.04526296	0.002541471	0.089	0.0035
0.05697483	0.003927839	0.0999666666667	0.00323333333333
0.05374409	0.002432307	0.0993	0.0036
0.03346152	0.001909365	0.0892222222222	0.00357777777778
0.05463794	0.002043579	0.0899444444444	0.00265555555556
0.04048043	0.00119607	0.0898222222222	0.00267777777778
0.05303478	0.003793439	0.0987777777778	0.00372222222222
0.05709741	0.001883521	0.0888555555556	0.00344444444444
0.0457677	0.003375612	0.0949555555556	0.00404444444444
0.04215772	0.002474788	0.0891666666667	0.00283333333333
0.05066719	0.001759938	0.0931333333333	0.00236666666667
0.05036682	0.003242734	0.0999333333333	0.00306666666667
0.04800801	0.002074603	0.0997444444444	0.00345555555556
0.05231081	0.003516667	0.0978666666667	0.00253333333333
0.05636114	0.001654418	0.0981333333333	0.00256666666667
0.05413014	0.002785413	0.0976	0.0025
0.04860675	0.003109928	0.0976	0.0039
0.046054	0.001019159	0.0940555555556	0.00234444444444
0.04764618	0.00247425	0.0945555555556	0.00234444444444
0.04105921	0.003726058	0.0940144444444	0.00405555555556
0.03919037	0.00195444	0.0896888888889	0.00371111111111
0.04384751	0.002713712	0.0889777777778	0.00352222222222
0.05333581	0.004052489	0.0932555555556	0.00404444444444
0.04515309	0.003089921	0.0898555555556	0.00374444444444
0.05312643	0.001415023	0.0924111111111	0.00238888888889
0.04359069	0.002009595	0.0888333333333	0.00346666666667
0.05242971	0.002663386	0.0948444444444	0.00405555555556
0.05337795	0.002338587	0.0984888888889	0.00261111111111
0.04606418	0.003848738	0.0887111111111	0.00298888888889
0.05069129	0.001654198	0.0960222222222	0.00237777777778
0.05900179	0.002415109	0.100055555556	0.00314444444444
0.04095844	0.002278798	0.0907222222222	0.00387777777778
0.04595508	0.00200729	0.0998666666667	0.00343333333333
0.04870204	0.001831078	0.0969666666667	0.00243333333333
0.04292862	0.001643807	0.0963111111111	0.00238888888889
0.05192718	0.002557472	0.0934444444444	0.00405555555556
0.03111858	0.003205973	0.0902777777778	0.00382222222222
0.05014326	0.002534482	0.0902777777778	0.00382222222222
0.04759139	0.003762519	0.0898555555556	0.00264444444444
0.05301334	0.002337516	0.0987444444444	0.00375555555556
0.05172091	0.001831446	0.0910777777778	0.00392222222222
0.0524292	0.001628253	0.0939666666667	0.00233333333333
0.05802771	0.002497432	0.0995666666667	0.00283333333333
0.05390434	0.002694635	0.0889333333333	0.00286666666667
0.0542919	0.00342831	0.0991111111111	0.00368888888889
0.04999557	0.004086019	0.0959666666667	0.00403333333333
0.04836472	0.00264577	0.0974333333333	0.00246666666667
0.03981449	0.001982055	0.0890888888889	0.00281111111111
0.04744694	0.00199492	0.092	0.0024
0.04872696	0.003934881	0.0889444444444	0.00285555555556
0.04359003	0.001971321	0.0885111111111	0.00308888888889
0.04682293	0.002380201	0.0885111111111	0.00308888888889
0.04907621	0.002039011	0.0912555555556	0.00394444444444
0.06036198	0.00350654	0.0885	0.0033
0.06889196	0.002779966	0.0981555555556	0.00254444444444
0.05131836	0.002105183	0.0884888888889	0.00311111111111
0.04466378	0.003472335	0.0891	0.0036
0.04665469	0.003125324	0.0983333333333	0.00256666666667
0.05951967	0.002606822	0.0902666666667	0.00383333333333
0.05257904	0.002982609	0.0902666666667	0.00383333333333
0.04521714	0.003308412	0.0895	0.0027
0.04745246	0.003423037	0.0995777777778	0.00282222222222
0.0502148	0.002590438	0.1	0.003
0.04663871	0.002736715	0.0892555555556	0.00364444444444
0.04650512	0.002338006	0.0884888888889	0.00331111111111
0.04766209	0.003456866	0.0996555555556	0.00284444444444
0.04903643	0.00458343	0.0971333333333	0.00396666666667
0.04909371	0.00254249	0.0955555555556	0.00234444444444
0.05587524	0.001792742	0.0993555555556	0.00364444444444
0.04995122	0.001950382	0.0985111111111	0.00258888888889
0.04556021	0.001551311	0.0897555555556	0.00264444444444
0.0372217	0.002843386	0.0888666666667	0.00353333333333
0.04317706	0.002549099	0.0895777777778	0.00372222222222
0.03828706	0.003351548	0.0884222222222	0.00317777777778
0.05092725	0.002206453	0.0884222222222	0.00317777777778
0.02969139	0.004380823	0.0884333333333	0.00326666666667
0.04823769	0.003284839	0.0939222222222	0.00407777777778
0.04396148	0.003383758	0.08999	0.0026
0.05271073	0.001810588	0.0920111111111	0.00238888888889
0.04532807	0.002723535	0.0891666666667	0.00363333333333
0.04429774	0.001346782	0.0903555555556	0.00254444444444
0.05192901	0.004768699	0.100177777778	0.00312222222222
0.04606506	0.003113095	0.0889333333333	0.00356666666667
0.05498029	0.001842097	0.0928555555556	0.00234444444444
0.05570671	0.004177423	0.0949222222222	0.00407777777778
0.03919077	0.002766584	0.0913666666667	0.00243333333333
0.04615304	0.002049354	0.0883888888889	0.00321111111111
0.04527219	0.003672444	0.0907888888889	0.00391111111111
0.0462736	0.002973897	0.0960555555556	0.00404444444444
0.04966969	0.00494094	0.0964777777778	0.00402222222222
0.06527167	0.002974035	0.0999222222222	0.00347777777778
0.05557907	0.00179472	0.0999222222222	0.00347777777778
0.05142467	0.003979999	0.0894	0.0027
0.05527768	0.002794692	0.100188888889	0.00331111111111
0.04514872	0.003208881	0.089	0.0028
0.04232682	0.002606465	0.0884	0.0033
0.04558452	0.004035037	0.0900577777778	0.00382222222222
0.05439454	0.00165702	0.0910444444444	0.00245555555556
0.05731372	0.00300872	0.0933222222222	0.00407777777778
0.0601203	0.002030991	0.100211111111	0.00308888888889
0.04385905	0.002141954	0.0929333333333	0.00406666666667
0.05016474	0.003161522	0.0998888888889	0.00351111111111
0.05104028	0.003629146	0.0904222222222	0.00387777777778
0.04623898	0.001920271	0.0967888888889	0.00401111111111
0.06288018	0.001348811	0.0966222222222	0.00237777777778
0.05407266	0.002446501	0.0987888888889	0.00261111111111
0.05130938	0.002188704	0.0895555555556	0.00374444444444
0.04780506	0.003558333	0.0928333333333	0.00406666666667
0.0516501	0.004291607	0.0889111111111	0.00358888888889
0.05446781	0.002335104	0.0892888888889	0.00271111111111
0.04576073	0.002422496	0.09803	0.0039
0.05009365	0.002699778	0.0998666666667	0.00353333333333
0.04742377	0.001613423	0.0899111111111	0.00258888888889
0.05310604	0.002452348	0.0951111111111	0.00408888888889
0.05815646	0.002527737	0.0977666666667	0.00393333333333
0.05425786	0.0008598219	0.0977666666667	0.00393333333333
0.0529716	0.002808437	0.0893	0.0037
0.03856224	0.003633452	0.0883555555556	0.00334444444444
0.05172261	0.003199479	0.0969111111111	0.00238888888889
0.05008112	0.004601925	0.0945	0.0041
0.04637429	0.002212565	0.0883333333333	0.00306666666667
0.05464443	0.001979386	0.100277777778	0.00332222222222
0.03991958	0.003900693	0.0947	0.0041
0.04866809	0.003975837	0.100222222222	0.00337777777778
0.05776404	0.002986489	0.0962444444444	0.00405555555556
0.0494529	0.004796872	0.0900555555556	0.00384444444444
0.06012369	0.004143146	0.100344444444	0.00325555555556
0.05381635	0.001972436	0.0928222222222	0.00407777777778
0.05055431	0.003532797	0.0931511111111	0.00408888888889
0.05224015	0.003082211	0.0894555555556	0.00374444444444
0.0559508	0.004798115	0.10002	0.0035
0.05628998	0.003156866	0.0925333333333	0.00406666666667
0.04472024	0.002924431	0.0913111111111	0.00398888888889
0.04728125	0.003413213	0.0892888888889	0.00371111111111
0.05047158	0.0009547063	0.0930888888889	0.00231111111111
0.05005031	0.00143944	0.0999777777778	0.00352222222222
0.04567748	0.001940469	0.0885888888889	0.00351111111111
0.05174481	0.003953964	0.0965444444444	0.00235555555556
0.05763948	0.002218404	0.0980888888889	0.00391111111111
0.04750265	0.001828888	0.09342	0.0041
0.0551595	0.002995728	0.0941888888889	0.00411111111111
0.05700102	0.002697813	0.0941111111111	0.00228888888889
0.04447862	0.004021224	0.0944888888889	0.00411111111111
0.0480419	0.002232134	0.0953	0.0041
0.04799965	0.002066348	0.0992044444444	0.00265555555556
0.03992282	0.002058636	0.0938888888889	0.00411111111111
0.05286102	0.003528446	0.0900444444444	0.00385555555556
0.04628598	0.002720202	0.0890333333333	0.00366666666667
0.05047182	0.002979405	0.0936888888889	0.00411111111111
0.05639571	0.002581471	0.0888577777778	0.00362222222222
0.05166498	0.003184865	0.100366666667	0.00333333333333
0.04564051	0.003014867	0.0882555555556	0.00304444444444
0.05744289	0.002275163	0.0999555555556	0.00284444444444
0.04616696	0.003604479	0.0909333333333	0.00396666666667
0.05533463	0.002948404	0.0968666666667	0.00403333333333
0.05201654	0.002051861	0.0888111111111	0.00278888888889
0.04384718	0.002617	0.0881888888889	0.00311111111111
0.05020551	0.0017355	0.0922666666667	0.00233333333333
0.05462288	0.004637626	0.0985333333333	0.00386666666667
0.06146877	0.002324885	0.0965555555556	0.00234444444444
0.04837584	0.002008902	0.0881888888889	0.00331111111111
0.05241053	0.002355517	0.0904777777778	0.00392222222222
0.05154652	0.0020026	0.0983888888889	0.00251111111111
0.04727182	0.002774231	0.0924222222222	0.00407777777778
0.05621792	0.001939263	0.0969333333333	0.00236666666667
0.03223207	0.005452439	0.0916666666667	0.00403333333333
0.05577741	0.002709794	0.0993333333333	0.00266666666667
0.04771164	0.004746162	0.100466666667	0.00323333333333
0.05589164	0.001917678	0.0978444444444	0.00395555555556
0.05041243	0.002319691	0.0945222222222	0.00227777777778
0.04972654	0.004171444	0.100255555556	0.00344444444444
0.04159053	0.004623805	0.0940222222222	0.00227777777778
0.05291064	0.001367364	0.0940222222222	0.00227777777778
0.0470774	0.003312782	0.0946222222222	0.00227777777778
0.05465984	0.004090877	0.0996333333333	0.00366666666667
0.05435579	0.002216379	0.0905333333333	0.00246666666667
0.04551422	0.001873906	0.0925888888889	0.00231111111111
0.04553178	0.004281604	0.0904222222222	0.00247777777778
0.05392861	0.001098105	0.0997444444444	0.00275555555556
0.04477256	0.004349451	0.0919044444444	0.00405555555556
0.05137504	0.002847626	0.0928	0.0041
0.05575608	0.002112398	0.0912888888889	0.00401111111111
0.05835744	0.002946613	0.0949777777778	0.00412222222222
0.05363258	0.003984351	0.0935222222222	0.00227777777778
0.05878759	0.002900517	0.0902888888889	0.00391111111111
0.03900222	0.002985899	0.0902888888889	0.00391111111111
0.04456186	0.001547559	0.0902	0.0025
0.05385659	0.003623642	0.0927	0.0041
0.04431466	0.001691424	0.0884	0.0029
0.05038287	0.001809638	0.0995111111111	0.00268888888889
0.05173839	0.001988146	0.0900888888889	0.00251111111111
0.03844781	0.003178699	0.0884666666667	0.00353333333333
0.05449505	0.002316177	0.100388888889	0.00341111111111
0.04431304	0.002617665	0.0914666666667	0.00403333333333
0.03554789	0.002788984	0.0914666666667	0.00403333333333
0.04357913	0.002597464	0.0880555555556	0.00314444444444
0.04803212	0.002439904	0.0886111111111	0.00358888888889
0.04985934	0.002806204	0.0932222222222	0.00227777777778
