root_height	pop_size	pi_net	pi_within
0.07269035	0.004373139	0.125636666667	0.0134333333333
0.07833129	0.007991711	0.125942222222	0.0134777777778
0.0631463	0.007056631	0.125864444444	0.0133555555556
0.07226806	0.004066642	0.126094444444	0.0133555555556
0.07762017	0.009041495	0.124944444444	0.0133555555556
0.07909007	0.009574811	0.12616	0.0135
0.07096398	0.00454989	0.124802222222	0.0134777777778
0.07025763	0.005017636	0.125146666667	0.0135333333333
0.07331987	0.005722031	0.124771111111	0.0134888888889
0.06035258	0.00749768	0.125155555556	0.0135444444444
0.0725732	0.004302528	0.126177777778	0.0135222222222
0.06636053	0.007747257	0.125811111111	0.0132888888889
0.08049952	0.00833374	0.125592222222	0.0132777777778
0.06159298	0.00798189	0.124661111111	0.0134888888889
0.05979134	0.005954244	0.126493333333	0.0133666666667
0.07126894	0.005297658	0.125562222222	0.0135777777778
0.07294849	0.006623395	0.126288888889	0.0133111111111
0.07318303	0.005609553	0.126541111111	0.0134888888889
0.06619205	0.007763204	0.125893333333	0.0132666666667
0.07395241	0.005354424	0.126488888889	0.0135111111111
0.06275712	0.006132388	0.125033333333	0.0132666666667
0.06845921	0.007797521	0.126722222222	0.0133777777778
0.07730491	0.00422395	0.12441	0.0135
0.0748997	0.005773015	0.125045555556	0.0132444444444
0.06358732	0.006107809	0.1243	0.0135
0.07274978	0.00594826	0.124177777778	0.0134222222222
0.05603861	0.00753206	0.126915555556	0.0134444444444
0.06606761	0.005875862	0.126533333333	0.0135666666667
0.06930729	0.003845589	0.126911111111	0.0134888888889
0.06297157	0.006635563	0.126837777778	0.0135222222222
0.07240629	0.005985563	0.126187777778	0.0132222222222
0.07424059	0.005679655	0.126148888889	0.0132111111111
0.08307554	0.008231707	0.126268888889	0.0132111111111
0.03917267	0.006920315	0.124677777778	0.0132222222222
0.06700981	0.005780177	0.127122222222	0.0133777777778
0.07573022	0.006810422	0.124984444444	0.0136555555556
0.06265036	0.005208898	0.124124444444	0.0135555555556
0.06220954	0.004034195	0.124735555556	0.0136444444444
0.07202287	0.01118931	0.127227777778	0.0134222222222
0.08076719	0.007725163	0.125733333333	0.0131666666667
0.06364222	0.006923045	0.127055555556	0.0135444444444
0.06869373	0.006114784	0.124306666667	0.0132333333333
0.05516087	0.01236385	0.126222222222	0.0136777777778
0.08557571	0.006397233	0.12695	0.0136
0.06609077	0.00428878	0.1253	0.0137
0.08491821	0.007130314	0.12702	0.0136
0.06842816	0.004012728	0.12489	0.0137
0.06254046	0.006038127	0.124037777778	0.0132222222222
0.07037895	0.004903823	0.126077777778	0.0137222222222
0.08059893	0.005234369	0.127	0.0132
0.05837958	0.006678169	0.123605555556	0.0135444444444
0.07357916	0.004756564	0.127011111111	0.0131888888889
0.0607382	0.005135142	0.126488888889	0.0137111111111
0.07033593	0.004102996	0.126337777778	0.0137222222222
0.07430385	0.005943552	0.123355555556	0.0134444444444
0.07355164	0.006473155	0.126457777778	0.0137222222222
0.06964666	0.006435037	0.123511111111	0.0132888888889
0.08067823	0.005753151	0.12762	0.0133
0.07434153	0.004656152	0.126825555556	0.0131444444444
0.05773374	0.006506261	0.12622	0.0131
0.07663844	0.00648519	0.127791111111	0.0133888888889
0.06699795	0.005938575	0.127688888889	0.0133111111111
0.07826856	0.005470855	0.124111111111	0.0136888888889
0.08154547	0.005815966	0.123431111111	0.0132888888889
0.06982027	0.00804886	0.123677777778	0.0132222222222
0.06252459	0.005845092	0.125682222222	0.0130777777778
0.07505433	0.004368509	0.125262222222	0.0130777777778
0.09750417	0.00527816	0.12647	0.0131
0.06400511	0.00530976	0.124408888889	0.0131111111111
0.04298558	0.005756746	0.127922222222	0.0133777777778
0.06175152	0.004698626	0.127955555556	0.0134444444444
0.06831203	0.005589888	0.123681111111	0.0131888888889
0.06440753	0.005812625	0.123355555556	0.0132444444444
0.06485191	0.006028095	0.125355555556	0.0130444444444
0.06316893	0.009064094	0.124462222222	0.0130777777778
0.05874181	0.004336949	0.124633333333	0.0130666666667
0.06835527	0.005075956	0.122988888889	0.0134111111111
0.07485822	0.006406812	0.12518	0.0138
0.06010015	0.007286798	0.1259	0.0138
0.07740631	0.003771256	0.128082222222	0.0134777777778
0.06555446	0.008248428	0.127522222222	0.0131777777778
0.07432375	0.007245144	0.12504	0.0138
0.06001464	0.006631273	0.123828888889	0.0137111111111
0.05692167	0.006722098	0.12606	0.0138
0.06242673	0.005833691	0.127197777778	0.0131222222222
0.07639192	0.006242172	0.127	0.0131
0.06253248	0.004996675	0.123523333333	0.0131666666667
0.07961014	0.005253976	0.123655555556	0.0131444444444
0.06079035	0.007301708	0.124706666667	0.0130333333333
0.06604384	0.005397304	0.127131111111	0.0130888888889
0.07078148	0.008278844	0.126137777778	0.0138222222222
0.06514649	0.004466183	0.124907777778	0.0138222222222
0.07365069	0.005909254	0.125228888889	0.0130111111111
0.07911811	0.007604942	0.125136666667	0.0138333333333
0.07441759	0.003903116	0.124777777778	0.0138222222222
0.07315112	0.006095751	0.126983333333	0.0130666666667
0.09254568	0.005635443	0.1282	0.0133
0.06658776	0.006578897	0.12338	0.0137
0.0603166	0.004928254	0.126388888889	0.0130111111111
0.06961483	0.0063987	0.128211111111	0.0135888888889
0.05757455	0.006911967	0.12489	0.013
0.06809615	0.006273919	0.128367777778	0.0133222222222
0.05425682	0.007679943	0.127795555556	0.0131444444444
0.06054722	0.003422333	0.123611111111	0.0130888888889
0.0617746	0.007111071	0.12638	0.013
0.06205208	0.005105654	0.128482222222	0.0133777777778
0.05773839	0.008052413	0.123753333333	0.0130666666667
0.06522243	0.006480761	0.125422222222	0.0129777777778
0.074174	0.006925442	0.122547777778	0.0134222222222
0.06754259	0.007099423	0.128536666667	0.0134333333333
0.07548569	0.005381959	0.12664	0.013
0.07380994	0.006863139	0.127215555556	0.0130444444444
0.07405481	0.00286805	0.126878888889	0.0130111111111
0.06757994	0.006803135	0.128268888889	0.0132111111111
0.07575781	0.005610026	0.128642222222	0.0133777777778
0.04039533	0.005875575	0.127988888889	0.0137111111111
0.06235223	0.006269669	0.125604444444	0.0129555555556
0.06762114	0.005014797	0.126744444444	0.0138555555556
0.06315498	0.0057472	0.124321111111	0.0129888888889
0.07674909	0.004018885	0.128455555556	0.0132444444444
0.07177558	0.00607283	0.125044444444	0.0129555555556
0.06619607	0.005687309	0.126044444444	0.0129555555556
0.08311013	0.006084558	0.124433333333	0.0138666666667
0.06779225	0.00461322	0.122911111111	0.0136888888889
0.0289118	0.01225211	0.122373333333	0.0134666666667
0.05694725	0.008577096	0.124944444444	0.0129555555556
0.05815685	0.007423823	0.122575555556	0.0132444444444
0.07168062	0.004558364	0.124824444444	0.0129555555556
0.05140769	0.008708399	0.126662222222	0.0138777777778
0.07950587	0.004728932	0.124955555556	0.0129444444444
0.06580331	0.005003635	0.122294444444	0.0134555555556
0.07037061	0.007463009	0.124915555556	0.0129444444444
0.06294347	0.004174472	0.123895555556	0.0138444444444
0.07640481	0.005962831	0.124745555556	0.0129444444444
0.07334746	0.004862376	0.123111111111	0.0130888888889
0.0660566	0.005603372	0.122255555556	0.0133444444444
0.07576718	0.007267416	0.128861111111	0.0133888888889
0.06886143	0.004646699	0.127791111111	0.0137888888889
0.07561132	0.005384091	0.122223333333	0.0133666666667
0.08256636	0.007747809	0.126933333333	0.0129666666667
0.06987594	0.008409779	0.125297777778	0.0129222222222
0.08559674	0.005834677	0.127831111111	0.0137888888889
0.05658111	0.004964007	0.122364444444	0.0132555555556
0.05274364	0.01019704	0.123346666667	0.0130333333333
0.05886051	0.004101712	0.128358888889	0.0137111111111
0.06878763	0.004119231	0.125168888889	0.0129111111111
0.05917712	0.006699073	0.122213333333	0.0135666666667
0.06322714	0.006108709	0.123611111111	0.0129888888889
0.06794701	0.00987131	0.128967777778	0.0133222222222
0.05384634	0.005038971	0.124736666667	0.0139333333333
0.07142164	0.005990087	0.122953333333	0.0130666666667
0.07301147	0.004144799	0.123894444444	0.0129555555556
0.05905416	0.00343479	0.126115555556	0.0139444444444
0.07855336	0.003075966	0.128744444444	0.0136555555556
0.0738937	0.007082345	0.129026666667	0.0135333333333
0.06260544	0.007240707	0.125711111111	0.0128888888889
0.07471794	0.005047542	0.128934444444	0.0132555555556
0.07165606	0.006395639	0.1239	0.0139
0.05289697	0.006802373	0.123522222222	0.0129777777778
0.05856419	0.004643221	0.125994444444	0.0139555555556
0.08068965	0.006435355	0.129022222222	0.0132777777778
0.05874591	0.005557859	0.126241111111	0.0128888888889
0.06987459	0.006024252	0.122651111111	0.0130888888889
0.07578149	0.003998554	0.127855555556	0.0138444444444
0.06393017	0.005726579	0.125102222222	0.0128777777778
0.05814707	0.005799335	0.123027777778	0.0138222222222
0.07076005	0.003766905	0.126411111111	0.0128888888889
0.06733048	0.007258746	0.122926666667	0.0130333333333
0.07304064	0.009524993	0.128688888889	0.0137111111111
0.07516577	0.007866502	0.122908888889	0.0138111111111
0.07249205	0.005443582	0.129211111111	0.0134888888889
0.07622934	0.004745688	0.121861111111	0.0134888888889
0.0727724	0.009583922	0.123224444444	0.0138555555556
0.08030562	0.006516891	0.128791111111	0.0136888888889
0.07642482	0.006129632	0.129251111111	0.0133888888889
0.05372242	0.004850785	0.1269	0.0129
0.06082385	0.006420803	0.1275	0.0139
0.07167787	0.008266665	0.128844444444	0.0131555555556
0.0800266	0.008523292	0.126222222222	0.0139777777778
0.06143669	0.008203755	0.127186666667	0.0139333333333
0.08367531	0.005987423	0.1281	0.013
0.06917213	0.002954898	0.123344444444	0.0129555555556
0.07316787	0.006299423	0.129327777778	0.0135222222222
0.06498633	0.008034976	0.122462222222	0.0137777777778
0.05320433	0.006544511	0.127755555556	0.0129444444444
0.07087119	0.005686357	0.12878	0.0131
0.06690922	0.005523878	0.121622222222	0.0133777777778
0.06853732	0.004222048	0.12178	0.0136
0.07445902	0.006383082	0.126644444444	0.0128555555556
0.05356059	0.008251844	0.128986666667	0.0131333333333
0.07375439	0.005495818	0.121608888889	0.0135111111111
0.08288643	0.007249365	0.128418888889	0.0130111111111
0.07358837	0.004302933	0.12316	0.0139
0.07844401	0.007465943	0.127324444444	0.0139555555556
0.07674265	0.004814858	0.129466666667	0.0135333333333
0.08487867	0.00456957	0.128466666667	0.0138333333333
0.08020218	0.007928476	0.129562222222	0.0133777777778
0.07152905	0.005688054	0.129326666667	0.0136333333333
0.08076644	0.00388326	0.126277777778	0.0140222222222
0.06877729	0.005445693	0.124448888889	0.0140111111111
0.05871729	0.007154742	0.125506666667	0.0140333333333
0.05427042	0.005290862	0.1234	0.0129
0.06348818	0.008263429	0.121724444444	0.0136555555556
0.07837802	0.005508906	0.125028888889	0.0128111111111
0.07600765	0.008445042	0.129381111111	0.0131888888889
0.07967595	0.004877538	0.128363333333	0.0129666666667
0.06570654	0.00855573	0.128304444444	0.0129555555556
0.06678097	0.004474395	0.12825	0.0139
0.06391694	0.008863854	0.121335555556	0.0134444444444
0.08212901	0.007273863	0.129726666667	0.0133333333333
0.07451817	0.0102661	0.12726	0.014
0.07723492	0.007063795	0.128326666667	0.0129333333333
0.07376184	0.003774926	0.121255555556	0.0133444444444
0.07186702	0.006926695	0.122331111111	0.0129888888889
0.06892606	0.007114507	0.1296	0.0132
0.06071359	0.005880325	0.127177777778	0.0140222222222
0.05610221	0.006799125	0.121483333333	0.0136666666667
0.07045409	0.004189537	0.121451111111	0.0131888888889
0.04933085	0.009822651	0.121911111111	0.0137888888889
0.06554953	0.007919711	0.121524444444	0.0131555555556
0.06130803	0.004865196	0.122677777778	0.0139222222222
0.0815774	0.006192062	0.129262222222	0.0137777777778
0.06084145	0.006951125	0.121135555556	0.0133444444444
0.07233071	0.00456529	0.124	0.0128
0.06669497	0.00435872	0.123965555556	0.0140444444444
0.0727796	0.009579201	0.125631111111	0.0140888888889
0.07819459	0.008290608	0.127795555556	0.0128444444444
0.06343299	0.005603363	0.126513333333	0.0127666666667
0.07575972	0.00739649	0.121722222222	0.0137777777778
0.08332352	0.00499898	0.121078888889	0.0135111111111
0.05588785	0.006959248	0.121066666667	0.0133333333333
0.05969157	0.01050318	0.121022222222	0.0134777777778
0.05819048	0.005065798	0.125615555556	0.0127444444444
0.07037036	0.006215749	0.129773333333	0.0136666666667
0.06459982	0.006348453	0.121955555556	0.0138444444444
0.06627765	0.005431891	0.122681111111	0.0128888888889
0.08184043	0.004175353	0.123488888889	0.0128111111111
0.06950622	0.004599233	0.130091111111	0.0134888888889
0.06814855	0.004803747	0.121311111111	0.0136888888889
0.05579307	0.0068507	0.127321111111	0.0127888888889
0.05975054	0.003899786	0.128055555556	0.0128444444444
0.06863502	0.005403676	0.126744444444	0.0127555555556
0.06760621	0.003567504	0.121931111111	0.0129888888889
0.07602603	0.005022105	0.129033333333	0.0129666666667
0.06138713	0.006371702	0.130118888889	0.0133111111111
0.04871961	0.01081722	0.120927777778	0.0133222222222
0.07461196	0.006156591	0.130193333333	0.0133666666667
0.05456464	0.009587429	0.127927777778	0.0140222222222
0.07540723	0.009203233	0.128311111111	0.0139888888889
0.08121782	0.005661523	0.12937	0.013
0.055771	0.007486409	0.130044444444	0.0136555555556
0.06526852	0.004920715	0.121744444444	0.0138555555556
0.06608494	0.005193246	0.128147777778	0.0128222222222
0.06273267	0.005966311	0.120842222222	0.0132777777778
0.05838313	0.006259044	0.12076	0.0135
0.06844848	0.006979446	0.121753333333	0.0138666666667
0.07186872	0.005317522	0.122138888889	0.0129111111111
0.04903503	0.006213239	0.122857777778	0.0128222222222
0.07507204	0.005657008	0.129455555556	0.0138444444444
0.0719846	0.006662237	0.129711111111	0.0137888888889
0.06445711	0.003033462	0.120973333333	0.0136666666667
0.06183785	0.01026298	0.122155555556	0.0139444444444
0.06339744	0.005988266	0.130322222222	0.0132777777778
0.0742149	0.003819101	0.128644444444	0.0128555555556
0.06609407	0.007346857	0.130342222222	0.0135777777778
0.08010409	0.00294088	0.130455555556	0.0133444444444
0.06199546	0.01338653	0.130212222222	0.0136777777778
0.07249405	0.006832347	0.121103333333	0.0137666666667
0.05415608	0.005073155	0.130011111111	0.0130888888889
0.06657212	0.003940062	0.129611111111	0.0129888888889
0.04338997	0.004540805	0.120688888889	0.0136111111111
0.08376822	0.005830601	0.130096666667	0.0137333333333
0.07451158	0.005046469	0.124983333333	0.0141666666667
0.07721627	0.005661074	0.129953333333	0.0130666666667
0.07228995	0.005749579	0.12418	0.0127
0.0555816	0.006607663	0.120602222222	0.0132777777778
0.05553521	0.006138261	0.127166666667	0.0141333333333
0.0486385	0.005393571	0.130368888889	0.0132111111111
0.07008951	0.009444486	0.121571111111	0.0138888888889
0.06727399	0.007132071	0.120488888889	0.0134111111111
0.05918836	0.005584915	0.13045	0.0136
0.05219115	0.01323869	0.127248888889	0.0127111111111
0.0776066	0.00543967	0.122548888889	0.0128111111111
0.0687419	0.005348794	0.122255555556	0.0128444444444
0.06432231	0.005815621	0.124563333333	0.0141666666667
0.06761729	0.005091111	0.124713333333	0.0126666666667
0.06541828	0.005265527	0.12891	0.014
0.07311828	0.007261392	0.129611111111	0.0138888888889
0.05238025	0.00837607	0.122753333333	0.0140666666667
0.05795691	0.0072767	0.12075	0.0137
0.06447341	0.003237024	0.127488888889	0.0127111111111
0.07142974	0.003912751	0.1225	0.0128
0.07122404	0.004506162	0.128866666667	0.0128333333333
0.05722325	0.005191976	0.121127777778	0.0130222222222
0.06860765	0.0067406	0.129122222222	0.0139777777778
0.02390888	0.00812005	0.126171111111	0.0141888888889
0.06383511	0.004724165	0.123635555556	0.0141444444444
0.067544	0.003744704	0.120882222222	0.0130777777778
0.05181958	0.007069904	0.122733333333	0.0127666666667
0.07167915	0.005186552	0.122035555556	0.0128444444444
0.06961057	0.004695187	0.124233333333	0.0126666666667
0.06824867	0.007607795	0.123952222222	0.0126777777778
0.04778345	0.004468217	0.123535555556	0.0141444444444
0.05463221	0.007743131	0.120457777778	0.0132222222222
0.07359087	0.006335529	0.127033333333	0.0126666666667
0.07496961	0.004452922	0.130691111111	0.0135888888889
0.07145646	0.006539225	0.125528888889	0.0142111111111
0.04798305	0.005491149	0.127293333333	0.0141666666667
0.06926019	0.004716286	0.120533333333	0.0131666666667
0.07086371	0.005005344	0.130495555556	0.0131444444444
0.06482449	0.007939051	0.127581111111	0.0126888888889
0.07299095	0.005883818	0.126378888889	0.0142111111111
0.06235204	0.004284439	0.121622222222	0.0128777777778
0.05571484	0.004513552	0.124666666667	0.0126333333333
0.07745233	0.007164185	0.130802222222	0.0132777777778
0.05768115	0.004704979	0.125887777778	0.0126222222222
0.08148064	0.008808338	0.126157777778	0.0142222222222
0.07802027	0.006041062	0.120857777778	0.0138222222222
0.06747581	0.0047774	0.120177777778	0.0135222222222
0.0681518	0.005466181	0.124777777778	0.0142222222222
0.06170098	0.00425613	0.127351111111	0.0141888888889
0.03930442	0.01025186	0.125066666667	0.0142333333333
0.07551808	0.005594435	0.127155555556	0.0126444444444
0.07254072	0.004025217	0.130982222222	0.0133777777778
0.05501362	0.004373564	0.126928888889	0.0142111111111
0.06954708	0.003634292	0.12134	0.0129
0.07369179	0.009408465	0.120544444444	0.0137555555556
0.06601591	0.00881514	0.120238888889	0.0132111111111
0.06881392	0.003256316	0.124738888889	0.0126111111111
0.05680294	0.006424317	0.120624444444	0.0130555555556
0.05892398	0.008571146	0.131022222222	0.0133777777778
0.05292295	0.008444622	0.121167777778	0.0129222222222
0.06711721	0.006911291	0.120104444444	0.0135555555556
0.0779251	0.00759212	0.1252	0.0126
0.0624907	0.01083687	0.129744444444	0.0139555555556
0.06133509	0.004482875	0.124127777778	0.0126222222222
0.05883838	0.00642444	0.127842222222	0.0141777777778
0.0779247	0.007133265	0.128191111111	0.0126888888889
0.06163803	0.005271465	0.125194444444	0.0142555555556
0.06398356	0.005497682	0.12226	0.0141
0.08025939	0.005303631	0.126051111111	0.0125888888889
0.07069737	0.004575158	0.120108888889	0.0132111111111
0.06032458	0.00583027	0.126244444444	0.0142555555556
0.07858931	0.0061037	0.127277777778	0.0142222222222
0.0684671	0.006856167	0.129566666667	0.0128333333333
0.04840723	0.007363724	0.124684444444	0.0142555555556
0.0792643	0.008555837	0.131114444444	0.0135555555556
0.07489307	0.006505859	0.121222222222	0.0128777777778
0.06799399	0.006109502	0.125233333333	0.0142666666667
0.06277719	0.005100878	0.119871111111	0.0133888888889
0.09137814	0.004783063	0.128866666667	0.0127333333333
0.07746858	0.01040329	0.120683333333	0.0138666666667
0.06103313	0.007063225	0.120722222222	0.0138777777778
0.05751613	0.007165384	0.123766666667	0.0142333333333
0.05692774	0.008587476	0.12709	0.0126
0.05827048	0.009129453	0.119912222222	0.0135777777778
0.05659475	0.006423932	0.121122222222	0.0128777777778
0.05790947	0.006998835	0.125383333333	0.0125666666667
0.06661342	0.00865434	0.128111111111	0.0141888888889
0.05910959	0.01005785	0.1313	0.0134
0.07031305	0.008245021	0.119928888889	0.0132111111111
0.07177306	0.005874233	0.124242222222	0.0125777777778
0.08041663	0.008260378	0.126492222222	0.0142777777778
0.05518246	0.006785945	0.119877777778	0.0132222222222
0.07268784	0.003928953	0.122411111111	0.0126888888889
0.0660204	0.006531201	0.126642222222	0.0142777777778
0.08665086	0.006604713	0.127244444444	0.0142555555556
0.05088685	0.0124345	0.130611111111	0.0129888888889
0.06831301	0.00688975	0.123751111111	0.0125888888889
0.06713369	0.004739305	0.128642222222	0.0126777777778
0.0637343	0.004591955	0.120235555556	0.0130444444444
0.05745551	0.007015115	0.119817777778	0.0132222222222
0.06487736	0.004619971	0.120982222222	0.0139777777778
0.07526501	0.005297932	0.122291111111	0.0126888888889
0.07582331	0.007937288	0.122522222222	0.0141777777778
0.0665699	0.006010518	0.126571111111	0.0142888888889
0.07188084	0.005551349	0.129926666667	0.0128333333333
0.07838522	0.007895312	0.128935555556	0.0141444444444
0.07658617	0.007224188	0.129411111111	0.0140888888889
0.04598753	0.007614002	0.120195555556	0.0130444444444
0.07090329	0.007480972	0.119824444444	0.0136555555556
0.07363909	0.00708797	0.123146666667	0.0142333333333
0.06250341	0.006047013	0.119757777778	0.0136222222222
0.06718431	0.004238163	0.121988888889	0.0127111111111
0.07095665	0.003779309	0.119791111111	0.0131888888889
0.07679592	0.007065295	0.121344444444	0.0140555555556
0.06989284	0.006107997	0.128611111111	0.0141888888889
0.0679974	0.01058911	0.126258888889	0.0143111111111
0.04914676	0.006764736	0.120002222222	0.0130777777778
0.0807562	0.004729284	0.122688888889	0.0142111111111
0.05972686	0.01499718	0.12432	0.0143
0.06859748	0.009111777	0.127573333333	0.0142666666667
0.06752581	0.009636451	0.121686666667	0.0127333333333
0.06245115	0.009739376	0.125417777778	0.0143222222222
0.07468912	0.004374004	0.127422222222	0.0142777777778
0.03845123	0.0039692	0.120722222222	0.0128777777778
0.0746582	0.007475834	0.122122222222	0.0126777777778
0.05019185	0.005501285	0.1316	0.0134
0.07237806	0.006828431	0.129498888889	0.0141111111111
0.05821459	0.006707506	0.123111111111	0.0125888888889
0.05708153	0.008160481	0.119777777778	0.0131222222222
0.06307045	0.007133937	0.125188888889	0.0125111111111
0.07869389	0.005489902	0.119502222222	0.0132777777778
0.07153266	0.004997381	0.12232	0.0142
0.06637524	0.004768836	0.120222222222	0.0138777777778
0.06088041	0.007515224	0.128894444444	0.0126555555556
0.05200718	0.006588098	0.119853333333	0.0137666666667
0.07182891	0.007522293	0.119945555556	0.0130444444444
0.0655168	0.005912304	0.130873333333	0.0129666666667
0.03703417	0.004013496	0.119395555556	0.0133444444444
0.06698602	0.007086954	0.123906666667	0.0125333333333
0.07375785	0.009069328	0.125635555556	0.0143444444444
0.07028992	0.005700203	0.13035	0.014
0.0516006	0.006554346	0.124077777778	0.0125222222222
0.07713897	0.01302697	0.123122222222	0.0142777777778
0.05827324	0.006575992	0.131448888889	0.0137111111111
0.07148644	0.008976165	0.122744444444	0.0142555555556
0.06811808	0.005699093	0.124188888889	0.0125111111111
0.06640544	0.007116536	0.126888888889	0.0125111111111
0.07073228	0.005795506	0.122317777778	0.0142222222222
0.05264442	0.005579111	0.12255	0.0126
0.07206637	0.006231191	0.131415555556	0.0137444444444
0.05593793	0.006845221	0.119444444444	0.0136555555556
0.07130008	0.005619909	0.130622222222	0.0139777777778
0.07213185	0.006934897	0.124504444444	0.0143555555556
0.06020904	0.006059505	0.122444444444	0.0142555555556
0.06273535	0.002900933	0.121552222222	0.0126777777778
0.0744834	0.005498904	0.130242222222	0.0127777777778
0.06848057	0.007586563	0.120231111111	0.0128888888889
0.06577362	0.007973587	0.1198	0.013
0.06719757	0.005336322	0.130802222222	0.0128777777778
0.06143164	0.006984685	0.13192	0.0135
0.06138045	0.0137646	0.119426666667	0.0131333333333
0.07211278	0.004287591	0.124091111111	0.0124888888889
0.06070513	0.006390963	0.122118888889	0.0126111111111
0.08438812	0.00506366	0.119175555556	0.0135444444444
0.07514692	0.006981794	0.131848888889	0.0136111111111
0.06736743	0.005569742	0.121907777778	0.0142222222222
0.07215191	0.005681663	0.123177777778	0.0125222222222
0.07456026	0.006717006	0.121473333333	0.0126666666667
0.06728402	0.005526	0.119724444444	0.0138555555556
0.081699	0.003944505	0.132033333333	0.0134666666667
0.06420552	0.007897335	0.121078888889	0.0127111111111
0.05768018	0.005264545	0.122151111111	0.0125888888889
0.05551364	0.004958687	0.124233333333	0.0124666666667
0.06343257	0.006512142	0.11952	0.0138
0.07737598	0.00455687	0.131466666667	0.0138333333333
0.07213711	0.006094898	0.125875555556	0.0124444444444
0.0660281	0.005968731	0.129115555556	0.0142444444444
0.07555034	0.004097242	0.119042222222	0.0132777777778
0.06501479	0.009574721	0.132088888889	0.0135111111111
0.07556705	0.003266258	0.124855555556	0.0124444444444
0.07802055	0.009364923	0.12485	0.0144
0.08200314	0.009107333	0.120011111111	0.0128888888889
0.06092073	0.01050423	0.126744444444	0.0124555555556
0.07222353	0.005550696	0.120694444444	0.0127555555556
0.07643094	0.004772117	0.118966666667	0.0133333333333
0.06903804	0.005044325	0.120533333333	0.0140666666667
0.07737672	0.005095838	0.122777777778	0.0125222222222
0.0713804	0.007301341	0.12038	0.0128
0.0504393	0.01085963	0.129346666667	0.0142333333333
0.06866371	0.007021235	0.119217777778	0.0137222222222
0.071036	0.006942893	0.120624444444	0.0127555555556
0.07061318	0.004869818	0.119037777778	0.0136222222222
0.08648305	0.004689799	0.127333333333	0.0124666666667
0.0722919	0.007491478	0.119644444444	0.0129555555556
0.08559346	0.005012996	0.121355555556	0.0126444444444
0.04680988	0.008547037	0.126568888889	0.0144111111111
0.06835748	0.004290084	0.125237777778	0.0124222222222
0.06393019	0.006299211	0.119727777778	0.0139222222222
0.05544107	0.00589323	0.125117777778	0.0124222222222
0.06987785	0.00643611	0.122428888889	0.0143111111111
0.05843093	0.006760598	0.126077777778	0.0144222222222
0.07981547	0.005681162	0.1305	0.0141
0.06176078	0.008299036	0.118955555556	0.0136444444444
0.0807446	0.00608552	0.121731111111	0.0125888888889
0.05989568	0.008507553	0.12887	0.0143
0.05914228	0.007975603	0.119066666667	0.0131333333333
0.06139973	0.005362181	0.127295555556	0.0124444444444
0.06368463	0.005982493	0.11935	0.013
0.06918532	0.005293859	0.121155555556	0.0126444444444
0.08067472	0.002599125	0.131642222222	0.0138777777778
0.06487523	0.008243123	0.128311111111	0.0124888888889
0.04070568	0.008575025	0.118955555556	0.0131444444444
0.06303145	0.005307232	0.12534	0.0124
0.05325306	0.009387151	0.119434444444	0.0129555555556
0.06295225	0.006909777	0.11872	0.0133
0.06038129	0.006392919	0.126155555556	0.0144444444444
0.06314706	0.0069734	0.121504444444	0.0142555555556
0.06563425	0.004342386	0.129006666667	0.0125333333333
0.05844036	0.006362086	0.118755555556	0.0132444444444
0.06693419	0.008445243	0.126878888889	0.0124111111111
0.07734694	0.009752137	0.126435555556	0.0144444444444
0.08058526	0.0056626	0.132116666667	0.0137333333333
0.06530924	0.008530902	0.122922222222	0.0143777777778
0.0664809	0.006736788	0.132442222222	0.0133777777778
0.07746183	0.006228029	0.131742222222	0.0138777777778
0.06382118	0.004603544	0.119051111111	0.0137888888889
0.06272558	0.004752873	0.1232	0.0144
0.06814578	0.005566537	0.127166666667	0.0144333333333
0.07305939	0.00673192	0.118653333333	0.0132666666667
0.06551956	0.00821133	0.119345555556	0.0129444444444
0.07158964	0.005118572	0.129672222222	0.0125777777778
0.05524059	0.006451902	0.126684444444	0.0144555555556
0.06601281	0.007904425	0.132517777778	0.0135222222222
0.07723204	0.006077529	0.132095555556	0.0130444444444
0.07100842	0.006069091	0.129935555556	0.0142444444444
0.08963289	0.004182801	0.132086666667	0.0130333333333
0.06835135	0.005142503	0.131825555556	0.0129444444444
0.05088408	0.006347885	0.12212	0.0125
0.0843898	0.007771615	0.132533333333	0.0132666666667
0.05721002	0.008925573	0.1201	0.0141
0.07540104	0.004664228	0.118633333333	0.0136666666667
0.03383509	0.008395373	0.124273333333	0.0144666666667
0.07079781	0.004826384	0.126353333333	0.0123666666667
0.06488272	0.007963539	0.121111111111	0.0125888888889
0.05770786	0.003709309	0.127997777778	0.0124222222222
0.07263553	0.004766636	0.127997777778	0.0124222222222
0.06836283	0.006533401	0.118482222222	0.0135777777778
0.07090194	0.00712992	0.118402222222	0.0134777777778
0.0659893	0.004724578	0.120716666667	0.0126333333333
0.04505207	0.008884516	0.125044444444	0.0123555555556
0.07096832	0.004434956	0.128097777778	0.0144222222222
0.05675059	0.008745988	0.1206	0.0142
0.08307536	0.005783049	0.130155555556	0.0142444444444
0.0776257	0.003483398	0.122535555556	0.0124444444444
0.06224277	0.004806595	0.120697777778	0.0126222222222
0.07412083	0.00499814	0.126871111111	0.0144888888889
0.04392622	0.006597035	0.122898888889	0.0124111111111
0.07374009	0.006815739	0.121477777778	0.0125222222222
0.07663352	0.006745998	0.121255555556	0.0125444444444
0.08132885	0.003335269	0.129508888889	0.0125111111111
0.05558323	0.007641247	0.118344444444	0.0132555555556
0.08063092	0.005422612	0.128226666667	0.0144333333333
0.07961974	0.002986982	0.132725555556	0.0132444444444
0.07055261	0.008527433	0.13099	0.0127
0.0666905	0.007912653	0.132744444444	0.0132555555556
0.06787851	0.007012127	0.125966666667	0.0123333333333
0.0618723	0.005186893	0.118433333333	0.0131666666667
0.07913753	0.007835212	0.126835555556	0.0123444444444
0.08733086	0.005642922	0.132291111111	0.0129888888889
0.07481164	0.006342426	0.126955555556	0.0123444444444
0.08086335	0.008148229	0.1185	0.0131
0.05756905	0.00543574	0.125687777778	0.0145222222222
0.08468554	0.005676629	0.132366666667	0.0138333333333
0.06435199	0.005382429	0.132648888889	0.0137111111111
0.07131635	0.005606434	0.12394	0.0145
0.07033319	0.005502408	0.132533333333	0.0130666666667
0.07176755	0.004805567	0.128677777778	0.0124222222222
0.06368465	0.007744299	0.120437777778	0.0126222222222
0.06969294	0.004998312	0.122377777778	0.0124222222222
0.06374818	0.008818898	0.132611111111	0.0130888888889
0.0662356	0.005939063	0.123262222222	0.0144777777778
0.0732162	0.003609888	0.119777777778	0.0127222222222
0.0646575	0.004313359	0.121884444444	0.0124555555556
0.0709775	0.007225456	0.124886666667	0.0145333333333
0.07201588	0.005374708	0.121451111111	0.0124888888889
0.07128009	0.00762699	0.128003333333	0.0123666666667
0.05652333	0.004080076	0.120366666667	0.0142333333333
0.05919017	0.005997383	0.130294444444	0.0125555555556
0.07129954	0.004006177	0.130898888889	0.0142111111111
0.07057422	0.009220781	0.119576666667	0.0127333333333
0.06122413	0.005837757	0.120633333333	0.0125666666667
0.06259955	0.009171001	0.120711111111	0.0142888888889
0.07120488	0.006711412	0.12476	0.0123
0.06572858	0.006417673	0.121634444444	0.0124555555556
0.06316372	0.007573613	0.123797777778	0.0145222222222
0.07485369	0.004834618	0.131477777778	0.0127222222222
0.0713138	0.005335028	0.132327777778	0.0139222222222
0.07005591	0.006473157	0.1288	0.0124
0.0471855	0.005565999	0.124515555556	0.0145444444444
0.06196246	0.00470691	0.125344444444	0.0145555555556
0.07687228	0.003415404	0.118333333333	0.0130666666667
0.08344004	0.007185557	0.130795555556	0.0142444444444
0.07972947	0.004445537	0.1243	0.0123
0.07894263	0.003977281	0.133047777778	0.0132222222222
0.06315395	0.004497294	0.118755555556	0.0139444444444
0.07456421	0.006317394	0.118542222222	0.0138777777778
0.0673181	0.005108634	0.120837777778	0.0143222222222
0.06725746	0.00406428	0.120736666667	0.0125333333333
0.0716576	0.004191992	0.121342222222	0.0143777777778
0.07038582	0.005483996	0.121668888889	0.0144111111111
0.06438256	0.004493197	0.132544444444	0.0129555555556
0.08064966	0.007282559	0.132097777778	0.0128222222222
0.07249155	0.009117055	0.118763333333	0.0139666666667
0.0835639	0.008210308	0.132322222222	0.0128777777778
0.07584568	0.00480776	0.130851111111	0.0125888888889
0.06635512	0.006155918	0.117994444444	0.0136555555556
0.05799125	0.00723616	0.119094444444	0.0140555555556
0.06195656	0.005270303	0.118391111111	0.0129888888889
0.05615839	0.005141544	0.118068888889	0.0137111111111
0.05765532	0.003426687	0.126522222222	0.0122777777778
0.07118257	0.006513996	0.125533333333	0.0122666666667
0.08272131	0.00326988	0.132136666667	0.0140333333333
0.06991809	0.006946208	0.127231111111	0.0122888888889
0.07780078	0.005491831	0.131737777778	0.0141222222222
0.0570487	0.007417127	0.124673333333	0.0122666666667
0.06144921	0.008484099	0.128661111111	0.0144888888889
0.05262913	0.0105372	0.120324444444	0.0125555555556
0.05206089	0.009842947	0.119358888889	0.0127111111111
0.06765343	0.004872611	0.130406666667	0.0143333333333
0.05783415	0.006011692	0.12128	0.0144
0.0704355	0.00678779	0.13068	0.0143
0.06002335	0.008509942	0.11875	0.014
0.06235566	0.004964375	0.118622222222	0.0128777777778
0.07207831	0.00722744	0.121022222222	0.0143777777778
0.07305223	0.005764581	0.117968888889	0.0131111111111
0.03291922	0.007702101	0.117706666667	0.0133333333333
0.05464687	0.004047341	0.118924444444	0.0140555555556
0.06785502	0.006684618	0.11912	0.0141
0.07287106	0.006725168	0.130686666667	0.0125333333333
0.0630088	0.007585423	0.131094444444	0.0142555555556
0.07071611	0.00530067	0.122214444444	0.0123555555556
0.06720381	0.003979996	0.130132222222	0.0143777777778
0.06867038	0.008679924	0.132451111111	0.0139888888889
0.06995041	0.007136659	0.118232222222	0.0129777777778
0.05913735	0.01119674	0.131714444444	0.0141555555556
0.07764997	0.004673843	0.131266666667	0.0142333333333
0.06589066	0.006505472	0.120338888889	0.0143111111111
0.08140361	0.007658768	0.119108888889	0.0141111111111
0.07469233	0.009441063	0.133294444444	0.0136555555556
0.06095008	0.005507956	0.121555555556	0.0144444444444
0.08040419	0.004729247	0.124755555556	0.0122444444444
0.06376945	0.006708183	0.119311111111	0.0126888888889
0.05868749	0.005033609	0.117991111111	0.0137888888889
0.05619782	0.008629867	0.118444444444	0.0139555555556
0.05785496	0.009825279	0.127353333333	0.0122666666667
0.06445599	0.005406685	0.119	0.0141
0.06192005	0.005567523	0.125146666667	0.0122333333333
0.05788901	0.009341486	0.117571111111	0.0133888888889
0.07597651	0.004885859	0.117566666667	0.0134333333333
0.08802723	0.003228555	0.119666666667	0.0142333333333
0.07279963	0.004757799	0.117584444444	0.0135555555556
0.07102471	0.002108643	0.12833	0.0123
0.06825925	0.005514927	0.132344444444	0.0140555555556
0.05504364	0.007113013	0.121583333333	0.0144666666667
0.07066432	0.008404222	0.131588888889	0.0142111111111
0.0536402	0.007366747	0.125017777778	0.0122222222222
0.06363462	0.005389241	0.129462222222	0.0144777777778
0.07541901	0.005260457	0.120048888889	0.0143111111111
0.0676777	0.006257736	0.118988888889	0.0127111111111
0.07070058	0.007270411	0.126627777778	0.0122222222222
0.07621185	0.008752617	0.131046666667	0.0125333333333
0.07152326	0.006342831	0.123344444444	0.0122555555556
0.06473516	0.008264227	0.120644444444	0.0124555555556
0.06159919	0.003630572	0.122634444444	0.0145555555556
0.08192184	0.006761321	0.131515555556	0.0142444444444
0.06659888	0.005664865	0.117535555556	0.0136444444444
0.03191606	0.006223217	0.132168888889	0.0127111111111
0.06870663	0.006294799	0.128916666667	0.0145333333333
0.05159225	0.006392782	0.122693333333	0.0145666666667
0.07916128	0.005818574	0.121161111111	0.0123888888889
0.08747918	0.003920135	0.133191111111	0.0129888888889
0.04964597	0.008883543	0.124388888889	0.0122111111111
0.0683674	0.006398429	0.133277777778	0.0130222222222
0.08156411	0.004747869	0.128014444444	0.0122555555556
0.08132362	0.006331757	0.121927777778	0.0123222222222
0.08205162	0.003512243	0.131747777778	0.0142222222222
0.08562379	0.006203169	0.133095555556	0.0129444444444
0.06902006	0.005187384	0.119878888889	0.0143111111111
0.07226239	0.006955193	0.133068888889	0.0139111111111
0.06611243	0.002710314	0.119226666667	0.0126333333333
0.07229531	0.008442363	0.127457777778	0.0122222222222
0.07296385	0.004260748	0.125271111111	0.0121888888889
0.06851667	0.003911565	0.122844444444	0.0122555555556
0.07154945	0.006386829	0.127126666667	0.0146333333333
0.06288061	0.007443345	0.118884444444	0.0141555555556
0.07255869	0.00459006	0.118666666667	0.0127333333333
0.07290036	0.005370627	0.121351111111	0.0144888888889
0.05471042	0.006982467	0.117311111111	0.0132888888889
0.07090412	0.005296048	0.117311111111	0.0132888888889
0.05676294	0.005289156	0.118462222222	0.0127777777778
0.0676951	0.004810366	0.123188888889	0.0146111111111
0.051865	0.004773953	0.118083333333	0.0139666666667
0.06538543	0.00577728	0.11732	0.0136
0.06173469	0.006173056	0.117515555556	0.0137444444444
0.07689191	0.008970531	0.133544444444	0.0137555555556
0.0723889	0.005335173	0.11736	0.0132
0.0795322	0.005283141	0.132866666667	0.0128333333333
0.06066728	0.004852818	0.117562222222	0.0137777777778
0.06606613	0.005904221	0.117246666667	0.0135333333333
0.07027424	0.006248584	0.125642222222	0.0121777777778
0.07407972	0.006720407	0.120557777778	0.0124222222222
0.06551513	0.007129353	0.117575555556	0.0130444444444
0.06591143	0.00623331	0.131622222222	0.0142777777778
0.08567333	0.007370204	0.133104444444	0.0139555555556
0.03952043	0.008549625	0.120824444444	0.0144555555556
0.07049257	0.008682868	0.122142222222	0.0122777777778
0.07540042	0.004385663	0.126562222222	0.0121777777778
0.07543992	0.004633629	0.133773333333	0.0136666666667
0.07196087	0.006382661	0.125833333333	0.0121666666667
0.07585726	0.004319198	0.129466666667	0.0145333333333
0.05352888	0.00689756	0.133413333333	0.0138666666667
0.07083275	0.00581942	0.120518888889	0.0124111111111
0.07161746	0.006098042	0.119088888889	0.0126111111111
0.08052812	0.00863047	0.119795555556	0.0143444444444
0.06831117	0.006021812	0.118158888889	0.0128111111111
0.06630368	0.007528463	0.126922222222	0.0121777777778
0.07376876	0.005143897	0.127334444444	0.0146555555556
0.06235399	0.004301565	0.119686666667	0.0143333333333
0.0605973	0.004213446	0.117131111111	0.0132888888889
0.08477709	0.009709323	0.1184	0.0141
0.06583842	0.004793003	0.118546666667	0.0141333333333
0.0500286	0.007342237	0.122244444444	0.0122555555556
0.06141894	0.005146039	0.120236666667	0.0124333333333
0.05799828	0.005435853	0.117146666667	0.0136333333333
0.06439108	0.003749329	0.120277777778	0.0124222222222
0.07881495	0.01073238	0.127302222222	0.0121777777778
0.07875133	0.006202467	0.124133333333	0.0121666666667
0.06599546	0.005152478	0.132344444444	0.0126555555556
0.08092964	0.006565851	0.117466666667	0.0138333333333
0.07913433	0.00670334	0.130837777778	0.0124222222222
0.04984762	0.006049101	0.124404444444	0.0121555555556
0.07663704	0.005476996	0.132922222222	0.0127777777778
0.06510393	0.004046583	0.117115555556	0.0136444444444
0.06102011	0.00944964	0.117871111111	0.0139888888889
0.09431773	0.005134612	0.133688888889	0.0138111111111
0.04560732	0.005069275	0.118018888889	0.0128111111111
0.05657895	0.005452985	0.125145555556	0.0121444444444
0.07392833	0.006922963	0.134043333333	0.0135666666667
0.07001913	0.007259714	0.117378888889	0.0138111111111
0.06478862	0.006295874	0.122366666667	0.0122333333333
0.07882706	0.005974704	0.132854444444	0.0127555555556
0.08091314	0.005418703	0.131982222222	0.0125777777778
0.05701527	0.004545368	0.117122222222	0.0136777777778
0.06478789	0.005048163	0.116966666667	0.0133333333333
0.06577268	0.006186914	0.122467777778	0.0146222222222
0.06112261	0.005688144	0.118728888889	0.0142111111111
0.07966416	0.004031273	0.133322222222	0.0139777777778
0.05348424	0.005518752	0.127164444444	0.0121555555556
0.06905164	0.007039321	0.125888888889	0.0147111111111
0.07944263	0.006474007	0.121411111111	0.0122888888889
0.06390187	0.008189331	0.117212222222	0.0130777777778
0.06468072	0.005489017	0.132144444444	0.0142555555556
0.05399908	0.01356563	0.134165555556	0.0135444444444
0.06397049	0.008931203	0.117268888889	0.0138111111111
0.04886371	0.007823156	0.117422222222	0.0138777777778
0.0762338	0.008105282	0.126995555556	0.0121444444444
0.0763229	0.003855739	0.132984444444	0.0127555555556
0.07587244	0.005084165	0.120373333333	0.0144666666667
0.06241184	0.007841168	0.121281111111	0.0122888888889
0.07077786	0.004464024	0.134115555556	0.0136444444444
0.06276589	0.005430988	0.121533333333	0.0122666666667
0.07047215	0.004645895	0.120433333333	0.0123666666667
0.05243141	0.006496673	0.127611111111	0.0146888888889
0.06114972	0.006150704	0.124807777778	0.0147222222222
0.0398327	0.007005886	0.120718888889	0.0145111111111
0.06220555	0.004259227	0.133675555556	0.0129444444444
0.06873165	0.003404284	0.11806	0.0141
0.08832487	0.006119137	0.134223333333	0.0132666666667
0.07073691	0.008048291	0.122208888889	0.0122111111111
0.08088382	0.004417258	0.125686666667	0.0147333333333
0.06669455	0.006513264	0.119086666667	0.0125333333333
0.06443636	0.00840095	0.128322222222	0.0121777777778
0.08022783	0.00366275	0.130208888889	0.0123111111111
0.06310594	0.006287322	0.128966666667	0.0146333333333
0.07654255	0.003937581	0.1333	0.0128
0.07747034	0.003356719	0.123736666667	0.0121333333333
0.06108735	0.009382479	0.117013333333	0.0137666666667
0.08111864	0.005569721	0.117451111111	0.0128888888889
0.06306337	0.007622943	0.122344444444	0.0146555555556
0.07790879	0.00420513	0.125895555556	0.0147444444444
0.06405106	0.007105758	0.118595555556	0.0142444444444
0.06349086	0.008377409	0.132597777778	0.0126222222222
0.06818834	0.008107366	0.116733333333	0.0132666666667
0.07246412	0.006344039	0.133224444444	0.0127555555556
0.03932915	0.007641999	0.131644444444	0.0124555555556
0.07979897	0.007935728	0.130962222222	0.0144777777778
0.04708035	0.007970044	0.12663	0.0121
0.05418713	0.00487947	0.119028888889	0.0125111111111
0.06313959	0.005388323	0.130577777778	0.0123222222222
0.07817776	0.006877724	0.125614444444	0.0147555555556
0.06281162	0.006540282	0.117354444444	0.0139555555556
0.06784386	0.004155899	0.123527777778	0.0121222222222
0.06591357	0.004914845	0.122302222222	0.0121777777778
0.07229747	0.00568207	0.126091111111	0.0120888888889
0.07821956	0.006243088	0.134067777778	0.0130222222222
0.07189523	0.005508654	0.1344	0.0136
0.06785498	0.008181891	0.120144444444	0.0123555555556
0.08422517	0.003979915	0.132422222222	0.0142777777778
0.0540965	0.006018085	0.121002222222	0.0145777777778
0.06746288	0.004028927	0.130657777778	0.0145222222222
0.06889479	0.006223931	0.131251111111	0.0123888888889
0.0824551	0.008241045	0.132266666667	0.0125333333333
0.06734193	0.004966448	0.116577777778	0.0133222222222
0.09432141	0.006023127	0.125633333333	0.0147666666667
0.06368304	0.01022555	0.125232222222	0.0120777777778
0.07517973	0.004426396	0.132604444444	0.0142555555556
0.06327453	0.006087159	0.116671111111	0.0131888888889
0.06967543	0.007012155	0.125892222222	0.0120777777778
0.07580148	0.00522983	0.124311111111	0.0120888888889
0.0570775	0.006152426	0.132031111111	0.0124888888889
0.06942936	0.005974511	0.122675555556	0.0121444444444
0.06464669	0.004992519	0.118111111111	0.0141888888889
0.05783148	0.008263451	0.120406666667	0.0145333333333
0.0669006	0.007441979	0.121347777778	0.0146222222222
0.06611069	0.009052575	0.121206666667	0.0122333333333
0.0580912	0.005808567	0.116475555556	0.0134444444444
0.06629783	0.01007393	0.133735555556	0.0128444444444
0.07289331	0.005054259	0.126672222222	0.0120777777778
0.05768927	0.005153846	0.130282222222	0.0145777777778
0.07209622	0.008299037	0.125303333333	0.0120666666667
0.06898159	0.003076617	0.119931111111	0.0144888888889
0.05532538	0.008556417	0.132053333333	0.0143666666667
0.07164968	0.005416772	0.118658888889	0.0143111111111
0.05785393	0.0122627	0.134342222222	0.0130777777778
0.06940494	0.006536333	0.134604444444	0.0135555555556
0.0647518	0.005176449	0.134162222222	0.0129777777778
0.06330795	0.005713337	0.132771111111	0.0125888888889
0.07033588	0.005121191	0.128566666667	0.0121333333333
0.06234521	0.009335549	0.132358888889	0.0125111111111
0.05745822	0.006142365	0.116424444444	0.0135555555556
0.06618727	0.00596995	0.116798888889	0.0130111111111
0.04431249	0.00653753	0.124971111111	0.0147888888889
0.0576076	0.008824084	0.1308	0.0123
0.07144841	0.006667816	0.116366666667	0.0134333333333
0.0622761	0.004880504	0.116911111111	0.0138888888889
0.06731703	0.005465293	0.119865555556	0.0123444444444
0.08713503	0.003622185	0.133962222222	0.0128777777778
0.05818906	0.007086834	0.11636	0.0134
0.07554487	0.005730872	0.118942222222	0.0143777777778
0.06357879	0.009375146	0.134582222222	0.0131777777778
0.0640612	0.006343794	0.121491111111	0.0121888888889
0.06381501	0.004442027	0.134655555556	0.0132444444444
0.06895316	0.00520481	0.127073333333	0.0120666666667
0.05890896	0.007827167	0.118106666667	0.0142333333333
0.07427314	0.002959838	0.128557777778	0.0121222222222
0.07648481	0.006483546	0.134088888889	0.0129111111111
0.06326579	0.009654696	0.131077777778	0.0145222222222
0.06064828	0.0099218	0.120888888889	0.0146111111111
0.06737536	0.006350618	0.1258	0.0148
0.07378456	0.004917602	0.13419	0.0139
0.06967499	0.005040447	0.121884444444	0.0121555555556
0.06161538	0.007047348	0.126135555556	0.0120444444444
0.07304102	0.00586847	0.120363333333	0.0145666666667
0.06827836	0.005825323	0.121088888889	0.0122111111111
0.07222706	0.00787205	0.134733333333	0.0135666666667
0.05860748	0.007265134	0.126911111111	0.0147888888889
0.0626455	0.00454361	0.133644444444	0.0127555555556
0.05403178	0.007490499	0.120026666667	0.0145333333333
0.05530856	0.007755839	0.117733333333	0.0141666666667
0.0616273	0.004910402	0.127044444444	0.0120555555556
0.07339413	0.004734711	0.130762222222	0.0122777777778
0.05407003	0.005563781	0.123011111111	0.0120888888889
0.06722881	0.003716181	0.125666666667	0.0120333333333
0.07453914	0.006064565	0.129523333333	0.0121666666667
0.0727339	0.004146118	0.125166666667	0.0120333333333
0.06153288	0.006981818	0.121105555556	0.0146444444444
0.0696889	0.006461354	0.119311111111	0.0123888888889
0.07580358	0.009115575	0.132086666667	0.0124333333333
0.06751016	0.006019486	0.120817777778	0.0146222222222
0.05070747	0.005271832	0.116502222222	0.0130777777778
0.0779225	0.0057141	0.124746666667	0.0120333333333
0.06775188	0.006045562	0.116228888889	0.0135111111111
0.06939606	0.005130292	0.116744444444	0.0129555555556
0.06448567	0.007693763	0.121322222222	0.0121777777778
0.07526798	0.008523984	0.128927777778	0.0121222222222
0.05298959	0.005360382	0.119251111111	0.0123888888889
0.06183843	0.008058933	0.1185	0.0125
0.06917323	0.006373073	0.134901111111	0.0133888888889
0.06089741	0.004698654	0.117253333333	0.0127666666667
0.06152613	0.006483003	0.123404444444	0.0120555555556
0.0801443	0.005962658	0.134317777778	0.0129222222222
0.0688449	0.005786568	0.121957777778	0.0121222222222
0.0806442	0.00468521	0.128033333333	0.0120666666667
0.08670636	0.005571234	0.134948888889	0.0134111111111
0.05047219	0.008254105	0.116183333333	0.0132666666667
0.05971131	0.007085864	0.116555555556	0.0138444444444
0.07909337	0.006741415	0.120994444444	0.0146555555556
0.06114314	0.008713503	0.120607777778	0.0122222222222
0.06683886	0.007023098	0.127485555556	0.0120444444444
0.05542904	0.004966565	0.116613333333	0.0129666666667
0.07142499	0.006215708	0.133144444444	0.0142555555556
0.06315446	0.007105235	0.118533333333	0.0143666666667
0.061108	0.006557006	0.120696666667	0.0146333333333
0.07574469	0.007066242	0.117028888889	0.0128111111111
0.07350952	0.006269386	0.11628	0.0137
0.07536409	0.004979313	0.125328888889	0.0120111111111
0.0715586	0.005508467	0.125788888889	0.0120111111111
0.07941065	0.004072425	0.126488888889	0.0120111111111
0.05357681	0.006557971	0.12325	0.0148
0.07983327	0.006072924	0.132826666667	0.0143333333333
0.0502136	0.004444041	0.1167	0.0129
0.05093871	0.008495849	0.12566	0.012
0.07096488	0.01039297	0.125375555556	0.0148444444444
0.07476134	0.007795879	0.122211111111	0.0120888888889
0.06563995	0.006253936	0.1252	0.012
0.067773	0.00594117	0.116037777778	0.0133222222222
0.06835088	0.006194317	0.121657777778	0.0121222222222
0.06679153	0.005263159	0.116588888889	0.0139111111111
0.07402335	0.002727743	0.130311111111	0.0121888888889
0.06840662	0.006519399	0.120278888889	0.0146111111111
0.06862158	0.004955364	0.13353	0.0142
0.08348245	0.008428158	0.122794444444	0.0120555555556
0.07342604	0.008933783	0.132825555556	0.0143444444444
0.06004192	0.008128386	0.123667777778	0.0120222222222
0.06043161	0.006595485	0.117295555556	0.0141444444444
0.06641863	0.003950071	0.1264	0.012
0.0796201	0.003588124	0.124655555556	0.0148444444444
0.04381597	0.01348164	0.116764444444	0.0128555555556
0.06617823	0.008106202	0.126455555556	0.0148444444444
0.07762212	0.005142141	0.122101111111	0.0120888888889
0.04785242	0.004448362	0.117666666667	0.0142333333333
0.06794166	0.004869312	0.131162222222	0.0145777777778
0.07474327	0.005055877	0.1281	0.0148
0.05777455	0.01021316	0.116	0.0133
0.06718559	0.00843603	0.129537777778	0.0121222222222
0.06701787	0.006503656	0.117975555556	0.0125444444444
0.05620149	0.003858906	0.119131111111	0.0144888888889
0.0591877	0.009836122	0.116464444444	0.0129555555556
0.08065926	0.008599415	0.130041111111	0.0146888888889
0.06399917	0.005400284	0.125171111111	0.0119888888889
0.05018499	0.004781278	0.117833333333	0.0125666666667
0.04664544	0.005846897	0.117655555556	0.0142444444444
0.06138106	0.00418157	0.123698888889	0.0120111111111
0.05801928	0.005539204	0.116193333333	0.0137666666667
0.07042736	0.007560868	0.119416666667	0.0145333333333
0.05670851	0.005267427	0.129355555556	0.0147444444444
0.06468209	0.004113521	0.11623	0.0138
0.07793758	0.006714641	0.132711111111	0.0143888888889
0.07106099	0.00646053	0.13068	0.0122
0.06857898	0.00507534	0.117446666667	0.0126333333333
0.04488739	0.007458325	0.11682	0.0128
0.07977717	0.004468834	0.119844444444	0.0122555555556
0.05544849	0.008384434	0.115866666667	0.0134333333333
0.06402643	0.007125937	0.120117777778	0.0122222222222
0.07425815	0.003594326	0.122122222222	0.0147777777778
0.06777927	0.006558547	0.115937777778	0.0132222222222
0.06695218	0.006039308	0.116005555556	0.0131444444444
0.08961262	0.007789467	0.135266666667	0.0134333333333
0.06027	0.005831441	0.115814444444	0.0133555555556
0.08229271	0.004391469	0.123166666667	0.0148333333333
0.08349992	0.00444203	0.135111111111	0.0136888888889
0.08054134	0.006551502	0.125793333333	0.0119666666667
0.06895117	0.00505863	0.116016666667	0.0137333333333
0.07154873	0.006530915	0.134666666667	0.0139333333333
0.07536674	0.008039004	0.134447777778	0.0140222222222
0.08375407	0.004746759	0.133666666667	0.0142333333333
0.06921601	0.006564487	0.133355555556	0.0125444444444
0.07650265	0.006424717	0.120403333333	0.0146666666667
0.0600912	0.007326766	0.119344444444	0.0145555555556
0.05870999	0.004152025	0.116306666667	0.0129333333333
0.05136919	0.007027606	0.120264444444	0.0146555555556
0.06600777	0.01265317	0.119808888889	0.0146111111111
0.06385633	0.006136421	0.133655555556	0.0142444444444
0.06490201	0.004885531	0.128437777778	0.0120222222222
0.05562331	0.004389072	0.116022222222	0.0137777777778
0.07359112	0.004605228	0.130864444444	0.0146555555556
0.06278008	0.01029652	0.125111111111	0.0148888888889
0.06909368	0.008345037	0.1207	0.0147
0.06750042	0.00805172	0.122125555556	0.0120444444444
0.05562109	0.006677796	0.119264444444	0.0145555555556
0.07118011	0.006625092	0.124784444444	0.0119555555556
0.05427133	0.004867626	0.116422222222	0.0139777777778
0.0618931	0.01196973	0.121371111111	0.0120888888889
0.06706846	0.004990853	0.117788888889	0.0125111111111
0.06377213	0.006039607	0.117155555556	0.0126444444444
0.0814054	0.004965819	0.13148	0.0146
0.06766784	0.005536975	0.129433333333	0.0120666666667
0.07880501	0.006460073	0.132878888889	0.0144111111111
0.06052525	0.01219972	0.124364444444	0.0119555555556
0.06017531	0.004970082	0.123833333333	0.0119666666667
0.06685738	0.004690786	0.117922222222	0.0124777777778
0.06134224	0.009044814	0.129851111111	0.0120888888889
0.06980553	0.005934158	0.134906666667	0.0129333333333
0.06534706	0.00574513	0.121191111111	0.0120888888889
0.06088005	0.01033622	0.134225555556	0.0141444444444
0.07680081	0.007840282	0.119778888889	0.0122111111111
0.03771785	0.007821834	0.133222222222	0.0124777777778
0.07824933	0.006996086	0.130095555556	0.0147444444444
0.06779671	0.007515622	0.1183	0.0124
0.08613079	0.01050734	0.116913333333	0.0141666666667
0.07128192	0.004789832	0.127284444444	0.0119555555556
0.05970601	0.005841634	0.116064444444	0.0129555555556
0.0619216	0.004939606	0.124966666667	0.0119333333333
0.04201321	0.006346721	0.115602222222	0.0132777777778
0.07310462	0.004462254	0.12252	0.012
0.08037319	0.007101697	0.131853333333	0.0122666666667
0.06413993	0.005578785	0.116055555556	0.0129444444444
0.06170327	0.005235757	0.134222222222	0.0126777777778
0.05368227	0.006893642	0.120577777778	0.0121222222222
0.07506889	0.006168205	0.135572222222	0.0133777777778
0.05644455	0.00586405	0.131666666667	0.0122333333333
0.0550865	0.006289001	0.124837777778	0.0119222222222
0.05948867	0.004867789	0.115688888889	0.0131111111111
0.06865903	0.005781768	0.1167	0.0127
0.06981371	0.008133687	0.132002222222	0.0145777777778
0.0667308	0.005341807	0.118404444444	0.0123555555556
0.08006225	0.003965732	0.133166666667	0.0124333333333
0.07038884	0.007081404	0.130915555556	0.0121444444444
0.06880575	0.005711698	0.117957777778	0.0124222222222
0.07833786	0.004518453	0.125588888889	0.0119111111111
0.05813038	0.003359316	0.121918888889	0.0120111111111
0.05712062	0.006585187	0.118933333333	0.0145666666667
0.07008161	0.006978847	0.128302222222	0.0148777777778
0.06700319	0.007052728	0.116144444444	0.0128555555556
0.06451693	0.005585461	0.121866666667	0.0148333333333
0.0686749	0.005279689	0.126188888889	0.0119111111111
0.08605936	0.006562995	0.134496666667	0.0141333333333
0.07396503	0.006464465	0.128844444444	0.0148555555556
