root_height	pop_size	pi_net	pi_within
0.08066746	0.006545362	0.142437777778	0.0163222222222
0.07700276	0.006518827	0.142577777778	0.0162222222222
0.07794478	0.005291231	0.143657777778	0.0162222222222
0.0603459	0.007461835	0.142195555556	0.0165444444444
0.08092644	0.004293458	0.144316666667	0.0162333333333
0.08910378	0.006949326	0.141646666667	0.0165333333333
0.06942134	0.006920469	0.142986666667	0.0160333333333
0.07721573	0.003934376	0.141131111111	0.0164888888889
0.08216462	0.004628394	0.144423333333	0.0164666666667
0.07748902	0.006193572	0.140953333333	0.0164666666667
0.06397563	0.009000168	0.145015555556	0.0163444444444
0.08922397	0.007265391	0.142444444444	0.0159555555556
0.09597239	0.007897166	0.140933333333	0.0160666666667
0.0785035	0.007877447	0.140274444444	0.0162555555556
0.08562026	0.006422083	0.141188888889	0.0160111111111
0.08491791	0.006668091	0.14062	0.0161
0.04578216	0.01362288	0.141267777778	0.0166222222222
0.07758385	0.01364583	0.144636666667	0.0160333333333
0.0738038	0.01076539	0.141826666667	0.0159333333333
0.07428244	0.008124464	0.145172222222	0.0164777777778
0.07804313	0.006234002	0.143715555556	0.0167444444444
0.08462687	0.007768615	0.139707777778	0.0162222222222
0.06476203	0.01059158	0.140035555556	0.0165444444444
0.07303328	0.00627066	0.140155555556	0.0160444444444
0.06932638	0.006236516	0.145611111111	0.0164888888889
0.08401392	0.007586596	0.144666666667	0.0159333333333
0.08800862	0.00431728	0.145444444444	0.0160555555556
0.08263798	0.006291433	0.140711111111	0.0166888888889
0.07950356	0.00333507	0.144311111111	0.0158888888889
0.08599956	0.004238732	0.145611111111	0.0160888888889
0.07821186	0.004626114	0.143944444444	0.0158555555556
0.07775948	0.007959615	0.141695555556	0.0158444444444
0.06553189	0.005712283	0.145377777778	0.0160222222222
0.07326113	0.008590589	0.141026666667	0.0167333333333
0.08830957	0.009647508	0.144648888889	0.0167111111111
0.07504164	0.005953208	0.142067777778	0.0158222222222
0.08725963	0.005466531	0.146077777778	0.0163222222222
0.06600072	0.005450429	0.140777777778	0.0167222222222
0.09357706	0.004007758	0.145994444444	0.0164555555556
0.07425467	0.005512536	0.1426	0.0158
0.07768082	0.005401694	0.146096666667	0.0161333333333
0.09256214	0.005089859	0.139535555556	0.0160444444444
0.06196175	0.009750031	0.146157777778	0.0165222222222
0.09805337	0.006817334	0.14646	0.0163
0.06180447	0.007397082	0.140292222222	0.0158777777778
0.08918963	0.00393209	0.142995555556	0.0157444444444
0.08022538	0.006310852	0.13918	0.0161
0.0861571	0.01179388	0.140077777778	0.0167222222222
0.08166469	0.01554989	0.139448888889	0.0160111111111
0.06548469	0.005516431	0.14564	0.0167
0.09214683	0.006771163	0.139086666667	0.0165333333333
0.08651743	0.006830229	0.138997777778	0.0161222222222
0.08333383	0.006810649	0.138751111111	0.0162888888889
0.07544031	0.004807894	0.139307777778	0.0166222222222
0.0881557	0.006064306	0.144766666667	0.0168333333333
0.05904526	0.009360144	0.139953333333	0.0158666666667
0.0859136	0.009058373	0.146824444444	0.0163555555556
0.08525017	0.006267066	0.139992222222	0.0167777777778
0.0544637	0.007535292	0.141608888889	0.0169111111111
0.07967549	0.009226919	0.146773333333	0.0161666666667
0.07197184	0.007732154	0.142011111111	0.0156888888889
0.0657391	0.00718938	0.138813333333	0.0165666666667
0.07534915	0.00713815	0.145388888889	0.0168111111111
0.08383458	0.008560395	0.138505555556	0.0164444444444
0.0829842	0.00664837	0.146002222222	0.0158777777778
0.08278761	0.008305369	0.14706	0.0164
0.08650941	0.006481614	0.146188888889	0.0167111111111
0.07889035	0.006023508	0.146355555556	0.0159444444444
0.07167134	0.005135382	0.138306666667	0.0163333333333
0.06034749	0.007240756	0.138755555556	0.0159444444444
0.08380996	0.006567767	0.147385555556	0.0163444444444
0.0938786	0.007036685	0.140051111111	0.0168888888889
0.06252049	0.007906264	0.1393	0.0168
0.07631686	0.007132399	0.143877777778	0.0156222222222
0.0859255	0.006145159	0.147477777778	0.0163222222222
0.07407074	0.005643724	0.138171111111	0.0160888888889
0.06674539	0.005939307	0.137893333333	0.0163666666667
0.09229162	0.008138577	0.146615555556	0.0167444444444
0.08339071	0.007575273	0.142822222222	0.0155777777778
0.07339258	0.005580455	0.138228888889	0.0160111111111
0.08424086	0.004301047	0.146155555556	0.0168444444444
0.08549232	0.009146709	0.147433333333	0.0160666666667
0.08746017	0.006168028	0.143063333333	0.0155666666667
0.08558586	0.004270243	0.139125555556	0.0168444444444
0.06690357	0.004805191	0.147513333333	0.0160666666667
0.06624007	0.007683598	0.137511111111	0.0162888888889
0.06279323	0.01237139	0.139665555556	0.0169444444444
0.05402835	0.00897864	0.142246666667	0.0155333333333
0.07596358	0.006826965	0.14489	0.0156
0.09017441	0.006073603	0.144223333333	0.0170666666667
0.08922552	0.006473829	0.137411111111	0.0163888888889
0.0909246	0.005117404	0.146888888889	0.0158111111111
0.06967968	0.01066988	0.137422222222	0.0161777777778
0.08360198	0.007576618	0.148068888889	0.0164111111111
0.0637038	0.009059244	0.146998888889	0.0168111111111
0.06288503	0.004073285	0.137446666667	0.0165333333333
0.06642432	0.008814545	0.148113333333	0.0164666666667
0.06712273	0.006369125	0.137211111111	0.0162888888889
0.07422367	0.006972096	0.137257777778	0.0164222222222
0.07249448	0.004869073	0.138377777778	0.0168222222222
0.08722524	0.006790824	0.146637777778	0.0157222222222
0.08633409	0.008165173	0.141188888889	0.0171111111111
0.06878001	0.004906501	0.1479	0.016
0.05598828	0.0125902	0.137133333333	0.0162666666667
0.06703251	0.0106386	0.143733333333	0.0154666666667
0.07691259	0.007049997	0.147993333333	0.0166666666667
0.0875927	0.007985314	0.139298888889	0.0156111111111
0.08692276	0.006207973	0.139288888889	0.0156111111111
0.082185	0.005459333	0.148575555556	0.0163444444444
0.07348428	0.005702269	0.144555555556	0.0171444444444
0.07697923	0.005573754	0.136871111111	0.0163888888889
0.07988397	0.007287667	0.136881111111	0.0161888888889
0.06704488	0.006044305	0.137044444444	0.0165555555556
0.08377761	0.007515736	0.148544444444	0.0161555555556
0.07778312	0.005750311	0.141436666667	0.0154333333333
0.06113251	0.009750685	0.13885	0.017
0.08626281	0.005500564	0.139233333333	0.0155666666667
0.09856391	0.005203446	0.140875555556	0.0154444444444
0.06376926	0.008683051	0.146055555556	0.0155444444444
0.06392625	0.008233592	0.143347777778	0.0172222222222
0.08594024	0.01434179	0.142501111111	0.0153888888889
0.07546555	0.007406823	0.144128888889	0.0172111111111
0.08429082	0.003449289	0.148955555556	0.0163444444444
0.09076269	0.005457506	0.148786666667	0.0165333333333
0.08898695	0.006202611	0.142515555556	0.0172444444444
0.07253341	0.007948301	0.148877777778	0.0165222222222
0.07212851	0.005348583	0.136374444444	0.0162555555556
0.08495198	0.006147825	0.1488	0.0166
0.07418499	0.007825215	0.140357777778	0.0154222222222
0.06481063	0.007612803	0.14908	0.0162
0.08667838	0.005769785	0.149122222222	0.0162777777778
0.08150256	0.01064621	0.137826666667	0.0169333333333
0.07186136	0.008189588	0.148491111111	0.0158888888889
0.07640992	0.005455065	0.146892222222	0.0155777777778
0.07475783	0.00665043	0.146071111111	0.0154888888889
0.06201003	0.01167371	0.149128888889	0.0162111111111
0.07757934	0.005126787	0.137333333333	0.0157666666667
0.07581304	0.006439002	0.144284444444	0.0172555555556
0.07364921	0.005058227	0.143984444444	0.0153555555556
0.08614061	0.006355689	0.149034444444	0.0160555555556
0.0693462	0.00634919	0.142831111111	0.0172888888889
0.07976029	0.007119302	0.142451111111	0.0172888888889
0.0939319	0.00494022	0.138444444444	0.0170555555556
0.07541416	0.007433124	0.136137777778	0.0162222222222
0.0901735	0.008246776	0.136493333333	0.0166666666667
0.07668509	0.006775099	0.138688888889	0.0171111111111
0.08405145	0.003575243	0.144555555556	0.0153444444444
0.07245885	0.005512339	0.138355555556	0.0155444444444
0.1057136	0.007353385	0.149095555556	0.0166444444444
0.07443466	0.004507274	0.138322222222	0.0170777777778
0.069679	0.006789893	0.141277777778	0.0153222222222
0.07196257	0.005696015	0.147618888889	0.0170111111111
0.08595544	0.008672934	0.149466666667	0.0161333333333
0.08391294	0.005191736	0.145433333333	0.0153666666667
0.07598137	0.008091396	0.148524444444	0.0157555555556
0.0604002	0.005917518	0.141711111111	0.0152888888889
0.09184455	0.00408246	0.149582222222	0.0161777777778
0.09019633	0.009708793	0.141616666667	0.0173333333333
0.07062045	0.006398435	0.146515555556	0.0154444444444
0.0691582	0.006081929	0.143582222222	0.0152777777778
0.08118093	0.004563494	0.146066666667	0.0172333333333
0.0385968	0.01322698	0.144115555556	0.0173444444444
0.06172223	0.004833266	0.138027777778	0.0155222222222
0.06939344	0.0079172	0.142203333333	0.0173666666667
0.08325163	0.005384682	0.135748888889	0.0165111111111
0.08074614	0.007671199	0.148578888889	0.0169111111111
0.09414567	0.006268473	0.149308888889	0.0159111111111
0.06990678	0.006939485	0.136644444444	0.0157555555556
0.0695448	0.01392141	0.14974	0.0165
0.08092247	0.005964687	0.149855555556	0.0162444444444
0.08701586	0.005807444	0.13788	0.0171
0.06586122	0.006475294	0.141612222222	0.0173777777778
0.07751846	0.007189604	0.13722	0.0156
0.07620006	0.006114038	0.144544444444	0.0152555555556
0.08443325	0.008102066	0.146162222222	0.0172777777778
0.07513567	0.004248842	0.149788888889	0.0160111111111
0.06601214	0.006364163	0.135786666667	0.0159333333333
0.06681025	0.006252871	0.135973333333	0.0167666666667
0.08235917	0.006164023	0.147927777778	0.0155222222222
0.08086205	0.006008824	0.146355555556	0.0153444444444
0.08681794	0.006555491	0.139156666667	0.0153333333333
0.0577239	0.01050235	0.135433333333	0.0160666666667
0.07849603	0.006948505	0.146936666667	0.0172333333333
0.07292538	0.008061626	0.148243333333	0.0170666666667
0.08448444	0.00591105	0.145022222222	0.0173777777778
0.07457556	0.005588955	0.14378	0.0152
0.0705781	0.00610083	0.136	0.0158
0.09273387	0.005818256	0.137241111111	0.0170888888889
0.06343369	0.007860527	0.137044444444	0.0155555555556
0.08537951	0.006600839	0.149033333333	0.0156666666667
0.08287012	0.007022847	0.144181111111	0.0151888888889
0.08204732	0.006043662	0.149608888889	0.0158111111111
0.08031946	0.006436765	0.137395555556	0.0171444444444
0.05460556	0.01053515	0.1351	0.0165
0.07256832	0.008835735	0.135438888889	0.0159111111111
0.0712911	0.009337506	0.135105555556	0.0165444444444
0.09381385	0.00567586	0.137107777778	0.0171222222222
0.08074792	0.004069683	0.146053333333	0.0173666666667
0.07386788	0.01289383	0.141444444444	0.0151555555556
0.08410336	0.005707626	0.147657777778	0.0172222222222
0.0725883	0.007015042	0.134854444444	0.0162555555556
0.07905179	0.00769943	0.138215555556	0.0153444444444
0.09138303	0.005380682	0.149176666667	0.0156333333333
0.08476728	0.006599474	0.134951111111	0.0160888888889
0.06997171	0.006266389	0.1348	0.0163
0.09350191	0.004185582	0.138206666667	0.0153333333333
0.08445588	0.006888581	0.150177777778	0.0167222222222
0.08552484	0.007383396	0.135051111111	0.0159888888889
0.0721525	0.008016642	0.150631111111	0.0164888888889
0.09848705	0.00432413	0.150522222222	0.0165777777778
0.07605182	0.006205662	0.150722222222	0.0162777777778
0.0711435	0.003959449	0.134991111111	0.0159888888889
0.08165112	0.003594333	0.146553333333	0.0173666666667
0.08533745	0.0116006	0.146966666667	0.0173333333333
0.08145716	0.004914087	0.138188888889	0.0153111111111
0.07086321	0.005335218	0.134812222222	0.0165777777778
0.07797966	0.007875367	0.137603333333	0.0153666666667
0.07495561	0.009784692	0.144995555556	0.0151444444444
0.07705321	0.003414219	0.14603	0.0152
0.08500234	0.005567733	0.135175555556	0.0158444444444
0.07358306	0.007133012	0.135207777778	0.0158222222222
0.06045573	0.005016609	0.14149	0.0151
0.09197571	0.007285058	0.144368888889	0.0175111111111
0.08759881	0.004557944	0.1359	0.017
0.07565854	0.004629787	0.143751111111	0.0150888888889
0.07660845	0.009287264	0.135323333333	0.0157666666667
0.06641603	0.006814631	0.135723333333	0.0169666666667
0.08640197	0.006530642	0.140236666667	0.0151333333333
0.07918202	0.006873458	0.148251111111	0.0153888888889
0.07494601	0.007130716	0.138333333333	0.0173666666667
0.05588356	0.007982623	0.135205555556	0.0168444444444
0.09276147	0.006616798	0.147677777778	0.0173222222222
0.06846769	0.004584246	0.136442222222	0.0154777777778
0.06744264	0.005042307	0.147717777778	0.0173222222222
0.07217996	0.007161949	0.141433333333	0.0150666666667
0.07350498	0.0104147	0.150886666667	0.0166333333333
0.08068469	0.006346794	0.135776666667	0.0170333333333
0.08400545	0.005696112	0.136291111111	0.0154888888889
0.08049967	0.005134191	0.134731111111	0.0158888888889
0.06867053	0.007058395	0.13436	0.0161
0.06934171	0.008268976	0.134866666667	0.0158333333333
0.07976933	0.009870727	0.147544444444	0.0173555555556
0.06815251	0.01386396	0.135731111111	0.0155888888889
0.06102231	0.005700833	0.143375555556	0.0150444444444
0.08161812	0.004314503	0.135824444444	0.0170555555556
0.08456923	0.004145101	0.135814444444	0.0155555555556
0.09219635	0.005528299	0.149791111111	0.0155888888889
0.08684738	0.008177557	0.149467777778	0.0155222222222
0.07505763	0.007230511	0.147247777778	0.0152222222222
0.08584199	0.006111793	0.145311111111	0.0150888888889
0.08083478	0.003612366	0.140463333333	0.0150666666667
0.07724675	0.007350612	0.136844444444	0.0172555555556
0.07047527	0.005692191	0.138844444444	0.0151555555556
0.09376605	0.003745133	0.144455555556	0.0150444444444
0.0850525	0.003951395	0.140363333333	0.0150666666667
0.06392963	0.009996687	0.135326666667	0.0156333333333
0.06570071	0.004455223	0.135506666667	0.0170333333333
0.09045933	0.004768105	0.134641111111	0.0167888888889
0.08242731	0.008529151	0.134333333333	0.0166666666667
0.08090529	0.007009016	0.144177777778	0.0150222222222
0.08816439	0.01019359	0.134722222222	0.0157777777778
0.08354441	0.004877028	0.144621111111	0.0175888888889
0.08174324	0.005579795	0.134577777778	0.0158222222222
0.08288019	0.006882966	0.14303	0.015
0.07784597	0.008010005	0.1461	0.0151
0.08162877	0.005805476	0.134733333333	0.0168666666667
0.08381449	0.007040511	0.135708888889	0.0155111111111
0.04271521	0.008117118	0.139793333333	0.0150666666667
0.08120601	0.01073019	0.150072222222	0.0155777777778
0.07761871	0.008989899	0.134278888889	0.0167111111111
0.06266219	0.004837848	0.133977777778	0.0165222222222
0.05941333	0.007519624	0.145753333333	0.0150666666667
0.07975907	0.006705945	0.134624444444	0.0168555555556
0.09133726	0.004945103	0.1493	0.0154
0.0490425	0.009236119	0.137806666667	0.0174333333333
0.07225789	0.007683628	0.1469	0.0175
0.0859468	0.006790587	0.149521111111	0.0171888888889
0.08684665	0.006731572	0.140577777778	0.0176222222222
0.0967889	0.007341954	0.139404444444	0.0150555555556
0.09060897	0.01039588	0.145646666667	0.0150333333333
0.0800299	0.007557415	0.137448888889	0.0152111111111
0.0927009	0.007191328	0.1481	0.0174
0.06615055	0.006262153	0.137742222222	0.0151777777778
0.07305834	0.004413195	0.140297777778	0.0176222222222
0.08864224	0.006145014	0.134548888889	0.0157111111111
0.06844833	0.003262163	0.1518	0.0162
0.06702157	0.005024843	0.151738888889	0.0161111111111
0.07422114	0.004438506	0.135063333333	0.0155666666667
0.08230519	0.006415471	0.136722222222	0.0152777777778
0.0801987	0.007459922	0.138722222222	0.0150777777778
0.08855317	0.009583916	0.144573333333	0.0149666666667
0.07295155	0.01056845	0.133855555556	0.0159444444444
0.07072397	0.007121442	0.133503333333	0.0161666666667
0.07952043	0.008147806	0.135551111111	0.0171888888889
0.0829119	0.009539927	0.141766666667	0.0149333333333
0.07876208	0.005266649	0.134008888889	0.0158111111111
0.06232767	0.005660635	0.134008888889	0.0168111111111
0.07326611	0.01234128	0.133416666667	0.0164333333333
0.08595464	0.006398731	0.13906	0.0176
0.08034376	0.007253356	0.142318888889	0.0177111111111
0.08781153	0.005464914	0.141918888889	0.0149111111111
0.0673249	0.005045671	0.151955555556	0.0160444444444
0.07667527	0.005769477	0.143708888889	0.0149111111111
0.09834916	0.00580111	0.151768888889	0.0167111111111
0.0869347	0.004882945	0.133753333333	0.0158666666667
0.0820126	0.00474587	0.133722222222	0.0158777777778
0.08240269	0.006375335	0.14934	0.0153
0.05457843	0.006271581	0.140551111111	0.0176888888889
0.05974471	0.006837294	0.144547777778	0.0149222222222
0.08159562	0.006023321	0.137244444444	0.0151555555556
0.08072901	0.004907724	0.134242222222	0.0156777777778
0.0664364	0.008522771	0.139311111111	0.0149888888889
0.0688047	0.01254605	0.142771111111	0.0148888888889
0.08317811	0.006665898	0.138302222222	0.0175777777778
0.09046072	0.005835759	0.144217777778	0.0177222222222
0.05339501	0.01044392	0.142755555556	0.0177444444444
0.08179974	0.007243472	0.135075555556	0.0154444444444
0.0833491	0.007747809	0.139792222222	0.0176777777778
0.08841959	0.004278694	0.152044444444	0.0159555555556
0.05535016	0.01796492	0.135651111111	0.0172888888889
0.080264	0.00571016	0.141782222222	0.0148777777778
0.04306709	0.01461411	0.133288888889	0.0160111111111
0.07731846	0.006999651	0.13464	0.0171
0.07950758	0.004124323	0.134822222222	0.0154777777778
0.04567968	0.007306629	0.133323333333	0.0166666666667
0.07683502	0.007687234	0.137733333333	0.0150666666667
0.08543221	0.005570782	0.138726666667	0.0176333333333
0.09446792	0.006753488	0.140806666667	0.0177333333333
0.07604511	0.004592552	0.139611111111	0.0176888888889
0.06730384	0.00507304	0.136171111111	0.0173888888889
0.06829476	0.007954969	0.1373	0.0151
0.07296668	0.004507207	0.134334444444	0.0170555555556
0.07710919	0.007687903	0.133747777778	0.0157222222222
0.09014134	0.006345498	0.151736666667	0.0157333333333
0.09656685	0.006101868	0.146812222222	0.0149777777778
0.05091805	0.006588362	0.133933333333	0.0169666666667
0.06581249	0.006802959	0.134244444444	0.0170555555556
0.06192489	0.006498762	0.142546666667	0.0148333333333
0.07310817	0.007186538	0.151914444444	0.0168555555556
0.0816083	0.005518075	0.152518888889	0.0165111111111
0.08005752	0.005787122	0.148074444444	0.0150555555556
0.05330506	0.006846087	0.138755555556	0.0149444444444
0.07764377	0.006819901	0.142257777778	0.0148222222222
0.04116836	0.01140537	0.132766666667	0.0164333333333
0.07626097	0.00410071	0.136946666667	0.0175333333333
0.06849068	0.00603911	0.15254	0.016
0.08231416	0.006594342	0.132922222222	0.0159777777778
0.07636705	0.008403206	0.133237777778	0.0168222222222
0.08931035	0.005010249	0.146488888889	0.0177111111111
0.07607138	0.005165666	0.140282222222	0.0177777777778
0.04870093	0.006247891	0.134588888889	0.0154111111111
0.0657294	0.007717716	0.141418888889	0.0148111111111
0.08123621	0.006862598	0.135088888889	0.0153111111111
0.05882075	0.009085147	0.137201111111	0.0175888888889
0.073411	0.005230083	0.133844444444	0.0170555555556
0.06049488	0.01197037	0.137191111111	0.0175888888889
0.06200245	0.006508754	0.134855555556	0.0153444444444
0.08566836	0.006161602	0.13247	0.0163
0.07037863	0.00542854	0.137177777778	0.0150222222222
0.07517983	0.005859606	0.143182222222	0.0147777777778
0.06801101	0.007152018	0.140508888889	0.0178111111111
0.04821062	0.006928099	0.145566666667	0.0148333333333
0.0743639	0.004946187	0.135498888889	0.0152111111111
0.05737488	0.006329922	0.139324444444	0.0148555555556
0.08166668	0.005575433	0.140328888889	0.0148111111111
0.07563903	0.008645004	0.142933333333	0.0147666666667
0.08046366	0.004629446	0.133868888889	0.0171111111111
0.0636555	0.007719863	0.132751111111	0.0158888888889
0.09217999	0.005254896	0.152897777778	0.0160222222222
0.07440339	0.007947776	0.13241	0.0165
0.05937715	0.007029446	0.150913333333	0.0172666666667
0.06574897	0.00589097	0.136362222222	0.0150777777778
0.05543987	0.00771683	0.146604444444	0.0177555555556
0.06565765	0.003934062	0.138311111111	0.0148888888889
0.06612088	0.00662586	0.143082222222	0.0178777777778
0.08273878	0.006388392	0.140532222222	0.0147777777778
0.0827904	0.008051175	0.144054444444	0.0147555555556
0.0770679	0.007775859	0.1394	0.0178
0.06114921	0.0148942	0.151377777778	0.0154222222222
0.07957301	0.009773679	0.133522222222	0.0170777777778
0.08296392	0.007389705	0.149548888889	0.0175111111111
0.06886243	0.009072649	0.132677777778	0.0158222222222
0.06943119	0.005476794	0.146622222222	0.0177777777778
0.08728522	0.01010998	0.150673333333	0.0152666666667
0.0813457	0.008384129	0.132107777778	0.0164222222222
0.07578362	0.007179501	0.150408888889	0.0152111111111
0.08734769	0.003646477	0.152133333333	0.0155666666667
0.09223276	0.006827077	0.138897777778	0.0148222222222
0.05238664	0.01445043	0.153353333333	0.0161666666667
0.06684267	0.005728063	0.135486666667	0.0151333333333
0.0589068	0.007900105	0.139672222222	0.0147777777778
0.07724314	0.006090247	0.132067777778	0.0161222222222
0.08752412	0.008764939	0.151813333333	0.0171666666667
0.07631181	0.005833076	0.148735555556	0.0176444444444
0.08587014	0.004369352	0.152151111111	0.0170888888889
0.08162922	0.003848645	0.133164444444	0.0170555555556
0.08796567	0.004901149	0.136161111111	0.0175888888889
0.0584778	0.00959838	0.135437777778	0.0151222222222
0.0706729	0.01243179	0.138967777778	0.0178222222222
0.08731425	0.006324736	0.151066666667	0.0173333333333
0.08263983	0.005037665	0.13892	0.0148
0.09113056	0.005047396	0.134463333333	0.0152666666667
0.09922497	0.005829587	0.149722222222	0.0150777777778
0.0588215	0.006791587	0.13553	0.0151
0.07610757	0.005387686	0.139444444444	0.0178555555556
0.07806793	0.005056378	0.137377777778	0.0177222222222
0.06801334	0.007685682	0.152705555556	0.0169444444444
0.0757696	0.005944295	0.131982222222	0.0160777777778
0.06659446	0.008656567	0.141611111111	0.0146888888889
0.08763233	0.007849553	0.146224444444	0.0178555555556
0.06771312	0.009295725	0.134511111111	0.0173888888889
0.08540066	0.007433583	0.142622222222	0.0146777777778
0.05450717	0.005435502	0.131837777778	0.0161222222222
0.08418303	0.005889752	0.135106666667	0.0151333333333
0.08228942	0.01018368	0.153655555556	0.0161444444444
0.08014463	0.006978525	0.142644444444	0.0179555555556
0.07649596	0.00452573	0.136141111111	0.0149888888889
0.06877701	0.004983868	0.152281111111	0.0154888888889
0.07163295	0.007660949	0.132398888889	0.0169111111111
0.07929957	0.005024553	0.136677777778	0.0149222222222
0.08704037	0.008870845	0.137283333333	0.0148666666667
0.1018711	0.004430603	0.153806666667	0.0162333333333
0.07355239	0.006239629	0.135522222222	0.0175777777778
0.07291872	0.006926612	0.140933333333	0.0146666666667
0.07387887	0.006380424	0.131824444444	0.0159555555556
0.07932344	0.002764292	0.131824444444	0.0159555555556
0.07496315	0.003965056	0.136431111111	0.0176888888889
0.05203839	0.009300884	0.143372222222	0.0179777777778
0.07910338	0.005428266	0.1337	0.0173
0.07050638	0.00806402	0.131821111111	0.0166888888889
0.07821898	0.01275615	0.138215555556	0.0178444444444
0.06868087	0.009421347	0.132645555556	0.0170444444444
0.08611246	0.007932407	0.153582222222	0.0158777777778
0.09087092	0.006435062	0.143356666667	0.0146333333333
0.05333411	0.009423991	0.142056666667	0.0146333333333
0.07216588	0.00774805	0.131513333333	0.0161666666667
0.06533021	0.008453178	0.149077777778	0.0149222222222
0.0442252	0.01057707	0.144322222222	0.0179777777778
0.09763135	0.004818218	0.14268	0.018
0.0966875	0.005271815	0.142877777778	0.0146222222222
0.07539547	0.004757559	0.140875555556	0.0146444444444
0.08725891	0.007328635	0.1393	0.0147
0.04055338	0.00899401	0.145926666667	0.0179333333333
0.08746026	0.007812872	0.131577777778	0.0166222222222
0.08206917	0.005851469	0.139984444444	0.0179555555556
0.04527054	0.006099786	0.132564444444	0.0155555555556
0.08907691	0.006156398	0.153993333333	0.0160666666667
0.07895758	0.009602974	0.152866666667	0.0155333333333
0.08050514	0.007663355	0.153873333333	0.0166666666667
0.08156531	0.005924536	0.134598888889	0.0151111111111
0.06743031	0.005876372	0.13305	0.0154
0.08310324	0.006643917	0.131816666667	0.0168333333333
0.05306647	0.006073098	0.132162222222	0.0169777777778
0.08715056	0.006602112	0.151804444444	0.0173555555556
0.06997359	0.006386842	0.152557777778	0.0154222222222
0.0722152	0.009564409	0.1313	0.0161
0.07316318	0.008248411	0.131793333333	0.0157666666667
0.08346131	0.005454759	0.141437777778	0.0180222222222
0.07584376	0.00810551	0.154013333333	0.0159666666667
0.08131151	0.006066395	0.149844444444	0.0149555555556
0.05180061	0.006798017	0.138992222222	0.0146777777778
0.0762087	0.008347198	0.138982222222	0.0146777777778
0.09515389	0.006936981	0.153731111111	0.0157888888889
0.07914053	0.01167469	0.133942222222	0.0151777777778
0.07609521	0.008767795	0.143122222222	0.0145777777778
0.06686807	0.005986341	0.15226	0.0173
0.07667355	0.007172348	0.141116666667	0.0180333333333
0.07668923	0.005234502	0.135808888889	0.0149111111111
0.08780436	0.007016165	0.149866666667	0.0149333333333
0.07356825	0.004545339	0.131412222222	0.0158777777778
0.08412692	0.005353597	0.144701111111	0.0145888888889
0.0951798	0.01264543	0.14578	0.018
0.08614709	0.008897647	0.132154444444	0.0155555555556
0.07592405	0.005478385	0.131017777778	0.0164222222222
0.08458503	0.006305358	0.143863333333	0.0145666666667
0.06278421	0.00880527	0.139497777778	0.0146222222222
0.06054889	0.006008781	0.143074444444	0.0145555555556
0.07762875	0.006761461	0.141253333333	0.0145666666667
0.07573935	0.008434671	0.136962222222	0.0147777777778
0.05324057	0.007805873	0.13195	0.0156
0.06410232	0.006629158	0.132413333333	0.0171666666667
0.08742502	0.006816913	0.144544444444	0.0180555555556
0.07350946	0.005597815	0.132466666667	0.0154333333333
0.08600861	0.006485673	0.133282222222	0.0173777777778
0.09020497	0.006080457	0.154508888889	0.0161111111111
0.04890977	0.007279756	0.131255555556	0.0158444444444
0.07633011	0.01242482	0.13741	0.0179
0.0694423	0.006550936	0.138404444444	0.0146555555556
0.08487732	0.007469546	0.146845555556	0.0146444444444
0.07780408	0.006068584	0.136954444444	0.0147555555556
0.08089134	0.005793671	0.138174444444	0.0179555555556
0.07766515	0.006644302	0.133025555556	0.0173444444444
0.07248128	0.008833141	0.14647	0.018
0.07706869	0.004687487	0.147293333333	0.0146666666667
0.0748386	0.005911527	0.131393333333	0.0168666666667
0.0797222	0.00684642	0.131923333333	0.0170666666667
0.08438123	0.008262516	0.154631111111	0.0161888888889
0.05503924	0.006139671	0.133807777778	0.0151222222222
0.06875283	0.005243615	0.132975555556	0.0173444444444
0.08913074	0.00807326	0.13876	0.018
0.07135237	0.005635956	0.147145555556	0.0146444444444
0.04348975	0.01000191	0.153706666667	0.0170333333333
0.06725461	0.007581683	0.130777777778	0.0161222222222
0.07645183	0.006259994	0.130704444444	0.0162555555556
0.08220752	0.006027371	0.154037777778	0.0169222222222
0.08543514	0.007350348	0.152826666667	0.0153333333333
0.07456251	0.007303063	0.154544444444	0.0166555555556
0.0822136	0.007027377	0.139913333333	0.0180666666667
0.07792084	0.004378242	0.144397777778	0.0145222222222
0.08912223	0.004045663	0.138618888889	0.0146111111111
0.06587347	0.007759887	0.1548	0.0162
0.07089549	0.006629483	0.130946666667	0.0167333333333
0.07572211	0.005121554	0.133333333333	0.0151666666667
0.09833965	0.007661155	0.144677777778	0.0145222222222
0.08932172	0.0077037	0.153122222222	0.0153777777778
0.07276594	0.006117033	0.136726666667	0.0147333333333
0.04769932	0.008320267	0.139042222222	0.0145777777778
0.09211423	0.005649651	0.154908888889	0.0164111111111
0.08717643	0.006123327	0.14118	0.0145
0.07181055	0.008220204	0.137111111111	0.0146888888889
0.07250526	0.005111774	0.130751111111	0.0166888888889
0.0590847	0.007417493	0.131044444444	0.0157555555556
0.05664272	0.00581329	0.130494444444	0.0164555555556
0.08397128	0.006868713	0.130711111111	0.0166888888889
0.07716045	0.008110052	0.135322222222	0.0177777777778
0.06348232	0.005678224	0.1305	0.0161
0.07401385	0.005659779	0.13086	0.0158
0.06219931	0.00969779	0.131327777778	0.0170222222222
0.07874239	0.007760819	0.148606666667	0.0179333333333
0.06215543	0.008795974	0.154806666667	0.0159333333333
0.04901165	0.009745774	0.136306666667	0.0147333333333
0.07512264	0.00811229	0.142053333333	0.0144666666667
0.08763945	0.007538004	0.150611111111	0.0148888888889
0.08706985	0.005645701	0.154918888889	0.0160111111111
0.07412898	0.01026081	0.154438888889	0.0157111111111
0.08701215	0.005937393	0.136746666667	0.0179333333333
0.06478489	0.007840733	0.132288888889	0.0173111111111
0.07213143	0.004203952	0.134507777778	0.0149222222222
0.07515765	0.004653636	0.130351111111	0.0164888888889
0.06408647	0.006347001	0.132933333333	0.0151666666667
0.08872767	0.006443954	0.152562222222	0.0151777777778
0.0719719	0.006679889	0.130331111111	0.0164888888889
0.08890798	0.005877346	0.134722222222	0.0148777777778
0.09422871	0.004046256	0.1478	0.0146
0.09002807	0.004074205	0.152033333333	0.0175666666667
0.06103131	0.007499622	0.148674444444	0.0146555555556
0.08931595	0.00730588	0.151435555556	0.0149444444444
0.04856177	0.007599234	0.13612	0.0147
0.08193229	0.007127864	0.1424	0.0182
0.07678816	0.004090702	0.145124444444	0.0144555555556
0.07524189	0.007441964	0.130088888889	0.0164111111111
0.07234513	0.00895213	0.135117777778	0.0178222222222
0.08100817	0.007794324	0.130037777778	0.0163222222222
0.09967687	0.004907134	0.144915555556	0.0144444444444
0.08316952	0.005971119	0.13028	0.0167
0.09156288	0.004852229	0.152711111111	0.0174888888889
0.06492538	0.006349463	0.131355555556	0.0154444444444
0.04516365	0.007091729	0.130036666667	0.0165333333333
0.08057217	0.007559709	0.13868	0.0145
0.07740286	0.005561468	0.140366666667	0.0144333333333
0.05380498	0.009153694	0.130674444444	0.0169555555556
0.08440321	0.0062611	0.138006666667	0.0145333333333
0.08409311	0.003319521	0.135456666667	0.0147333333333
0.07616991	0.006149319	0.130433333333	0.0157666666667
0.07295698	0.003872453	0.130955555556	0.0155444444444
0.07107401	0.0051192	0.131666666667	0.0153333333333
0.07312499	0.01030471	0.1516	0.0177
0.09386519	0.006132085	0.14702	0.0145
0.0833855	0.01225137	0.145805555556	0.0144444444444
0.06524591	0.008605222	0.132482222222	0.0174777777778
0.08044728	0.006707673	0.151144444444	0.0148555555556
0.08773608	0.003219048	0.144788888889	0.0144111111111
0.08047268	0.007278736	0.130895555556	0.0155444444444
0.04508927	0.007677383	0.13127	0.0172
0.0690621	0.01234948	0.132088888889	0.0174111111111
0.06910446	0.01082592	0.134265555556	0.0148444444444
0.07813864	0.007164698	0.129984444444	0.0159555555556
0.06337806	0.005589134	0.143472222222	0.0143777777778
0.06655731	0.00442014	0.13166	0.0153
0.07061025	0.007705565	0.133241111111	0.0149888888889
0.08308208	0.004635766	0.129768888889	0.0164111111111
0.08130518	0.006650955	0.153133333333	0.0174666666667
0.0891159	0.00720922	0.140951111111	0.0143888888889
0.07121378	0.008069116	0.134666666667	0.0178333333333
0.06253332	0.008510487	0.152185555556	0.0176444444444
0.08667811	0.007220578	0.138533333333	0.0144666666667
0.07965523	0.008495544	0.141135555556	0.0182444444444
0.08429634	0.01034334	0.134226666667	0.0148333333333
0.09575291	0.005233079	0.152222222222	0.0149777777778
0.06127414	0.008937414	0.141883333333	0.0143666666667
0.07945931	0.003288366	0.141883333333	0.0143666666667
0.08365031	0.003930513	0.1555	0.0167
0.06832894	0.00796581	0.150188888889	0.0147111111111
0.06344668	0.007977915	0.138433333333	0.0144666666667
0.0906529	0.006085189	0.144622222222	0.0143777777778
0.08368703	0.00495586	0.140326666667	0.0182333333333
0.07415702	0.006125308	0.144224444444	0.0182555555556
0.07790769	0.005840233	0.150575555556	0.0147444444444
0.06205497	0.008648328	0.132653333333	0.0175666666667
0.07783291	0.006911033	0.139488888889	0.0182111111111
0.06599888	0.00803567	0.153773333333	0.0173666666667
0.07502275	0.006199459	0.129922222222	0.0158777777778
0.02258794	0.009118176	0.145002222222	0.0143777777778
0.06860958	0.007531687	0.142755555556	0.0143444444444
0.07501628	0.004601273	0.133326666667	0.0149333333333
0.06964083	0.009290445	0.130064444444	0.0168555555556
0.09560734	0.01347145	0.150621111111	0.0178888888889
0.0616088	0.005779564	0.1323	0.0151
0.06553927	0.009942485	0.132297777778	0.0175222222222
0.06593205	0.007449729	0.130337777778	0.0156222222222
0.09053457	0.005823484	0.145562222222	0.0143777777778
0.080084	0.009093251	0.14621	0.0144
0.06841712	0.00789896	0.131132222222	0.0172777777778
0.08679022	0.01001745	0.134977777778	0.0179222222222
0.0773444	0.006131361	0.143766666667	0.0143333333333
0.07104245	0.005984826	0.1306	0.0155
0.06556907	0.005528074	0.130622222222	0.0154777777778
0.07274044	0.005403541	0.135657777778	0.0146222222222
0.07358531	0.004308191	0.132415555556	0.0150444444444
0.08399126	0.006643172	0.133351111111	0.0148888888889
0.09467919	0.01090058	0.149966666667	0.0146333333333
0.0791652	0.01478827	0.154494444444	0.0172555555556
0.06620925	0.007223344	0.156095555556	0.0163444444444
0.06893449	0.005793059	0.130324444444	0.0155555555556
0.07434861	0.00872175	0.140626666667	0.0143333333333
0.07612786	0.006465992	0.144871111111	0.0182888888889
0.08252438	0.008747166	0.143588888889	0.0143111111111
0.07535143	0.008908735	0.14096	0.0183
0.06608138	0.00425024	0.131938888889	0.0151111111111
0.06428716	0.006773105	0.1304	0.0155
0.06731034	0.006950766	0.135397777778	0.0146222222222
0.07080054	0.005434804	0.142207777778	0.0183222222222
0.07734078	0.006179253	0.129308888889	0.0165111111111
0.07985379	0.01033242	0.135082222222	0.0179777777778
0.06106241	0.007746419	0.156	0.0167
0.07310146	0.01130804	0.133882222222	0.0147777777778
0.06997113	0.01005813	0.131164444444	0.0152555555556
0.08624902	0.01086106	0.133155555556	0.0177444444444
0.07140961	0.006869261	0.138662222222	0.0143777777778
0.1017555	0.009611077	0.149261111111	0.0180888888889
0.08479806	0.005296501	0.129144444444	0.0162555555556
0.0663953	0.007490949	0.135893333333	0.0180666666667
0.07320017	0.009450338	0.129833333333	0.0156666666667
0.08501226	0.004608477	0.129388888889	0.0159111111111
0.07971847	0.0082671	0.139571111111	0.0182888888889
0.09170397	0.006239851	0.150724444444	0.0179555555556
0.08943788	0.005562216	0.138271111111	0.0143888888889
0.08668642	0.005902268	0.137133333333	0.0181666666667
0.07822212	0.006430002	0.133203333333	0.0177666666667
0.08599024	0.00412593	0.1449	0.0143
0.08151156	0.00464869	0.144411111111	0.0142888888889
0.07162811	0.005398763	0.1317	0.0151
0.07791608	0.004880974	0.135966666667	0.0145333333333
0.08794634	0.005456389	0.132286666667	0.0176333333333
0.07222363	0.007875448	0.142483333333	0.0142666666667
0.09433087	0.004761455	0.149864444444	0.0180555555556
0.09512515	0.007770662	0.147597777778	0.0182222222222
0.06637217	0.009568749	0.132394444444	0.0176555555556
0.07279432	0.008387651	0.135088888889	0.0146111111111
0.05854688	0.008238378	0.135544444444	0.0180555555556
0.06862945	0.005014553	0.1378	0.0144
0.08268404	0.007498165	0.129092222222	0.0160777777778
0.1003219	0.007229798	0.156075555556	0.0158444444444
0.08352107	0.009733857	0.152322222222	0.0177777777778
0.084339	0.00499687	0.154455555556	0.0152444444444
0.0675485	0.008384315	0.14574	0.0143
0.07072011	0.006713631	0.131195555556	0.0174444444444
0.076828	0.007961097	0.150528888889	0.0146111111111
0.06492266	0.004557318	0.129707777778	0.0156222222222
0.06981821	0.006547948	0.15293	0.0177
0.07926622	0.00994892	0.145511111111	0.0142888888889
0.09690485	0.009578493	0.156517777778	0.0164222222222
0.09248581	0.006759232	0.141324444444	0.0142555555556
0.06502218	0.01126376	0.13247	0.0177
0.0803762	0.006033855	0.130331111111	0.0153888888889
0.06590756	0.00760031	0.132884444444	0.0148555555556
0.07307176	0.00438278	0.12903	0.016
0.07171	0.005797387	0.146826666667	0.0143333333333
0.0761814	0.009482324	0.156373333333	0.0166666666667
0.07047619	0.006981115	0.141695555556	0.0142444444444
0.08093841	0.005392479	0.135677777778	0.0145222222222
0.07199861	0.01234699	0.139267777778	0.0183222222222
0.09874965	0.004694205	0.14952	0.0145
0.07182187	0.007428731	0.128854444444	0.0161555555556
0.08807343	0.005333377	0.130762222222	0.0173777777778
0.07670567	0.005140666	0.13586	0.0145
0.08231183	0.004513993	0.13189	0.015
0.07184869	0.005866583	0.137351111111	0.0143888888889
0.07617795	0.005705701	0.129028888889	0.0167111111111
0.06718327	0.006350103	0.130575555556	0.0173444444444
0.06684355	0.003765303	0.129933333333	0.0154666666667
0.08050165	0.01038244	0.156604444444	0.0165555555556
0.0876291	0.004223779	0.141226666667	0.0142333333333
0.09167506	0.006179698	0.15504	0.0173
0.07280118	0.007238346	0.136425555556	0.0144444444444
0.06079643	0.00538346	0.129726666667	0.0155333333333
0.08213927	0.005682402	0.131044444444	0.0151555555556
0.08205055	0.005862983	0.1318	0.015
0.0534785	0.01042009	0.129087777778	0.0158222222222
0.07260435	0.00608029	0.150255555556	0.0145444444444
0.09002731	0.006262993	0.139315555556	0.0183444444444
0.0739867	0.006466407	0.137664444444	0.0143555555556
0.06826713	0.004750362	0.150166666667	0.0145333333333
0.07533485	0.004718077	0.137835555556	0.0143444444444
0.07583078	0.004061592	0.133816666667	0.0179333333333
0.0792826	0.004922741	0.136748888889	0.0144111111111
0.08078077	0.00990224	0.150345555556	0.0145444444444
0.08596665	0.004969405	0.143438888889	0.0142111111111
0.08765773	0.006017408	0.13556	0.0145
0.07197387	0.005686883	0.132473333333	0.0148666666667
0.08091972	0.007128911	0.131711111111	0.0149888888889
0.0723518	0.005195541	0.144208888889	0.0142111111111
0.0857364	0.007739108	0.141737777778	0.0184222222222
0.09466249	0.007745768	0.156693333333	0.0166666666667
0.07180247	0.005528735	0.134895555556	0.0145444444444
0.07170831	0.008028719	0.137566666667	0.0143333333333
0.03733992	0.009431975	0.155297777778	0.0153222222222
0.05021181	0.006773265	0.13769	0.0183
0.07591413	0.005962248	0.129528888889	0.0171111111111
0.07787692	0.006122163	0.129373333333	0.0155666666667
0.06935375	0.005801564	0.155085555556	0.0152444444444
0.08609288	0.003475856	0.141602222222	0.0141777777778
0.07441662	0.005733272	0.135977777778	0.0144222222222
0.04390934	0.009994287	0.142384444444	0.0184555555556
0.05003636	0.01014645	0.143073333333	0.0141666666667
0.06917043	0.006237241	0.128394444444	0.0164555555556
0.0777702	0.007725473	0.156875555556	0.0159444444444
0.07503801	0.007061012	0.140037777778	0.0184222222222
0.07881988	0.004008273	0.12965	0.0154
0.06044857	0.006841942	0.12831	0.0164
0.05377547	0.01013605	0.128444444444	0.0159555555556
0.06921526	0.01003086	0.14587	0.0142
0.09898218	0.004937649	0.155888888889	0.0154111111111
0.09986935	0.006350863	0.146771111111	0.0183888888889
0.07744894	0.006906848	0.128246666667	0.0164333333333
0.08540298	0.007031486	0.154788888889	0.0175111111111
0.04659059	0.008803957	0.138133333333	0.0183666666667
0.09735101	0.005206272	0.140404444444	0.0184555555556
0.09384071	0.005778132	0.156488888889	0.0156111111111
0.077321	0.005884083	0.130435555556	0.0151444444444
0.0720723	0.006620619	0.1355	0.0182
0.08355181	0.004914512	0.149422222222	0.0143777777778
0.07416355	0.01055669	0.132828888889	0.0147111111111
0.06527659	0.00710799	0.150711111111	0.0144888888889
0.07743539	0.005423404	0.143166666667	0.0141333333333
0.081832	0.004205909	0.128877777778	0.0156222222222
0.06630478	0.005682594	0.128133333333	0.0162666666667
0.07881828	0.006746117	0.150766666667	0.0181333333333
0.0691632	0.01011304	0.130508888889	0.0175111111111
0.07727838	0.01005367	0.137972222222	0.0183777777778
0.08219208	0.006918511	0.131366666667	0.0149333333333
0.0923581	0.007078662	0.144655555556	0.0141444444444
0.06603079	0.006249973	0.147953333333	0.0142666666667
0.07326741	0.01251448	0.1369	0.0143
0.06679623	0.009414541	0.132097777778	0.0178222222222
0.06827577	0.007011638	0.139056666667	0.0184333333333
0.07381609	0.006161408	0.12806	0.0164
0.07056584	0.005450809	0.144506666667	0.0141333333333
0.06512295	0.008335038	0.152535555556	0.0179444444444
0.0463465	0.007754208	0.156933333333	0.0168666666667
0.08286771	0.007978534	0.145653333333	0.0184666666667
0.07036131	0.006664132	0.128024444444	0.0161555555556
0.08236833	0.005818804	0.128322222222	0.0167777777778
0.1043872	0.005915443	0.153072222222	0.0178777777778
0.09181468	0.007325995	0.156137777778	0.0172222222222
0.07646215	0.005902197	0.133966666667	0.0145333333333
0.07906786	0.006458721	0.137153333333	0.0142666666667
0.09587776	0.005784896	0.156728888889	0.0170111111111
0.08162718	0.006807107	0.155888888889	0.0173111111111
0.07047203	0.004349415	0.14267	0.0141
0.08787176	0.004036502	0.152011111111	0.0145888888889
0.08113438	0.007110658	0.137566666667	0.0142333333333
0.07052658	0.007040348	0.135604444444	0.0182555555556
0.07304473	0.005300633	0.12866	0.0156
0.08998554	0.009689115	0.155111111111	0.0150888888889
0.09057852	0.006002013	0.157566666667	0.0163333333333
0.08153117	0.007048099	0.157573333333	0.0162666666667
0.0796276	0.007150363	0.133311111111	0.0145888888889
0.06905659	0.007649859	0.12908	0.0172
0.08702804	0.005985416	0.153777777778	0.0148222222222
0.07452409	0.005020981	0.1444	0.0141
0.08237522	0.006398158	0.143686666667	0.0185333333333
0.07610898	0.007422288	0.14748	0.0142
0.06674164	0.007917529	0.129606666667	0.0152333333333
0.08843531	0.0036461	0.1577	0.0162
0.102544	0.003952529	0.153228888889	0.0179111111111
0.06512487	0.004822976	0.129206666667	0.0153333333333
0.09441798	0.007801023	0.137036666667	0.0142333333333
0.09429737	0.007135297	0.155731111111	0.0151888888889
0.06876716	0.00548417	0.128122222222	0.0157777777778
0.09284977	0.005061196	0.156137777778	0.0173222222222
0.08011586	0.005220387	0.142113333333	0.0140666666667
0.06898915	0.008060358	0.127696666667	0.0162333333333
0.07372614	0.003240463	0.132888888889	0.0146111111111
0.07314837	0.005086093	0.134678888889	0.0144111111111
0.08471351	0.008450218	0.137298888889	0.0184111111111
0.07792838	0.007979145	0.135657777778	0.0143222222222
0.09148175	0.007773148	0.156777777778	0.0171222222222
0.05155335	0.006050051	0.134618888889	0.0144111111111
0.08769019	0.005392074	0.157795555556	0.0162444444444
0.08469788	0.007049685	0.1568	0.0155
0.0917082	0.007542351	0.144574444444	0.0185555555556
0.07896785	0.006528596	0.12795	0.0158
0.07256947	0.004018881	0.140623333333	0.0140666666667
0.06548248	0.005467925	0.145322222222	0.0140777777778
0.0625831	0.004787751	0.13128	0.0178
0.06233905	0.006158671	0.12779	0.0159
0.06714981	0.004182886	0.1393	0.0141
0.07791034	0.008131418	0.145033333333	0.0140666666667
0.0925	0.007673306	0.149183333333	0.0183666666667
0.08319925	0.008964878	0.149495555556	0.0183444444444
0.06942471	0.006909323	0.129282222222	0.0173777777778
0.08305946	0.00654995	0.133924444444	0.0144555555556
0.08048032	0.009872918	0.132122222222	0.0146777777778
0.05835485	0.007450314	0.130326666667	0.0176333333333
0.07819184	0.003907039	0.133682222222	0.0144777777778
0.08044204	0.003440887	0.156988888889	0.0155111111111
0.08544282	0.005603641	0.142266666667	0.0140333333333
0.1055377	0.009826753	0.151782222222	0.0144777777778
0.08887792	0.006430738	0.127904444444	0.0168555555556
0.0866581	0.005516327	0.143511111111	0.0185888888889
0.08645587	0.007837456	0.137106666667	0.0184333333333
0.07476677	0.005656734	0.149046666667	0.0142333333333
0.09587495	0.005286237	0.154671111111	0.0148888888889
0.04570848	0.00845676	0.127445555556	0.0162444444444
0.06921971	0.006346552	0.144655555556	0.0140444444444
0.05211251	0.007241154	0.153717777778	0.0147222222222
0.07014832	0.006337431	0.148222222222	0.0141777777778
0.07550689	0.005469862	0.131433333333	0.0147666666667
0.08856672	0.00902355	0.157843333333	0.0166666666667
0.06233488	0.007968204	0.137966666667	0.0141333333333
0.07665758	0.00747193	0.136377777778	0.0142222222222
0.06618281	0.005980033	0.129413333333	0.0151666666667
0.08185742	0.004975451	0.157137777778	0.0155222222222
0.06080351	0.006659519	0.145115555556	0.0140444444444
0.06411659	0.007536746	0.127522222222	0.0159777777778
0.07449228	0.00523961	0.127355555556	0.0163444444444
0.05650156	0.007300124	0.128837777778	0.0153222222222
0.06790115	0.006231723	0.144926666667	0.0140333333333
0.08333777	0.003642413	0.136751111111	0.0141888888889
0.07943416	0.007761049	0.14439	0.0186
0.07664827	0.006794889	0.133	0.0181
0.06810742	0.007492028	0.132997777778	0.0145222222222
0.09394869	0.004180264	0.146811111111	0.0140888888889
0.07752206	0.006391577	0.150388888889	0.0183111111111
0.0780816	0.005679981	0.135734444444	0.0142555555556
0.08313881	0.007244246	0.158086666667	0.0165333333333
0.06725851	0.007314082	0.133503333333	0.0181666666667
0.06366174	0.006607007	0.130245555556	0.0149444444444
0.0768822	0.006259865	0.132071111111	0.0179888888889
0.07857057	0.00592031	0.130791111111	0.0177888888889
0.090564	0.006988131	0.149566666667	0.0142333333333
0.07445157	0.006644106	0.134172222222	0.0143777777778
0.07205944	0.00756129	0.137838888889	0.0185111111111
0.08276409	0.004573149	0.133423333333	0.0181666666667
0.04243221	0.007688617	0.13301	0.0145
0.07289227	0.007230783	0.131124444444	0.0178555555556
0.07611101	0.005478842	0.1273	0.0166
0.08428288	0.003854648	0.15326	0.0146
0.07265591	0.006236169	0.152677777778	0.0145222222222
0.07908847	0.005126412	0.127433333333	0.0158666666667
0.08091617	0.003367571	0.127594444444	0.0157555555556
0.06938927	0.004732413	0.127555555556	0.0168444444444
0.06586395	0.004882751	0.132555555556	0.0145444444444
0.05705943	0.008200051	0.127828888889	0.0156111111111
0.0708777	0.007531501	0.142842222222	0.0139777777778
0.06716005	0.007304547	0.134193333333	0.0182666666667
0.09683788	0.007259139	0.157762222222	0.0156777777778
0.07048292	0.00329668	0.141982222222	0.0139777777778
0.07712024	0.004861965	0.127164444444	0.0160555555556
0.07080625	0.005639657	0.131166666667	0.0147333333333
0.0460488	0.00808159	0.132047777778	0.0180222222222
0.06520418	0.01033209	0.129855555556	0.0176444444444
0.08429681	0.005961929	0.137816666667	0.0185333333333
0.07463663	0.008519462	0.138553333333	0.0185666666667
0.06741496	0.005923897	0.12803	0.0155
0.07449532	0.006848284	0.1479	0.0141
0.0705195	0.01008179	0.13466	0.0143
0.08730396	0.004524222	0.142354444444	0.0186555555556
0.0793686	0.006821356	0.158271111111	0.0159888888889
0.07619676	0.006661514	0.133696666667	0.0182333333333
0.08383765	0.01009369	0.158362222222	0.0160777777778
0.06605631	0.005824	0.13357	0.0144
0.08125455	0.004855534	0.136273333333	0.0141666666667
0.04808971	0.008599409	0.130833333333	0.0147666666667
0.07357754	0.008401778	0.133221111111	0.0181888888889
0.0759022	0.006081871	0.136344444444	0.0141555555556
0.08744531	0.005388397	0.154186666667	0.0179333333333
0.06981371	0.008133687	0.132002222222	0.0145777777778
0.06142454	0.0102723	0.130111111111	0.0148888888889
0.04607991	0.008396127	0.128893333333	0.0151666666667
0.06848149	0.007568003	0.144044444444	0.0139555555556
0.07994999	0.005521805	0.157255555556	0.0172444444444
0.05339508	0.004878404	0.133922222222	0.0182777777778
0.09357821	0.005243561	0.142462222222	0.0186777777778
0.08951483	0.008116873	0.156933333333	0.0152666666667
0.07969928	0.008820142	0.150326666667	0.0142333333333
0.07942885	0.006268792	0.151784444444	0.0182555555556
0.04429687	0.005838585	0.130861111111	0.0178888888889
0.06868568	0.008089838	0.130851111111	0.0178888888889
0.06639893	0.00615335	0.128102222222	0.0153777777778
0.09898676	0.005805555	0.158622222222	0.0163777777778
0.08711143	0.008067423	0.14716	0.0186
0.08565922	0.004400752	0.139833333333	0.0139666666667
0.07270243	0.009541925	0.127215555556	0.0157444444444
0.0808124	0.009213487	0.128908888889	0.0175111111111
0.09503594	0.00379091	0.156704444444	0.0151555555556
0.07132528	0.01128069	0.12723	0.0169
0.07867485	0.01087089	0.151236666667	0.0183333333333
0.08957904	0.004658966	0.141857777778	0.0139222222222
0.05483354	0.007351434	0.136428888889	0.0185111111111
0.0887094	0.008075086	0.140312222222	0.0186777777778
0.080004	0.008493904	0.140796666667	0.0139333333333
0.05972961	0.007327331	0.126808888889	0.0166111111111
0.08539564	0.006442094	0.127017777778	0.0158222222222
0.0814054	0.004965819	0.13148	0.0146
0.04010956	0.008440646	0.135533333333	0.0141666666667
0.0754478	0.006370862	0.128022222222	0.0172777777778
0.07917294	0.005089406	0.142238888889	0.0139111111111
0.08169966	0.006537977	0.149645555556	0.0141444444444
0.07880501	0.006460073	0.132878888889	0.0144111111111
0.07213799	0.005105637	0.126644444444	0.0163555555556
0.07947279	0.006501523	0.127866666667	0.0172333333333
0.09547066	0.008972567	0.127328888889	0.0170111111111
0.08933685	0.007179603	0.150638888889	0.0184111111111
0.06970063	0.01261166	0.14273	0.0139
0.03690177	0.008617639	0.127748888889	0.0172111111111
0.0547383	0.007037964	0.128688888889	0.0175111111111
0.04719617	0.00778139	0.127067777778	0.0169222222222
0.07638297	0.006220931	0.135072222222	0.0141777777778
0.07861416	0.005956452	0.140117777778	0.0139222222222
0.08018457	0.005446966	0.142611111111	0.0138888888889
0.08128917	0.008654402	0.156398888889	0.0176111111111
0.07359112	0.004605228	0.130864444444	0.0146555555556
0.09248404	0.00681405	0.12952	0.0149
0.1029997	0.005613141	0.158344444444	0.0156555555556
0.06783555	0.005839306	0.158955555556	0.0161444444444
0.07692964	0.005602595	0.137811111111	0.0139888888889
0.07793758	0.006714641	0.132711111111	0.0143888888889
0.06942794	0.00772251	0.130753333333	0.0179666666667
0.08307966	0.006797418	0.126402222222	0.0163777777778
0.05241628	0.006382268	0.128622222222	0.0150777777778
0.06684457	0.006659466	0.127566666667	0.0172333333333
0.07572597	0.005982209	0.138053333333	0.0139666666667
0.06794166	0.004869312	0.131162222222	0.0145777777778
0.07824933	0.006996086	0.130095555556	0.0147444444444
0.08325099	0.01469616	0.13889	0.0187
0.07295678	0.006745463	0.157603333333	0.0152666666667
0.08561025	0.007025366	0.12772	0.0153
0.06976688	0.009676814	0.139128888889	0.0187111111111
0.07497356	0.006549562	0.135812222222	0.0140777777778
0.07342604	0.008933783	0.132825555556	0.0143444444444
0.08249312	0.008052621	0.127222222222	0.0154777777778
0.04194275	0.008540151	0.126324444444	0.0160555555556
0.09328933	0.01032517	0.149006666667	0.0140333333333
0.06980979	0.003649267	0.128288888889	0.0151111111111
0.07989972	0.009943292	0.130404444444	0.0179555555556
0.07983327	0.006072924	0.132826666667	0.0143333333333
0.07826526	0.007247605	0.126326666667	0.0166333333333
0.06385633	0.006136421	0.133655555556	0.0142444444444
0.06929326	0.007605095	0.12709	0.0155
0.06637267	0.006598957	0.131526666667	0.0181333333333
0.03069407	0.01384592	0.126194444444	0.0161555555556
0.06654313	0.00845605	0.128074444444	0.0151555555556
0.07384777	0.005590633	0.149554444444	0.0140555555556
0.08375407	0.004746759	0.133666666667	0.0142333333333
0.06863557	0.006395875	0.129284444444	0.0148555555556
0.07965869	0.005815141	0.134625555556	0.0141444444444
0.08053717	0.008467161	0.143636666667	0.0138333333333
0.07084273	0.009000013	0.140852222222	0.0187777777778
0.07437271	0.005761277	0.126768888889	0.0156111111111
0.0654463	0.004678468	0.127363333333	0.0172666666667
0.04414469	0.01136342	0.126843333333	0.0155666666667
0.05916157	0.00504378	0.127136666667	0.0154333333333
0.07832905	0.006002122	0.14234	0.0188
0.06953204	0.005650999	0.126117777778	0.0165222222222
0.09110327	0.006272981	0.138238888889	0.0139111111111
0.06748473	0.005900529	0.128586666667	0.0176333333333
0.08645771	0.007689648	0.159322222222	0.0160777777778
0.09556367	0.004880229	0.158887777778	0.0169222222222
0.08651317	0.005934157	0.128816666667	0.0149333333333
0.08065926	0.008599415	0.130041111111	0.0146888888889
0.06326579	0.009654696	0.131077777778	0.0145222222222
0.08605936	0.006562995	0.134496666667	0.0141333333333
0.0867349	0.006365991	0.139184444444	0.0187555555556
0.06739311	0.00819849	0.128848888889	0.0177111111111
0.06443052	0.007506206	0.134471111111	0.0184888888889
0.07138763	0.005361759	0.125994444444	0.0161555555556
0.07142499	0.006215708	0.133144444444	0.0142555555556
0.08649162	0.004083605	0.143768888889	0.0138111111111
0.0913568	0.005068646	0.145655555556	0.0138444444444
0.06860477	0.006221879	0.125987777778	0.0161222222222
0.06619563	0.006850209	0.15881	0.0156
0.06088005	0.01033622	0.134225555556	0.0141444444444
0.08000752	0.008501716	0.125992222222	0.0165777777778
0.05532538	0.008556417	0.132053333333	0.0143666666667
0.06550732	0.005295003	0.128882222222	0.0148777777778
0.08661821	0.006982001	0.154557777778	0.0145222222222
0.0611913	0.006584472	0.128257777778	0.0150222222222
0.0868334	0.01000914	0.156514444444	0.0177555555556
