root_height	pop_size	pi_net	pi_within
0.02294775	0.006413336	0.0289222222222	0.0168777777778
0.0232173	0.009293848	0.0301277777778	0.0170222222222
0.02221041	0.007335824	0.0299422222222	0.0168777777778
0.01862576	0.004284252	0.0273888888889	0.0170111111111
0.02545692	0.005765294	0.0302533333333	0.0170666666667
0.02277768	0.005609009	0.0289644444444	0.0167555555556
0.02709106	0.007517436	0.0298911111111	0.0167888888889
0.02051746	0.008217904	0.02691	0.0169
0.02444294	0.006381033	0.0294911111111	0.0166888888889
0.02175575	0.006120072	0.0270155555556	0.0171444444444
0.01641897	0.005922485	0.0280222222222	0.0166777777778
0.01451607	0.009223846	0.0294888888889	0.0173111111111
0.01446771	0.007797519	0.0266588888889	0.0169111111111
0.02116743	0.005252935	0.0270522222222	0.0167777777778
0.02471149	0.009592417	0.0278722222222	0.0166777777778
0.0250762	0.008840453	0.0298288888889	0.0173111111111
0.02282425	0.006048314	0.0265577777778	0.0171222222222
0.01909651	0.00437578	0.0274222222222	0.0166777777778
0.01805157	0.009761652	0.0295477777778	0.0166222222222
0.01763339	0.006301105	0.0264877777778	0.0168222222222
0.02341927	0.004253152	0.0290711111111	0.0165888888889
0.01988456	0.009189988	0.0314988888889	0.0169111111111
0.01841561	0.007277999	0.0314577777778	0.0171222222222
0.02407301	0.006238134	0.0264022222222	0.0167777777778
0.01898172	0.005379873	0.0278811111111	0.0165888888889
0.02694769	0.006931872	0.0317266666667	0.0169333333333
0.02425371	0.006552277	0.03148	0.0168
0.02327424	0.005602889	0.0282377777778	0.0174222222222
0.02268782	0.007215488	0.0269555555556	0.0173444444444
0.0205852	0.00713055	0.0259555555556	0.0168444444444
0.02140716	0.008741129	0.0280244444444	0.0174555555556
0.0232033	0.007996124	0.0289322222222	0.0174777777778
0.02184299	0.005088119	0.0266844444444	0.0173555555556
0.02338704	0.004898195	0.0255466666667	0.0170333333333
0.02762756	0.005926489	0.0317555555556	0.0172444444444
0.02216992	0.008154964	0.0303555555556	0.0174444444444
0.01576937	0.005077378	0.0272644444444	0.0174555555556
0.02847576	0.0113291	0.0307355555556	0.0165444444444
0.01941817	0.007610424	0.0256666666667	0.0172333333333
0.021207	0.005381527	0.0315555555556	0.0173444444444
0.02220272	0.005187322	0.0324355555556	0.0170444444444
0.01922708	0.008335454	0.0324544444444	0.0169555555556
0.02185644	0.004222294	0.0291666666667	0.0175333333333
0.02418123	0.01066056	0.0320544444444	0.0172555555556
0.01902625	0.006938628	0.0300333333333	0.0164666666667
0.02653604	0.004208538	0.0319222222222	0.0166777777778
0.0177145	0.004429144	0.0262611111111	0.0173888888889
0.02200286	0.005146879	0.0275333333333	0.0164666666667
0.02236473	0.008216458	0.0266455555556	0.0174444444444
0.02137785	0.007665212	0.0309644444444	0.0174555555556
0.02423783	0.007080194	0.03166	0.0166
0.01988807	0.004158538	0.0261722222222	0.0165777777778
0.0151644	0.004682297	0.0279844444444	0.0175555555556
0.02178952	0.004316577	0.02594	0.0166
0.02025619	0.007985887	0.0323655555556	0.0172444444444
0.02108607	0.007976745	0.0250133333333	0.0168666666667
0.02448422	0.005560906	0.0320666666667	0.0166333333333
0.01401424	0.007045097	0.0322444444444	0.0166555555556
0.01875374	0.006653989	0.0322688888889	0.0166111111111
0.01562031	0.005747933	0.0251488888889	0.0173111111111
0.01663909	0.007530676	0.0247611111111	0.0167888888889
0.01868071	0.004923679	0.0303033333333	0.0163666666667
0.0180541	0.006759633	0.0293555555556	0.0176444444444
0.02157006	0.006643874	0.0331222222222	0.0171777777778
0.02021976	0.006314373	0.0266388888889	0.0164111111111
0.02015874	0.006110222	0.0296555555556	0.0176444444444
0.02114294	0.005651319	0.0323233333333	0.0165666666667
0.02033057	0.00563954	0.0253288888889	0.0174111111111
0.0245568	0.007923535	0.0280177777778	0.0163222222222
0.01768217	0.002972787	0.0279777777778	0.0163222222222
0.01286246	0.005382048	0.0332222222222	0.0167777777778
0.01589903	0.009715461	0.0333888888889	0.0171111111111
0.02268234	0.004295005	0.0297488888889	0.0163111111111
0.02919868	0.006269722	0.0330211111111	0.0172888888889
0.02189157	0.005742129	0.033	0.0173
0.01579024	0.008358481	0.0262188888889	0.0164111111111
0.009543466	0.01684887	0.0247555555556	0.0173444444444
0.02387243	0.004857903	0.0314111111111	0.0175888888889
0.02164824	0.005007984	0.0264888888889	0.0176111111111
0.02115861	0.003701985	0.0304	0.0163
0.01772013	0.007963722	0.0285444444444	0.0162555555556
0.02085887	0.008349326	0.0260722222222	0.0163777777778
0.01708676	0.008122349	0.0271111111111	0.0176888888889
0.0211322	0.003649763	0.0331888888889	0.0166111111111
0.01236605	0.004864379	0.0238211111111	0.0169888888889
0.02882613	0.006313693	0.0320888888889	0.0164111111111
0.02513681	0.006920519	0.0338244444444	0.0168555555556
0.02285071	0.007760335	0.0335222222222	0.0172777777778
0.02212231	0.009712012	0.0261066666667	0.0176333333333
0.02209041	0.005152063	0.0278866666667	0.0162333333333
0.03040599	0.003979884	0.0325355555556	0.0164444444444
0.01395012	0.006127615	0.0237333333333	0.0168666666667
0.02175167	0.007427394	0.0242466666667	0.0166333333333
0.01506433	0.00785739	0.0252355555556	0.0175444444444
0.01223175	0.007510767	0.0286888888889	0.0162111111111
0.02474686	0.007056339	0.0285288888889	0.0162111111111
0.01948379	0.003857549	0.0292888888889	0.0162111111111
0.01648247	0.006251875	0.0323788888889	0.0164111111111
0.02674896	0.008209566	0.0331866666667	0.0174333333333
0.02510989	0.006244897	0.0326955555556	0.0164444444444
0.01724617	0.005725903	0.0276833333333	0.0177666666667
0.02476354	0.01065228	0.0275333333333	0.0177666666667
0.02212627	0.006809906	0.02414	0.0166
0.01961382	0.004850095	0.0287222222222	0.0161777777778
0.02151475	0.005683018	0.0257377777778	0.0163222222222
0.02643611	0.004772618	0.0274622222222	0.0177777777778
0.0211177	0.006798901	0.0342188888889	0.0168111111111
0.02219031	0.005160771	0.0298222222222	0.0161777777778
0.02300545	0.006010514	0.0330644444444	0.0164555555556
0.02964604	0.007303244	0.0297688888889	0.0178111111111
0.01714107	0.01323358	0.0290244444444	0.0161555555556
0.01758048	0.006831883	0.0234	0.0168
0.02007547	0.007121428	0.02323	0.017
0.01915079	0.006504901	0.0286755555556	0.0161444444444
0.02445358	0.009655238	0.0327533333333	0.0163666666667
0.02012494	0.007943652	0.0289855555556	0.0178444444444
0.01650696	0.005859557	0.0319333333333	0.0162666666667
0.02699866	0.005929896	0.0343777777778	0.0172222222222
0.01636854	0.006909774	0.0232577777778	0.0172222222222
0.0202512	0.003771845	0.0271244444444	0.0161555555556
0.01786975	0.004711153	0.0331111111111	0.0175888888889
0.01983059	0.007311199	0.0284288888889	0.0161111111111
0.02216254	0.008423843	0.0333433333333	0.0175666666667
0.03269682	0.008822389	0.0317233333333	0.0177666666667
0.01852532	0.01267647	0.0328766666667	0.0163333333333
0.01923544	0.008039114	0.0332122222222	0.0163777777778
0.01792358	0.006254492	0.0334777777778	0.0164222222222
0.02093217	0.007679431	0.0344666666667	0.0173333333333
0.01162092	0.003191793	0.0314933333333	0.0161666666667
0.02836631	0.004145212	0.0294733333333	0.0160666666667
0.02701663	0.008506547	0.0334244444444	0.0163555555556
0.02122256	0.004527516	0.0292377777778	0.0179222222222
0.02106893	0.004745873	0.0340933333333	0.0164666666667
0.02241214	0.007314385	0.0248077777778	0.0177222222222
0.027113	0.006265822	0.0340755555556	0.0164444444444
0.01461091	0.004851119	0.02302	0.0166
0.01978314	0.008866818	0.0246733333333	0.0162666666667
0.01723217	0.005339467	0.0236266666667	0.0164333333333
0.02110753	0.007040449	0.0236777777778	0.0164222222222
0.02618627	0.004810947	0.0345744444444	0.0165555555556
0.02060756	0.008766898	0.0232444444444	0.0174555555556
0.02279705	0.009667446	0.0351222222222	0.0167777777778
0.024194	0.006373036	0.0311111111111	0.0160888888889
0.0213205	0.009094363	0.0351488888889	0.0172111111111
0.02584288	0.008715336	0.0308733333333	0.0160666666667
0.02354432	0.005143219	0.0332822222222	0.0162777777778
0.01856283	0.006176589	0.0316888888889	0.0161111111111
0.02362037	0.005475612	0.0331644444444	0.0162555555556
0.01872849	0.00315347	0.03126	0.0179
0.02914769	0.00834795	0.0343877777778	0.0175222222222
0.01517345	0.005772246	0.0223133333333	0.0168666666667
0.02374504	0.004551178	0.0353	0.0172
0.01692941	0.004145437	0.0222777777778	0.0171222222222
0.01619061	0.007151309	0.0262	0.0179
0.008902478	0.008696159	0.0319522222222	0.0178777777778
0.01516881	0.007724604	0.0223033333333	0.0167666666667
0.0183429	0.004655477	0.02573	0.0161
0.02750085	0.005904741	0.0304888888889	0.0160111111111
0.017349	0.004475746	0.0235555555556	0.0163444444444
0.02169566	0.005670627	0.0342688888889	0.0176111111111
0.02128024	0.00851313	0.0341155555556	0.0176444444444
0.02655274	0.007247819	0.03538	0.0173
0.02222695	0.01370434	0.0347688888889	0.0175111111111
0.02879449	0.00810333	0.0355544444444	0.0167555555556
0.02641891	0.006976987	0.0354333333333	0.0166666666667
0.01589561	0.005911022	0.0221688888889	0.0167111111111
0.01885973	0.0042575	0.0269711111111	0.0159888888889
0.01438341	0.007635717	0.0357577777778	0.0171222222222
0.01543979	0.006958896	0.02319	0.0176
0.02333467	0.004637718	0.0277577777778	0.0180222222222
0.01993954	0.003055067	0.0340711111111	0.0176888888889
0.03062423	0.005643445	0.0281955555556	0.0159444444444
0.01960098	0.008464534	0.0327533333333	0.0178666666667
0.01730959	0.008498801	0.0314322222222	0.0179777777778
0.02243807	0.004630467	0.0269177777778	0.0180222222222
0.02265703	0.004256073	0.0271555555556	0.0159444444444
0.02120971	0.007996765	0.0291288888889	0.0159111111111
0.02648735	0.008755876	0.0344222222222	0.0176777777778
0.0165364	0.007972082	0.0360488888889	0.0171111111111
0.01848071	0.005501134	0.0262622222222	0.0159777777778
0.0237926	0.005137355	0.0339777777778	0.0162222222222
0.01842068	0.006313629	0.0243766666667	0.0161333333333
0.0214586	0.006134492	0.0243666666667	0.0161333333333
0.02190903	0.008910113	0.0284511111111	0.0158888888889
0.0181225	0.007660293	0.0250555555556	0.0160444444444
0.01569408	0.007066332	0.0224766666667	0.0164333333333
0.01720266	0.008313106	0.0337733333333	0.0161666666667
0.0206089	0.008307902	0.0281411111111	0.0158888888889
0.02312569	0.007098291	0.0328544444444	0.0160555555556
0.01739603	0.007607799	0.02735	0.0159
0.02114504	0.002945442	0.03044	0.0159
0.01484674	0.00319052	0.0220577777778	0.0165222222222
0.01598472	0.007107033	0.0216222222222	0.0172777777778
0.0251354	0.005416156	0.0254711111111	0.0179888888889
0.03170917	0.004715187	0.0361555555556	0.0172444444444
0.01496317	0.01010354	0.0363744444444	0.0169555555556
0.01345704	0.005691851	0.0346333333333	0.0162666666667
0.01794051	0.006454777	0.02299	0.0177
0.02326203	0.008486438	0.0313344444444	0.0180555555556
0.02653212	0.005734646	0.0344766666667	0.0162333333333
0.0238699	0.009455837	0.0309422222222	0.0180777777778
0.02026594	0.005720831	0.0294277777778	0.0181222222222
0.02243743	0.01062253	0.0315244444444	0.0180555555556
0.02562265	0.004934897	0.02714	0.0181
0.02816884	0.01036089	0.0353922222222	0.0175777777778
0.02399181	0.005837324	0.0315777777778	0.0159222222222
0.01470145	0.005758506	0.0363966666667	0.0172333333333
0.02199506	0.004049017	0.0330088888889	0.0160111111111
0.02030818	0.01191792	0.0298266666667	0.0158333333333
0.01600999	0.004729163	0.0232933333333	0.0161666666667
0.02313046	0.007511283	0.0261511111111	0.0158888888889
0.01400273	0.004756917	0.0271555555556	0.0158444444444
0.03150724	0.008262405	0.0363988888889	0.0173111111111
0.0156004	0.007215395	0.0288833333333	0.0181666666667
0.01940166	0.006278655	0.0304066666667	0.0158333333333
0.02547341	0.006878434	0.0294088888889	0.0158111111111
0.02031566	0.004719926	0.0325466666667	0.0180333333333
0.02091429	0.005856758	0.0355888888889	0.0176111111111
0.01589806	0.005743335	0.0218455555556	0.0175444444444
0.01919883	0.007034429	0.0354	0.0163
0.01980054	0.006664111	0.0290911111111	0.0181888888889
0.02327145	0.01255863	0.0295311111111	0.0157888888889
0.02262098	0.004802433	0.0228922222222	0.0161777777778
0.02572614	0.009805938	0.0355677777778	0.0163222222222
0.02577649	0.003534184	0.0360466666667	0.0175333333333
0.02463286	0.005387848	0.0321611111111	0.0158888888889
0.01825184	0.005621912	0.0267377777778	0.0158222222222
0.02204044	0.005933362	0.0326577777778	0.0159222222222
0.01761069	0.007596814	0.0369211111111	0.0168888888889
0.01337966	0.006164654	0.0330677777778	0.0180222222222
0.0219404	0.00480046	0.0369055555556	0.0171444444444
0.03077767	0.007989307	0.0361888888889	0.0175111111111
0.02285916	0.003656611	0.0311177777778	0.0158222222222
0.01440348	0.007366102	0.0207766666667	0.0168333333333
0.02426159	0.008704727	0.03428	0.0179
0.02530697	0.007870723	0.0360844444444	0.0175555555556
0.02280893	0.006212479	0.0369555555556	0.0171444444444
0.02174407	0.006058214	0.0369744444444	0.0171555555556
0.02156938	0.004075828	0.03232	0.0181
0.02461678	0.005903701	0.0295888888889	0.0182111111111
0.03134269	0.00999293	0.0365733333333	0.0165666666667
0.0241897	0.004695982	0.03503	0.0178
0.02121536	0.007774757	0.0302922222222	0.0157777777778
0.0210677	0.007759056	0.0317655555556	0.0181444444444
0.0269754	0.007744749	0.0321444444444	0.0158555555556
0.02903807	0.007368157	0.0346222222222	0.0178777777778
0.01955379	0.006165325	0.0246344444444	0.0180555555556
0.01232318	0.009852152	0.0363733333333	0.0164666666667
0.01064301	0.006007778	0.0371522222222	0.0170777777778
0.01526496	0.007060275	0.0206766666667	0.0172333333333
0.02028441	0.008449851	0.0245044444444	0.0180555555556
0.02812051	0.005231578	0.0350777777778	0.0178222222222
0.01355535	0.007850324	0.0204911111111	0.0169888888889
0.02499387	0.003710767	0.0359277777778	0.0163222222222
0.02917051	0.004651187	0.0371111111111	0.0171888888889
0.02790667	0.006536839	0.0312111111111	0.0157888888889
0.0262122	0.008354813	0.0350366666667	0.0178333333333
0.02045515	0.00683782	0.0307088888889	0.0182111111111
0.01453778	0.007012743	0.0287266666667	0.0157333333333
0.01759672	0.005927742	0.0287055555556	0.0182444444444
0.02109534	0.006771075	0.0228088888889	0.0161111111111
0.02303096	0.00442441	0.03635	0.0164
0.02816529	0.007347003	0.0299655555556	0.0182444444444
0.01930641	0.006358106	0.0352377777778	0.0178222222222
0.02107109	0.003880779	0.0349688888889	0.0161111111111
0.02818146	0.007849345	0.03668	0.0165
0.02807663	0.006861214	0.0364777777778	0.0164222222222
0.01818391	0.009369403	0.0262122222222	0.0157777777778
0.02661568	0.003438815	0.0333	0.0159
0.01351494	0.008141334	0.0203555555556	0.0171444444444
0.028149	0.005564975	0.0370577777778	0.0166222222222
0.02379895	0.005825768	0.0345444444444	0.0179555555556
0.03403814	0.008228747	0.0373622222222	0.0167777777778
0.02104294	0.006899197	0.0216533333333	0.0162666666667
0.01082738	0.005737434	0.0222455555556	0.0161444444444
0.01984634	0.007006707	0.0367666666667	0.0175333333333
0.02703751	0.003804812	0.0375688888889	0.0170111111111
0.0131418	0.004960454	0.0205033333333	0.0173666666667
0.01119627	0.005503682	0.0295111111111	0.0182888888889
0.02225424	0.006187413	0.0274	0.0157
0.01881021	0.004711912	0.02828	0.0183
0.02664244	0.005843954	0.0351133333333	0.0160666666667
0.02785723	0.007461635	0.0375688888889	0.0168111111111
0.01635564	0.006956111	0.0349055555556	0.0179444444444
0.02655595	0.004968757	0.0334888888889	0.0181111111111
0.01918359	0.005023939	0.0362044444444	0.0162555555556
0.01765813	0.005251608	0.0201111111111	0.0171888888889
0.02571506	0.008684959	0.0342766666667	0.0180333333333
0.02033821	0.003674657	0.0292333333333	0.0156666666667
0.0176676	0.01213414	0.0217911111111	0.0177888888889
0.02469589	0.01319685	0.0366933333333	0.0163666666667
0.02132364	0.00500845	0.0296233333333	0.0156666666667
0.01502882	0.006193907	0.02669	0.0157
0.02527987	0.005897585	0.0311	0.0157
0.01130426	0.007176518	0.0205788888889	0.0175111111111
0.02009264	0.006746649	0.0376311111111	0.0172888888889
0.02178355	0.004834875	0.0305888888889	0.0183111111111
0.02157958	0.007253377	0.03151	0.0157
0.0259562	0.007631019	0.03162	0.0157
0.01743061	0.005574406	0.0311222222222	0.0156777777778
0.02104133	0.005895056	0.0310488888889	0.0183111111111
0.01215903	0.006488359	0.0202933333333	0.0174666666667
0.01903713	0.007174017	0.0232333333333	0.0180666666667
0.02285904	0.008041967	0.0288044444444	0.0183555555556
0.01938359	0.006475485	0.0281944444444	0.0183555555556
0.01672051	0.007593192	0.0210577777778	0.0177222222222
0.02710585	0.009945161	0.0379466666667	0.0172333333333
0.01543835	0.006529955	0.0237866666667	0.0158333333333
0.02522233	0.005052486	0.0376066666667	0.0174333333333
0.0165676	0.005857257	0.0195988888889	0.0170111111111
0.02227261	0.008529347	0.0235444444444	0.0158555555556
0.01926592	0.009455253	0.0255911111111	0.0156888888889
0.02455349	0.008276294	0.0323122222222	0.0182777777778
0.02328859	0.005144373	0.0288122222222	0.0183777777778
0.0199674	0.004067568	0.0280222222222	0.0183777777778
0.01735013	0.007298275	0.0278222222222	0.0183777777778
0.03040731	0.006002381	0.0321	0.0183
0.0271712	0.005561932	0.02765	0.0156
0.01532761	0.007831528	0.0217122222222	0.0160777777778
0.02021256	0.004023607	0.0315866666667	0.0183333333333
0.0216702	0.005488788	0.0196133333333	0.0172666666667
0.03241444	0.007801015	0.0377966666667	0.0174333333333
0.01975859	0.00854229	0.0381644444444	0.0167555555556
0.01920942	0.006906621	0.03272	0.0157
0.02185833	0.005241359	0.0282222222222	0.0155777777778
0.03040391	0.005372154	0.0356222222222	0.0179777777778
0.0151612	0.004718809	0.0243155555556	0.0157444444444
0.01899184	0.005560481	0.0233555555556	0.0181444444444
0.02888432	0.009809987	0.0337922222222	0.0157777777778
0.0181928	0.01331608	0.0193566666667	0.0169333333333
0.01838921	0.008709779	0.0230188888889	0.0181111111111
0.02462442	0.004790266	0.0289733333333	0.0155666666667
0.01814194	0.00541837	0.0210322222222	0.0161777777778
0.01760491	0.005812506	0.0196266666667	0.0166333333333
0.01718015	0.006182781	0.0317655555556	0.0183444444444
0.01910256	0.007191751	0.0374388888889	0.0176111111111
0.02028291	0.00454636	0.0382	0.0167
0.02260619	0.006502754	0.0322677777778	0.0183222222222
0.02446486	0.00974707	0.0336644444444	0.0157555555556
0.0165599	0.007346035	0.0325533333333	0.0156666666667
0.02112333	0.003336728	0.0324577777778	0.0183222222222
0.01973155	0.004442326	0.0280477777778	0.0184222222222
0.01606025	0.006857236	0.0339333333333	0.0157666666667
0.02248529	0.007212933	0.0299777777778	0.0184222222222
0.02165668	0.007041241	0.0360344444444	0.0179555555556
0.02547106	0.006076656	0.0352888888889	0.0159111111111
0.02197892	0.007120657	0.03322	0.0157
0.021013	0.008019237	0.0196177777778	0.0174222222222
0.01508712	0.007054575	0.0209755555556	0.0161444444444
0.01996045	0.006499397	0.0382666666667	0.0173333333333
0.02140223	0.005790023	0.0223688888889	0.0159111111111
0.03229626	0.007799137	0.0377977777778	0.0164222222222
0.02484986	0.005901993	0.0323666666667	0.0156333333333
0.03741875	0.009752389	0.0383433333333	0.0166666666667
0.02557809	0.009067205	0.0357077777778	0.0180222222222
0.02119037	0.007061334	0.0373522222222	0.0162777777778
0.01634796	0.008670251	0.0357377777778	0.0180222222222
0.01846508	0.007932279	0.03192	0.0156
0.02452427	0.006257085	0.0347744444444	0.0181555555556
0.01940275	0.005699221	0.0346888888889	0.0158111111111
0.02605921	0.004811909	0.0373888888889	0.0177111111111
0.01607094	0.003482225	0.0359822222222	0.0159777777778
0.02506265	0.007145835	0.0324644444444	0.0183555555556
0.03122487	0.006257446	0.0381777777778	0.0165222222222
0.01604921	0.004565831	0.0203466666667	0.0177333333333
0.02371888	0.01268587	0.0347733333333	0.0181666666667
0.02385553	0.006175203	0.0356577777778	0.0159222222222
0.0230484	0.005936022	0.0384922222222	0.0166777777778
0.02614532	0.009903214	0.0387088888889	0.0169111111111
0.03353674	0.003333884	0.03838	0.0166
0.02636042	0.004641951	0.0375033333333	0.0162666666667
0.01135779	0.009022459	0.02046	0.0162
0.02090327	0.003676194	0.0366044444444	0.0160555555556
0.02046353	0.005160879	0.0328177777778	0.0156222222222
0.02199476	0.005199967	0.0368622222222	0.0178777777778
0.03087563	0.00910319	0.0386411111111	0.0166888888889
0.02195244	0.007473439	0.0205277777778	0.0178222222222
0.01413442	0.007644635	0.0317744444444	0.0155555555556
0.02155125	0.004821953	0.0286711111111	0.0154888888889
0.02122408	0.003839533	0.0309777777778	0.0155222222222
0.007767221	0.005540171	0.0222577777778	0.0181222222222
0.02239577	0.005739211	0.0336733333333	0.0156666666667
0.01082257	0.004391465	0.0189933333333	0.0166666666667
0.02177892	0.004659589	0.0349022222222	0.0157777777778
0.02351642	0.005114822	0.0380688888889	0.0176111111111
0.02488785	0.005975791	0.0384744444444	0.0174555555556
0.01864829	0.009618287	0.0389033333333	0.0171666666667
0.01606322	0.008128297	0.0203488888889	0.0178111111111
0.0252158	0.006477196	0.0384122222222	0.0164777777778
0.02182231	0.007989823	0.0305011111111	0.0184888888889
0.01752984	0.006648108	0.0202933333333	0.0161666666667
0.02811846	0.006543655	0.0358	0.0181
0.02205041	0.004616391	0.0301622222222	0.0154777777778
0.02122696	0.007960884	0.0257955555556	0.0184444444444
0.02407219	0.009248568	0.0215444444444	0.0180555555556
0.0171968	0.008005312	0.0187888888889	0.0167111111111
0.02115375	0.006158664	0.0236888888889	0.0183111111111
0.02466115	0.005283442	0.0381155555556	0.0176444444444
0.02512806	0.003403675	0.0390444444444	0.0171555555556
0.01829478	0.008015711	0.03136	0.0155
0.02840697	0.005286944	0.0389222222222	0.0166777777778
0.01866763	0.01088442	0.0211333333333	0.0159666666667
0.02853953	0.00580811	0.0388	0.0174
0.02125341	0.006882345	0.03526	0.0182
0.01985163	0.01031136	0.0187766666667	0.0173333333333
0.02428919	0.004425364	0.0347777777778	0.0157222222222
0.01826996	0.007337425	0.0269333333333	0.0154666666667
0.01971354	0.01349619	0.0381111111111	0.0162888888889
0.0267239	0.007404073	0.0385755555556	0.0164444444444
0.01567413	0.004181005	0.0184444444444	0.0170555555556
0.01499784	0.005431045	0.0324277777778	0.0155222222222
0.01754551	0.005752604	0.0193666666667	0.0163333333333
0.01565679	0.006226792	0.0227377777778	0.0157222222222
0.02888715	0.006732575	0.0349777777778	0.0157222222222
0.01633248	0.007249088	0.0392044444444	0.0167555555556
0.02435124	0.008265691	0.0352955555556	0.0157444444444
0.01208194	0.004885633	0.0204266666667	0.0160333333333
0.02126456	0.006013806	0.0333244444444	0.0155555555556
0.01767107	0.00444142	0.0219111111111	0.0181888888889
0.02158664	0.007010487	0.03572	0.0182
0.02365765	0.005890506	0.0306377777778	0.0154222222222
0.02570892	0.007407115	0.0338911111111	0.0183888888889
0.02500682	0.00694476	0.0346444444444	0.0156555555556
0.02139928	0.004761066	0.0249133333333	0.0184666666667
0.03093702	0.007051099	0.0308477777778	0.0154222222222
0.01752597	0.007114164	0.0237111111111	0.0155888888889
0.0165811	0.005695766	0.0207555555556	0.0159444444444
0.01155843	0.00849578	0.0202755555556	0.0179444444444
0.03165306	0.008610981	0.0360933333333	0.0181666666667
0.01032085	0.007050944	0.0192211111111	0.0176888888889
0.01728769	0.005874528	0.0292111111111	0.0153888888889
0.02038508	0.007754339	0.0297011111111	0.0185888888889
0.02431908	0.00650082	0.0347555555556	0.0156444444444
0.02028061	0.007586224	0.02048	0.018
0.01965028	0.005084529	0.0225111111111	0.0156888888889
0.02174092	0.004736468	0.0359622222222	0.0157777777778
0.02215174	0.005341794	0.02841	0.0186
0.02988089	0.008130838	0.0393411111111	0.0165888888889
0.02995511	0.008983931	0.0389933333333	0.0175666666667
0.01322947	0.006298568	0.0191577777778	0.0177222222222
0.02062399	0.005828089	0.0374111111111	0.0159888888889
0.02447553	0.005327023	0.0397077777778	0.0169222222222
0.02517631	0.00690858	0.0365155555556	0.0181444444444
0.01872139	0.01244267	0.0194944444444	0.0161555555556
0.0271035	0.005186156	0.0385066666667	0.0162333333333
0.0298191	0.005217772	0.0397611111111	0.0169888888889
0.02506475	0.005986364	0.0309511111111	0.0185888888889
0.02061632	0.00780114	0.0236444444444	0.0155555555556
0.01690296	0.004069046	0.0292844444444	0.0153555555556
0.0335906	0.008560569	0.0396111111111	0.0166888888889
0.02572422	0.006484212	0.0369	0.0181
0.02220167	0.006998129	0.0297777777778	0.0186222222222
0.01980036	0.005564796	0.0282555555556	0.0153444444444
0.02489628	0.005754257	0.0318	0.0154
0.02729236	0.005005821	0.0365022222222	0.0181777777778
0.02005277	0.004291457	0.0315511111111	0.0153888888889
0.02235942	0.006749998	0.0331133333333	0.0154666666667
0.02377079	0.005309494	0.0394755555556	0.0174444444444
0.02464135	0.004093688	0.0380333333333	0.0160666666667
0.02278329	0.004377943	0.0270444444444	0.0153555555556
0.03488968	0.00469742	0.0395677777778	0.0174222222222
0.0232622	0.005030302	0.0369844444444	0.0158555555556
0.02201112	0.006619093	0.0325777777778	0.0154222222222
0.01308219	0.003343147	0.0322222222222	0.0185777777778
0.02223311	0.007179229	0.0398855555556	0.0167444444444
0.01833007	0.00703015	0.0336322222222	0.0154777777778
0.02232825	0.005960664	0.0364933333333	0.0157666666667
0.03129979	0.01271453	0.0363455555556	0.0157444444444
0.0288418	0.007650668	0.0400777777778	0.0170222222222
0.01723208	0.006035438	0.0176688888889	0.0168111111111
0.02389693	0.004463298	0.0371644444444	0.0158555555556
0.02085229	0.004970625	0.0297088888889	0.0153111111111
0.01854492	0.007191099	0.0312555555556	0.0153444444444
0.0155719	0.008066916	0.0180055555556	0.0174444444444
0.02689917	0.009685848	0.0359722222222	0.0156777777778
0.02755106	0.006914523	0.0291622222222	0.0186777777778
0.01942569	0.007096026	0.0218777777778	0.0183222222222
0.02169621	0.005736563	0.0396622222222	0.0164777777778
0.03459419	0.004866965	0.0399666666667	0.0166333333333
0.01716856	0.009115827	0.0288611111111	0.0152888888889
0.02232034	0.005433397	0.0291411111111	0.0152888888889
0.01337551	0.0053907	0.0252	0.0186
0.01531508	0.005744323	0.0318155555556	0.0153444444444
0.01681484	0.008706509	0.0329822222222	0.0185777777778
0.02756152	0.0076557	0.0366555555556	0.0157444444444
0.01976723	0.00567497	0.02722	0.0153
0.02443295	0.008327301	0.0366066666667	0.0157333333333
0.02586829	0.008947643	0.03619	0.0183
0.02587391	0.005980111	0.0300711111111	0.0152888888889
0.01842444	0.006780707	0.0209244444444	0.0157555555556
0.03691263	0.01072422	0.0395133333333	0.0163666666667
0.02109513	0.005762703	0.0262244444444	0.0186555555556
0.01805556	0.006975687	0.0190133333333	0.0178666666667
0.02182197	0.008194247	0.0396111111111	0.0175888888889
0.02712906	0.005124189	0.0315977777778	0.0153222222222
0.02754142	0.007382826	0.0402955555556	0.0171444444444
0.02957386	0.007605681	0.0394133333333	0.0176666666667
0.02466975	0.006446225	0.0326888888889	0.0186111111111
0.01393545	0.007173926	0.0287333333333	0.0152666666667
0.01559507	0.006789485	0.0287233333333	0.0152666666667
0.02486753	0.00441944	0.0365888888889	0.0157111111111
0.0233063	0.006757928	0.0294488888889	0.0187111111111
0.02336051	0.004360345	0.0398377777778	0.0175222222222
0.01941356	0.007863093	0.02133	0.0183
0.02650728	0.005844233	0.0370922222222	0.0157777777778
0.02033385	0.008053123	0.0348488888889	0.0155111111111
0.01361501	0.007199931	0.0189711111111	0.0160888888889
0.02643535	0.003950438	0.0398833333333	0.0164666666667
0.0193771	0.007098163	0.0174622222222	0.0166777777778
0.0287554	0.008622393	0.0400466666667	0.0174333333333
0.0169666	0.007140787	0.0174955555556	0.0173444444444
0.01690634	0.007893235	0.0187977777778	0.0161222222222
0.02429519	0.005706324	0.0365411111111	0.0182888888889
0.0241207	0.006634128	0.0353055555556	0.0155444444444
0.027777	0.00809126	0.0349688888889	0.0155111111111
0.01988307	0.008406269	0.0211111111111	0.0182888888889
0.02730483	0.007326469	0.0322177777778	0.0153222222222
0.02292001	0.004326893	0.0390555555556	0.0161444444444
0.01584465	0.005182016	0.0223166666667	0.0184333333333
0.03313884	0.007103722	0.0405133333333	0.0170666666667
0.02197283	0.005371768	0.03126	0.0187
0.02920433	0.005059148	0.0401277777778	0.0165222222222
0.01970518	0.00899276	0.0206266666667	0.0182333333333
0.01690408	0.006388937	0.0193944444444	0.0159555555556
0.01715879	0.005601098	0.01722	0.0172
0.02513367	0.004320255	0.0383244444444	0.0159555555556
0.01511821	0.009128634	0.0247555555556	0.0153444444444
0.01792263	0.006036656	0.0201288888889	0.0158111111111
0.01723655	0.005403909	0.0282655555556	0.0187444444444
0.02057671	0.004899601	0.0196711111111	0.0158888888889
0.02016735	0.007178793	0.0340588888889	0.0154111111111
0.01865001	0.006792729	0.0342677777778	0.0154222222222
0.01976176	0.006911162	0.0395166666667	0.0162333333333
0.01627159	0.005929966	0.0174044444444	0.0165555555556
0.02665981	0.006994483	0.0362533333333	0.0183666666667
0.02379383	0.007743994	0.0283444444444	0.0187555555556
0.02521509	0.008979522	0.0396833333333	0.0162666666667
0.02473955	0.006034283	0.03766	0.0158
0.01751876	0.006031142	0.0199488888889	0.0158111111111
0.01939202	0.008012571	0.0253811111111	0.0152888888889
0.02456297	0.006077435	0.0406355555556	0.0167444444444
0.01534251	0.005510988	0.02379	0.0186
0.01373921	0.007492376	0.0187044444444	0.0160555555556
0.01833414	0.006798897	0.0266266666667	0.0152333333333
0.02439774	0.006283326	0.0355888888889	0.0155111111111
0.02292663	0.006320101	0.0286422222222	0.0187777777778
0.0246091	0.005959107	0.0401188888889	0.0176111111111
0.02407646	0.006212166	0.0406577777778	0.0173222222222
0.01811459	0.00513692	0.0398588888889	0.0177111111111
0.01312579	0.008596836	0.0185777777778	0.0179222222222
0.01586751	0.008148675	0.03254	0.0187
0.02726041	0.008466059	0.0398933333333	0.0162666666667
0.02358949	0.005891736	0.0296611111111	0.0151888888889
0.01693611	0.005450295	0.0191688888889	0.0159111111111
0.01620734	0.004619766	0.02724	0.0152
0.02186797	0.005084346	0.0233922222222	0.0153777777778
0.01345304	0.01274144	0.0181466666667	0.0178333333333
0.02950094	0.007484803	0.0409422222222	0.0170777777778
0.02218536	0.004936125	0.0407633333333	0.0166666666667
0.01769077	0.01807185	0.0275911111111	0.0187888888889
0.02353448	0.007152709	0.0328022222222	0.0152777777778
0.02127722	0.005563478	0.0258366666667	0.0152333333333
0.02420377	0.008783608	0.0358933333333	0.0184666666667
0.02377279	0.00458578	0.0357111111111	0.0184888888889
0.02872372	0.004596139	0.0344722222222	0.0153777777778
0.02569815	0.005807904	0.0266222222222	0.0187777777778
0.028228	0.004803219	0.0401844444444	0.0176555555556
0.009895294	0.004966361	0.0169822222222	0.0165777777778
0.02096553	0.01241363	0.0382666666667	0.0158333333333
0.03025541	0.009259389	0.0388166666667	0.0159333333333
0.02596469	0.007363102	0.0298288888889	0.0188111111111
0.02124541	0.006221561	0.0277233333333	0.0151666666667
0.02853568	0.01229053	0.0405455555556	0.0164444444444
0.03414095	0.007925314	0.0400466666667	0.0177333333333
0.0269041	0.006437131	0.0410511111111	0.0171888888889
0.01673803	0.007627594	0.0367811111111	0.0183888888889
0.0216588	0.00531461	0.0293644444444	0.0151555555556
0.01390881	0.008719307	0.0273433333333	0.0151666666667
0.02468885	0.006809549	0.0341666666667	0.0153333333333
0.02274643	0.005365323	0.0399111111111	0.0177888888889
0.02167602	0.005855241	0.0398822222222	0.0161777777778
0.01885785	0.009957281	0.0166933333333	0.0172666666667
0.02489938	0.006584207	0.03098	0.0188
0.02848575	0.004955496	0.0372555555556	0.0156444444444
0.02785056	0.007805422	0.0411022222222	0.0171777777778
0.01094117	0.006352032	0.0230288888889	0.0186111111111
0.0131428	0.005377042	0.0172011111111	0.0163888888889
0.01622869	0.006686732	0.0199733333333	0.0182666666667
0.01364792	0.006943516	0.0174311111111	0.0162888888889
0.01671867	0.006546166	0.0274044444444	0.0151555555556
0.02580103	0.005441882	0.0401555555556	0.0162444444444
0.01873301	0.01070196	0.0294666666667	0.0188333333333
0.0146549	0.006354224	0.0165111111111	0.0170888888889
0.02860202	0.005467236	0.0343466666667	0.0153333333333
0.01782534	0.007760211	0.0170555555556	0.0175444444444
0.02658555	0.004760636	0.0371777777778	0.0156222222222
0.02927267	0.007740382	0.0410388888889	0.0173111111111
0.02712959	0.006376558	0.0412244444444	0.0170555555556
0.02911459	0.007798424	0.0410266666667	0.0173333333333
0.01958815	0.005687594	0.0390466666667	0.0159333333333
0.0270207	0.008733918	0.0412266666667	0.0168333333333
0.01230745	0.00732265	0.0176	0.0162
0.02512725	0.007943737	0.0390577777778	0.0159222222222
0.03029465	0.00874683	0.0408888888889	0.0165111111111
0.02293004	0.009704732	0.0409377777778	0.0165222222222
0.02758408	0.007835433	0.0390688888889	0.0159111111111
0.01361779	0.008102139	0.0339222222222	0.0152777777778
0.02346567	0.004369726	0.0413611111111	0.0170888888889
0.02825023	0.005258032	0.0405777777778	0.0163222222222
0.0211951	0.006366143	0.02555	0.0188
0.007971686	0.006912874	0.0162933333333	0.0170666666667
0.01025665	0.006340596	0.0162733333333	0.0170666666667
0.03261039	0.005929033	0.0406555555556	0.0176444444444
0.02317076	0.007840049	0.0411377777778	0.0174222222222
0.02345403	0.005926282	0.0346433333333	0.0186666666667
0.02225792	0.00926258	0.0378788888889	0.0183111111111
0.02015036	0.005965861	0.0414911111111	0.0170888888889
0.02258061	0.005275842	0.0413333333333	0.0166666666667
0.02371952	0.01080297	0.0363888888889	0.0185111111111
0.0202909	0.006847242	0.02978	0.0151
0.01391505	0.006425754	0.0166	0.0165
0.0180441	0.007033443	0.0202911111111	0.0183888888889
0.0147337	0.004619164	0.0171755555556	0.0162444444444
0.02440268	0.00415679	0.0331	0.0152
0.02393772	0.01041414	0.0415166666667	0.0171333333333
0.0260093	0.007075603	0.03314	0.0152
0.01925913	0.005335391	0.0329311111111	0.0151888888889
0.02506411	0.007775162	0.0316355555556	0.0188444444444
0.03516988	0.006205772	0.0413666666667	0.0173333333333
0.0177202	0.004214345	0.0224455555556	0.0153444444444
0.02522097	0.009047433	0.0415122222222	0.0167777777778
0.01821226	0.00938254	0.0342833333333	0.0152666666667
0.02313557	0.008932918	0.0297311111111	0.0188888888889
0.0312827	0.008201333	0.0410666666667	0.0175333333333
0.01396184	0.006993495	0.0196733333333	0.0156666666667
0.02641206	0.006342919	0.0240777777778	0.0152222222222
0.01333706	0.008222589	0.0200388888889	0.0156111111111
0.01501382	0.004234996	0.0367311111111	0.0154888888889
0.03035112	0.008114657	0.0336777777778	0.0152222222222
0.01710149	0.01751963	0.0363566666667	0.0185333333333
0.02802647	0.007048074	0.0301311111111	0.0150888888889
0.01904932	0.00811338	0.02864	0.0189
0.01371619	0.003783553	0.0341355555556	0.0152444444444
0.02440846	0.003951648	0.03344	0.0152
0.02583192	0.006025143	0.0412711111111	0.0174888888889
0.02709868	0.006638779	0.0407455555556	0.0162444444444
0.01643883	0.007805898	0.0214433333333	0.0185666666667
0.02563038	0.005375437	0.0332922222222	0.0151777777778
0.01571508	0.007364149	0.0416766666667	0.0172333333333
0.03274241	0.007023036	0.0411933333333	0.0175666666667
0.02537807	0.007998199	0.0294844444444	0.0150555555556
0.01911257	0.004009152	0.0263111111111	0.0150888888889
0.01920526	0.008726731	0.0346677777778	0.0187222222222
0.03006039	0.005253818	0.0410755555556	0.0176444444444
0.02767592	0.008586271	0.0396533333333	0.0180666666667
0.03516697	0.004966659	0.0417288888889	0.0167111111111
0.02146671	0.006636813	0.0219055555556	0.0153444444444
0.01159818	0.00578002	0.0165377777778	0.0176222222222
0.02741983	0.006217608	0.04077	0.0162
0.01766664	0.008216809	0.0388955555556	0.0157444444444
0.02844178	0.004255093	0.04164	0.0166
0.02019912	0.003654231	0.0393666666667	0.0158333333333
0.01976042	0.009498498	0.03409	0.0152
0.02997827	0.007176643	0.0406844444444	0.0161555555556
0.01895363	0.009077508	0.0291266666667	0.0150333333333
0.03306556	0.008515229	0.0418888888889	0.0168111111111
0.0188981	0.006938044	0.0321111111111	0.0188888888889
0.02767129	0.00528658	0.0418488888889	0.0167111111111
0.02657749	0.005800007	0.0417666666667	0.0166333333333
0.01625466	0.005617002	0.0417988888889	0.0166111111111
0.02077241	0.004931053	0.0372833333333	0.0154666666667
0.02369064	0.01064421	0.0249122222222	0.0188777777778
0.01914425	0.006490679	0.0417888888889	0.0174111111111
0.02395756	0.009771683	0.041	0.0162
0.02219663	0.005252431	0.0303877777778	0.0150222222222
0.01874186	0.008067722	0.0253422222222	0.0150777777778
0.0329424	0.007026562	0.0421155555556	0.0169444444444
0.02479138	0.007034381	0.0421188888889	0.0170111111111
0.01157806	0.005563105	0.0157222222222	0.0172777777778
0.02094248	0.007063935	0.0314755555556	0.0150444444444
0.01542199	0.008213601	0.0175866666667	0.0159333333333
0.02383069	0.008150051	0.0392266666667	0.0182333333333
0.02175815	0.008504234	0.0421666666667	0.0170333333333
0.01741704	0.008931493	0.0166	0.0162
0.01658003	0.006763864	0.0239666666667	0.0151333333333
0.02734684	0.006546664	0.0399622222222	0.0158777777778
0.01242186	0.004847462	0.0178344444444	0.0158555555556
0.03357609	0.006056394	0.0421977777778	0.0168222222222
0.01730134	0.006065838	0.0162433333333	0.0176666666667
0.02249914	0.005302446	0.0422344444444	0.0168555555556
0.01894394	0.006724311	0.0321555555556	0.0150444444444
0.02083607	0.01433129	0.0224844444444	0.0187555555556
0.01080731	0.007064303	0.0154222222222	0.0169777777778
0.01869321	0.005831346	0.0276711111111	0.0189888888889
0.02461956	0.006053251	0.0302511111111	0.0189888888889
0.02209635	0.006476278	0.0379888888889	0.0155111111111
0.02530197	0.003789002	0.0367144444444	0.0153555555556
0.01300708	0.00549549	0.0153911111111	0.0170888888889
0.03596474	0.006355296	0.04232	0.0169
0.01939372	0.008361583	0.0297222222222	0.0149777777778
0.01790055	0.009068056	0.0235555555556	0.0188444444444
0.02713674	0.01422523	0.0373577777778	0.0154222222222
0.03193619	0.005881902	0.04014	0.0181
0.02446256	0.006485357	0.0345577777778	0.0188222222222
0.02583685	0.004109212	0.0373388888889	0.0154111111111
0.03522081	0.007424037	0.0423388888889	0.0172111111111
0.01530857	0.007816514	0.0153222222222	0.0167777777778
0.02618681	0.005925041	0.0423833333333	0.0167666666667
0.01184379	0.007898167	0.0163933333333	0.0161666666667
0.03079777	0.006493996	0.0420611111111	0.0164888888889
0.02890839	0.006848523	0.0348044444444	0.0151555555556
0.02705534	0.006688248	0.0382488888889	0.0155111111111
0.01965284	0.006721156	0.0268833333333	0.0149666666667
0.02655833	0.007028925	0.0285355555556	0.0149444444444
0.01709693	0.004902462	0.0333244444444	0.0150555555556
0.0174475	0.006325696	0.0310588888889	0.0190111111111
0.0248597	0.006304704	0.0277866666667	0.0190333333333
0.02919349	0.007589987	0.0312688888889	0.0190111111111
0.04329835	0.006034962	0.0416555555556	0.0177444444444
0.02303444	0.009401127	0.0346544444444	0.0188555555556
0.01563574	0.007145795	0.0214177777778	0.0187222222222
0.03051766	0.008825417	0.0421455555556	0.0164444444444
0.02619802	0.008075387	0.0279355555556	0.0190444444444
0.01989364	0.006451792	0.0265777777778	0.0190222222222
0.03372443	0.005428155	0.0379355555556	0.0185444444444
0.02798586	0.007146984	0.0286444444444	0.0190555555556
0.02573388	0.009858457	0.0387455555556	0.0155444444444
0.01288063	0.004238068	0.0256522222222	0.0149777777778
0.01508667	0.00614002	0.0426711111111	0.0168888888889
0.02843397	0.005779357	0.0378977777778	0.0154222222222
0.01545418	0.005790215	0.0314444444444	0.0149555555556
0.01123636	0.004275466	0.0151444444444	0.0166555555556
0.02497363	0.00558291	0.0335166666667	0.0150333333333
0.01738389	0.005315714	0.0260444444444	0.0149555555556
0.02335855	0.006051968	0.0402933333333	0.0181666666667
0.02434378	0.007520103	0.0426111111111	0.0172888888889
0.02163898	0.00489168	0.0400444444444	0.0157555555556
0.0210323	0.007243766	0.0422288888889	0.0164111111111
0.02968642	0.007663785	0.0392888888889	0.0156111111111
0.02087915	0.007008109	0.0202077777778	0.0186222222222
0.02872384	0.006375075	0.0403122222222	0.0181777777778
0.02876734	0.007682624	0.03453	0.0189
0.01921756	0.005236679	0.0271333333333	0.0190666666667
0.03259277	0.004361428	0.0321977777778	0.0190222222222
0.01812996	0.008522717	0.0390777777778	0.0184222222222
0.02215285	0.004480725	0.0397333333333	0.0156666666667
0.03176644	0.01020728	0.0355466666667	0.0188333333333
0.0144935	0.00527695	0.0173311111111	0.0157888888889
0.01351293	0.005153022	0.0173822222222	0.0157777777778
0.02293972	0.006118053	0.0388233333333	0.0184666666667
0.03372368	0.004667601	0.0422266666667	0.0176333333333
0.0138021	0.005785604	0.0167888888889	0.0159111111111
0.0291548	0.004406359	0.0420533333333	0.0162666666667
0.01923304	0.005890316	0.0273	0.0149
0.01881075	0.006404506	0.0296811111111	0.0190888888889
0.01318183	0.007684356	0.0174244444444	0.0157555555556
0.01748248	0.004389309	0.01822	0.0156
0.02093296	0.00848354	0.0293122222222	0.0148777777778
0.02364721	0.00627835	0.0329733333333	0.0149666666667
0.02964517	0.00651995	0.043	0.017
0.02274896	0.005617096	0.0271511111111	0.0190888888889
0.01294069	0.009024058	0.0162933333333	0.0179666666667
0.02818916	0.006646923	0.0419088888889	0.0178111111111
0.01663443	0.004806304	0.0178855555556	0.0156444444444
0.02449354	0.003972175	0.0369755555556	0.0152444444444
0.02242413	0.006869598	0.0227333333333	0.0150666666667
0.02053104	0.007276172	0.0420511111111	0.0161888888889
0.02296074	0.006833135	0.0300333333333	0.0148666666667
0.02489301	0.005881063	0.0307622222222	0.0148777777778
0.01991692	0.004074016	0.0219777777778	0.0151222222222
0.01842778	0.008163937	0.0169077777778	0.0158222222222
0.0163197	0.005045182	0.0284444444444	0.0148555555556
0.02183944	0.006412012	0.0390111111111	0.0154888888889
0.01745092	0.007466375	0.0169388888889	0.0158111111111
0.02951227	0.006122265	0.0374911111111	0.0186888888889
0.02287268	0.008373207	0.0327355555556	0.0190444444444
0.02514087	0.00709001	0.0266422222222	0.0148777777778
0.02242801	0.009886655	0.0179133333333	0.0183666666667
0.02676363	0.004455405	0.0428	0.0165
0.0256036	0.006074208	0.0401822222222	0.0156777777778
0.02049314	0.008778818	0.0390222222222	0.0154777777778
0.01933263	0.007733726	0.0362977777778	0.0188222222222
0.0199836	0.005312103	0.0242477777778	0.0190222222222
0.02440624	0.007180505	0.0404777777778	0.0157222222222
0.01984864	0.005401384	0.0226955555556	0.0150444444444
0.029706	0.008280548	0.0428611111111	0.0164888888889
0.01535548	0.005488518	0.0275266666667	0.0191333333333
0.02135996	0.005320695	0.0302555555556	0.0148444444444
0.03448236	0.008154003	0.0428444444444	0.0164555555556
0.0184975	0.004715226	0.0226855555556	0.0189444444444
0.02149452	0.004467611	0.0391233333333	0.0154666666667
0.02238144	0.004015991	0.0256722222222	0.0148777777778
0.01456892	0.005475099	0.0173888888889	0.0183111111111
0.01955011	0.00566759	0.0424744444444	0.0162555555556
0.02134171	0.01177964	0.04052	0.0157
0.02746738	0.01239491	0.04264	0.0163
0.02981913	0.005273439	0.0432511111111	0.0172888888889
0.0299413	0.004692473	0.0385333333333	0.0153666666667
0.04229514	0.007288933	0.0433766666667	0.0168333333333
0.02912547	0.007256142	0.0396855555556	0.0184444444444
0.03146917	0.008912372	0.0413433333333	0.0158666666667
0.02992094	0.005126092	0.0425555555556	0.0162444444444
0.01606115	0.00592878	0.0341544444444	0.0149555555556
0.02910377	0.006232239	0.0404144444444	0.0156555555556
0.02784252	0.005608574	0.0366755555556	0.0151444444444
0.03084964	0.006352581	0.0417933333333	0.0159666666667
0.01669525	0.00709933	0.01475	0.0164
0.01832611	0.009837671	0.0172866666667	0.0183333333333
0.02329577	0.009739676	0.0282422222222	0.0191777777778
0.02829499	0.006604703	0.0434622222222	0.0171777777778
0.01033504	0.006758183	0.0143	0.0167
0.02910209	0.007738563	0.0340066666667	0.0149333333333
0.01737092	0.01369101	0.0240933333333	0.0190666666667
0.01627889	0.005181115	0.0312744444444	0.0191555555556
0.01652337	0.004960032	0.0212188888889	0.0151111111111
0.02561843	0.005318988	0.0433433333333	0.0173666666667
0.0178998	0.006740553	0.0174422222222	0.0183777777778
0.03603476	0.004873264	0.0408844444444	0.0182555555556
0.03662723	0.006121438	0.0388088888889	0.0186111111111
0.02735249	0.003806408	0.0282611111111	0.0191888888889
0.01563578	0.008582133	0.0408688888889	0.0157111111111
0.03079818	0.005859385	0.0392444444444	0.0185555555556
0.01980378	0.006579099	0.0419333333333	0.0159666666667
0.017886	0.006026547	0.0263888888889	0.0148111111111
0.03407042	0.007901859	0.0433444444444	0.0165555555556
0.02664576	0.008607864	0.0430488888889	0.0176111111111
0.02240941	0.007777975	0.0367977777778	0.0151222222222
0.03145614	0.008182047	0.0435577777778	0.0167222222222
0.02616257	0.01367638	0.0423911111111	0.0160888888889
0.02838332	0.005636978	0.0430733333333	0.0163666666667
0.03555236	0.008809855	0.0430355555556	0.0163444444444
0.02698166	0.006188111	0.0434777777778	0.0166222222222
0.02870015	0.00441805	0.0393577777778	0.0154222222222
0.02251972	0.005880462	0.03388	0.0149
0.02965534	0.004904634	0.04045	0.0156
0.01549457	0.005219296	0.0339222222222	0.0190777777778
0.03123607	0.006629112	0.0432088888889	0.0164111111111
0.02969554	0.005933523	0.0435122222222	0.0173777777778
0.02067486	0.003821772	0.0371066666667	0.0151333333333
0.02160496	0.00827632	0.0273088888889	0.0192111111111
0.02015323	0.005721517	0.0227955555556	0.0149444444444
0.01982903	0.005133938	0.0271533333333	0.0147666666667
0.02328417	0.008847932	0.0412555555556	0.0182444444444
0.02632071	0.005780209	0.0412666666667	0.0157333333333
0.01824253	0.007707803	0.0238022222222	0.0148777777778
0.02879232	0.006759972	0.04234	0.016
0.01522031	0.008183364	0.0429488888889	0.0162111111111
0.02518165	0.009756731	0.0341811111111	0.0190888888889
0.02472017	0.006723348	0.037	0.0151
0.02134854	0.004875493	0.0305444444444	0.0147555555556
0.02112586	0.005829453	0.0297066666667	0.0192333333333
0.01755982	0.007210842	0.0433822222222	0.0175777777778
0.01678208	0.00821849	0.0152155555556	0.0179444444444
0.02721731	0.006616474	0.0429311111111	0.0177888888889
0.02147729	0.007622449	0.0356222222222	0.0149777777778
0.03135826	0.006440416	0.0428477777778	0.0178222222222
0.02013495	0.005611211	0.0360588888889	0.0150111111111
0.02827212	0.007573214	0.0357811111111	0.0189888888889
0.02182656	0.003884359	0.0427	0.0161
0.02967163	0.006491327	0.0439288888889	0.0170111111111
0.01929585	0.008792014	0.0259022222222	0.0147777777778
0.02782323	0.00825465	0.0385888888889	0.0187111111111
0.02339984	0.01010417	0.0389333333333	0.0186666666667
0.02200027	0.01440576	0.0362777777778	0.0150222222222
0.01180117	0.006877735	0.0338177777778	0.0191222222222
0.02110218	0.005661336	0.0416222222222	0.0157777777778
0.01957207	0.004880568	0.0380111111111	0.0151888888889
0.01727186	0.007979739	0.0200666666667	0.0188333333333
0.02923666	0.007198301	0.0421111111111	0.0158888888889
0.02291145	0.008821152	0.0435377777778	0.0164222222222
0.0152532	0.005968549	0.0231311111111	0.0148888888889
0.021234	0.004014266	0.0283777777778	0.0147222222222
0.03281309	0.01070056	0.0345811111111	0.0148888888889
0.0302721	0.007380878	0.0423466666667	0.0180333333333
0.02538623	0.005907755	0.0342688888889	0.0191111111111
0.02286957	0.006112253	0.0387344444444	0.0152555555556
0.0136358	0.006341295	0.0136711111111	0.0167888888889
0.02339811	0.005685084	0.0282933333333	0.0192666666667
0.03174557	0.007175608	0.0441044444444	0.0170555555556
0.01431058	0.004884426	0.0181233333333	0.0153666666667
0.01710292	0.008495554	0.0432288888889	0.0162111111111
0.02550531	0.005439254	0.0418711111111	0.0157888888889
0.02865452	0.0070039	0.0436533333333	0.0175666666667
0.01640936	0.007260503	0.0252433333333	0.0147666666667
0.02897778	0.006801107	0.0390911111111	0.0152888888889
0.02966621	0.0052425	0.0384888888889	0.0152111111111
0.02944221	0.007285241	0.0429311111111	0.0160888888889
0.02412401	0.006216657	0.0318566666667	0.0192333333333
0.02439807	0.008288439	0.0363111111111	0.0149888888889
0.01757119	0.007658971	0.0260466666667	0.0147333333333
0.02904652	0.009229561	0.0376022222222	0.0188777777778
0.01467734	0.006943641	0.0174555555556	0.0154444444444
0.02790352	0.008131121	0.0441888888889	0.0168111111111
0.01103758	0.006851229	0.0138311111111	0.0174888888889
0.01635852	0.007686378	0.0331222222222	0.0147777777778
0.01457238	0.00987476	0.0176288888889	0.0154111111111
0.02532748	0.005694167	0.0442611111111	0.0168888888889
0.02809014	0.006165271	0.0399711111111	0.0153888888889
0.02437366	0.007163488	0.0441444444444	0.0166555555556
0.02985457	0.01035819	0.0421222222222	0.0181777777778
0.02093857	0.007346864	0.0254266666667	0.0147333333333
0.03605493	0.005316479	0.0442822222222	0.0171777777778
0.01410264	0.01295442	0.0183822222222	0.0152777777778
0.02656507	0.004313522	0.0386311111111	0.0151888888889
0.0269665	0.005006799	0.0428911111111	0.0159888888889
0.0310098	0.008343916	0.0414955555556	0.0183444444444
0.03298804	0.004152978	0.0392444444444	0.0152555555556
0.03070406	0.003307965	0.0444111111111	0.0168888888889
0.02005465	0.004469673	0.0398855555556	0.0153444444444
0.02948833	0.006819107	0.03696	0.015
0.01972518	0.008856514	0.0378711111111	0.0188888888889
0.008187924	0.005962842	0.0157155555556	0.0182444444444
0.01875382	0.003881379	0.0313711111111	0.0146888888889
0.02411289	0.005691827	0.03549	0.0191
0.02623712	0.005249007	0.0444444444444	0.0168555555556
0.02289278	0.005205916	0.0294144444444	0.0146555555556
0.02191483	0.006478519	0.0305088888889	0.0193111111111
0.02840499	0.00624513	0.0428844444444	0.0159555555556
0.02729213	0.007097886	0.0443155555556	0.0173444444444
0.01722401	0.007379437	0.0407333333333	0.0154666666667
0.02514662	0.006954115	0.0421577777778	0.0182222222222
0.02453627	0.007072259	0.0382977777778	0.0151222222222
0.02488855	0.005290343	0.0387088888889	0.0188111111111
0.02484828	0.0165187	0.0344822222222	0.0191777777778
0.02471574	0.008542961	0.0385455555556	0.0151444444444
0.02173038	0.00799882	0.0240244444444	0.0147555555556
0.02625942	0.00446359	0.0445266666667	0.0171333333333
0.03392307	0.009734399	0.0441822222222	0.0164777777778
0.0123671	0.005680115	0.0132888888889	0.0173111111111
0.02039414	0.007098029	0.0279155555556	0.0146444444444
0.02967918	0.005836839	0.0445711111111	0.0169888888889
0.02037505	0.007202912	0.0445344444444	0.0171555555556
0.01894392	0.003963714	0.0367444444444	0.0149555555556
0.02135728	0.00628882	0.0415011111111	0.0183888888889
0.01666125	0.006166514	0.0216	0.0149
0.02658174	0.005554493	0.0325622222222	0.0192777777778
0.03002554	0.01229087	0.0437744444444	0.0177555555556
0.0314199	0.007628651	0.0406477777778	0.0154222222222
0.01929816	0.006282807	0.0253511111111	0.0146888888889
0.01705055	0.008372042	0.0246988888889	0.0147111111111
0.02700451	0.009126601	0.0443555555556	0.0174444444444
0.02775317	0.006196499	0.0406133333333	0.0185666666667
0.0186949	0.006529209	0.0218933333333	0.0148666666667
0.01748656	0.005720515	0.0259088888889	0.0193111111111
0.02448128	0.005059843	0.0302255555556	0.0193444444444
0.02487418	0.006821565	0.0245888888889	0.0147111111111
0.01862495	0.006287826	0.0225044444444	0.0191555555556
0.03125504	0.008577512	0.0444422222222	0.0165777777778
0.02966543	0.008444584	0.0336355555556	0.0192444444444
0.03214382	0.006741248	0.0439522222222	0.0162777777778
0.007433115	0.008279607	0.0446311111111	0.0167888888889
0.0243115	0.007100394	0.0365777777778	0.0149222222222
0.03422555	0.00843841	0.0435633333333	0.0178666666667
0.0236573	0.0052019	0.0446666666667	0.0171333333333
0.02199848	0.005797618	0.02539	0.0193
0.02912421	0.00793598	0.0398911111111	0.0152888888889
0.01483543	0.005496754	0.0190777777778	0.0151222222222
0.01301026	0.004827176	0.01414	0.0161
0.01187535	0.006378839	0.0136177777778	0.0163222222222
0.01164406	0.006098447	0.0197555555556	0.0150444444444
0.02662245	0.007293437	0.0424688888889	0.0182111111111
0.02953789	0.009334903	0.0431888888889	0.0180111111111
0.009680518	0.007581845	0.0301977777778	0.0146222222222
0.02851184	0.006458607	0.0322233333333	0.0146666666667
0.02679796	0.003839122	0.0398922222222	0.0152777777778
0.01702078	0.006467671	0.01939	0.0189
0.01628959	0.008779401	0.0292788888889	0.0146111111111
0.03022399	0.007671863	0.0423244444444	0.0182555555556
0.01855447	0.004361155	0.0367577777778	0.0149222222222
0.02189079	0.006759522	0.0179866666667	0.0187333333333
0.02362126	0.004514383	0.0424555555556	0.0157444444444
0.02165394	0.008452848	0.0415977777778	0.0184222222222
0.01473309	0.007215669	0.0252333333333	0.0146666666667
0.0218766	0.005153945	0.0300588888889	0.0146111111111
0.02661766	0.008953019	0.0335933333333	0.0192666666667
0.008679451	0.008773438	0.0255244444444	0.0146555555556
0.01757445	0.00667838	0.0129088888889	0.0168111111111
0.02623521	0.005058697	0.03845	0.0189
0.02236217	0.01143302	0.03527	0.0148
0.02442497	0.00679621	0.0337088888889	0.0147111111111
0.0225951	0.0108314	0.0271088888889	0.0146111111111
0.01652004	0.006598319	0.0365311111111	0.0148888888889
0.01712297	0.01229543	0.0445	0.0175
0.02629194	0.007327699	0.0376811111111	0.0149888888889
0.01771074	0.00942144	0.0213733333333	0.0148666666667
0.02782682	0.006216642	0.0447633333333	0.0166666666667
0.02943367	0.004746784	0.0440966666667	0.0162333333333
0.0164658	0.00877073	0.0448	0.0167
0.0194315	0.006596953	0.0359355555556	0.0191444444444
0.02272264	0.007191002	0.0448722222222	0.0167777777778
0.01633412	0.005092962	0.0184444444444	0.0151555555556
0.02641494	0.00585877	0.0398455555556	0.0187444444444
0.03232472	0.006465984	0.0440511111111	0.0161888888889
0.02263004	0.005885283	0.0397288888889	0.0152111111111
0.03010333	0.005403877	0.0400477777778	0.0187222222222
0.02870103	0.006364181	0.0402911111111	0.0152888888889
0.03677191	0.005128494	0.0422566666667	0.0183333333333
0.01531766	0.0093774	0.0202666666667	0.0190333333333
0.02578951	0.004875347	0.0438222222222	0.0160777777778
0.03046466	0.003997084	0.0422555555556	0.0183444444444
