root_height	pop_size	pi_net	pi_within
0.04993227	0.003210428	0.0977444444444	0.00435555555556
0.05928655	0.004195848	0.0979111111111	0.00438888888889
0.03608699	0.002534494	0.0980333333333	0.00436666666667
0.05406868	0.003293237	0.0979	0.0043
0.05081034	0.002828822	0.0972333333333	0.00436666666667
0.03589058	0.005498282	0.0974666666667	0.00443333333333
0.05549735	0.004011617	0.0976755555556	0.00444444444444
0.03320821	0.004863539	0.0982666666667	0.00433333333333
0.06809496	0.00372966	0.0983222222222	0.00437777777778
0.05153663	0.002503297	0.0984222222222	0.00437777777778
0.04843607	0.003831676	0.0970233333333	0.00436666666667
0.05463278	0.002567744	0.0981222222222	0.00427777777778
0.04538348	0.002668489	0.0979933333333	0.00446666666667
0.04852616	0.005601853	0.0971666666667	0.00443333333333
0.05170775	0.002760605	0.0970888888889	0.00431111111111
0.05851921	0.004785323	0.0971	0.0043
0.04009134	0.002203121	0.0985	0.0044
0.05332126	0.003681576	0.0974222222222	0.00447777777778
0.04938714	0.003998452	0.0983444444444	0.00445555555556
0.03412474	0.004579978	0.097	0.0043
0.05774543	0.002162741	0.0985666666667	0.00433333333333
0.07088917	0.004461482	0.0969177777778	0.00442222222222
0.06118732	0.004351247	0.0973511111111	0.00448888888889
0.04894358	0.00238778	0.0986444444444	0.00435555555556
0.05441244	0.003757343	0.0977777777778	0.00422222222222
0.05019252	0.001945505	0.0986777777778	0.00442222222222
0.04759343	0.0029621	0.0980777777778	0.00422222222222
0.04258421	0.00407382	0.0984444444444	0.00425555555556
0.04031108	0.003326487	0.0977777777778	0.00452222222222
0.05331545	0.003832206	0.0969333333333	0.00426666666667
0.03951547	0.004894585	0.0979888888889	0.00421111111111
0.05205688	0.002030176	0.0988111111111	0.00438888888889
0.05002979	0.002328258	0.0988	0.0044
0.04578645	0.003089456	0.0988222222222	0.00437777777778
0.05313166	0.002461605	0.0983666666667	0.00423333333333
0.06472598	0.003955936	0.0982888888889	0.00451111111111
0.0536255	0.002599846	0.0976566666667	0.00453333333333
0.05464014	0.003989124	0.0976	0.0042
0.0567722	0.003057847	0.0987455555556	0.00444444444444
0.04296933	0.003178707	0.098	0.0042
0.04755637	0.003555167	0.0986222222222	0.00447777777778
0.04669861	0.002677653	0.0976111111111	0.00418888888889
0.03732228	0.003011712	0.09661	0.0043
0.0670871	0.003218612	0.0965222222222	0.00437777777778
0.05100319	0.004093422	0.0969	0.0045
0.05097123	0.003015865	0.0980111111111	0.00418888888889
0.03440607	0.00343566	0.0965111111111	0.00438888888889
0.06119469	0.003085087	0.0986555555556	0.00424444444444
0.05194948	0.002503186	0.0968666666667	0.00423333333333
0.0619927	0.004068252	0.0970666666667	0.00453333333333
0.05643213	0.003422222	0.0971555555556	0.00454444444444
0.05329456	0.003113858	0.0986888888889	0.00451111111111
0.04342237	0.001829571	0.0989333333333	0.00446666666667
0.04868421	0.004922311	0.0963555555556	0.00434444444444
0.05574624	0.003642994	0.0963888888889	0.00431111111111
0.0470299	0.003873346	0.0978022222222	0.00457777777778
0.06448296	0.00436092	0.0978222222222	0.00457777777778
0.04388031	0.002532063	0.0969555555556	0.00454444444444
0.05234682	0.002171776	0.0987777777778	0.00422222222222
0.04800094	0.006209399	0.0984444444444	0.00455555555556
0.04649404	0.003521935	0.0964333333333	0.00426666666667
0.04916839	0.003439481	0.0991111111111	0.00428888888889
0.05152653	0.002533455	0.0966788888889	0.00421111111111
0.05034	0.003065594	0.0962555555556	0.00434444444444
0.05021377	0.001803473	0.0975111111111	0.00458888888889
0.04441261	0.002789897	0.0963222222222	0.00427777777778
0.04888957	0.002607418	0.0963822222222	0.00447777777778
0.04798598	0.004320595	0.0973111111111	0.00458888888889
0.05483031	0.00422566	0.0985333333333	0.00456666666667
0.04081403	0.007125172	0.0972555555556	0.00414444444444
0.05683377	0.00257692	0.0972555555556	0.00414444444444
0.0639738	0.003049506	0.0984222222222	0.00457777777778
0.05779144	0.007934526	0.0963444444444	0.00425555555556
0.05594572	0.004061725	0.0982555555556	0.00414444444444
0.04190264	0.003550383	0.0992777777778	0.00442222222222
0.05540776	0.002772715	0.0993333333333	0.00436666666667
0.05899876	0.004386527	0.0992555555556	0.00444444444444
0.05189355	0.003483897	0.0986333333333	0.00416666666667
0.03763078	0.005166344	0.09729	0.0046
0.04943353	0.003363977	0.0992444444444	0.00445555555556
0.04146051	0.002566779	0.0962222222222	0.00427777777778
0.05417443	0.003012891	0.0972666666667	0.00413333333333
0.05550912	0.002173548	0.0991555555556	0.00424444444444
0.05038757	0.003159233	0.0961	0.0044
0.05220724	0.001519191	0.0990777777778	0.00422222222222
0.05552342	0.005528446	0.0993666666667	0.00443333333333
0.05970111	0.002073563	0.0979777777778	0.00462222222222
0.05419741	0.004060664	0.0965444444444	0.00455555555556
0.05482111	0.002256391	0.0980777777778	0.00462222222222
0.03988408	0.002716259	0.0986555555556	0.00414444444444
0.04852127	0.004862659	0.0991777777778	0.00452222222222
0.05801551	0.004524547	0.0976	0.0041
0.05647211	0.002578776	0.0994222222222	0.00427777777778
0.04758753	0.004205797	0.0959777777778	0.00442222222222
0.05711815	0.003518972	0.0986666666667	0.00413333333333
0.05213441	0.001587208	0.0970888888889	0.00411111111111
0.04640974	0.003176109	0.0994044444444	0.00425555555556
0.05583398	0.002691707	0.0959277777778	0.00442222222222
0.04342224	0.003166864	0.0982	0.0041
0.04638101	0.003760858	0.09824	0.0041
0.04796394	0.004149366	0.0983	0.0041
0.05193355	0.002202089	0.0986577777778	0.00412222222222
0.04532539	0.003728291	0.0986777777778	0.00412222222222
0.04405428	0.003082775	0.0966666666667	0.00413333333333
0.04936596	0.005177028	0.0958777777778	0.00442222222222
0.04563304	0.002584615	0.0970666666667	0.00463333333333
0.06729922	0.004214377	0.0985777777778	0.00462222222222
0.0566096	0.003022487	0.0960888888889	0.00451111111111
0.03941045	0.005103244	0.0960777777778	0.00422222222222
0.06188956	0.002504665	0.0959333333333	0.00446666666667
0.04450913	0.002856374	0.0961466666667	0.00453333333333
0.04377061	0.003141785	0.0958	0.0044
0.05198699	0.002357614	0.0974222222222	0.00407777777778
0.05632246	0.002025586	0.0964555555556	0.00414444444444
0.04974861	0.004178028	0.0985666666667	0.00463333333333
0.05430264	0.004927428	0.0991222222222	0.00457777777778
0.05721807	0.005698868	0.0957566666667	0.00433333333333
0.04961327	0.004904924	0.0994	0.0042
0.05335886	0.002291363	0.0978333333333	0.00406666666667
0.05757532	0.002419119	0.0978333333333	0.00406666666667
0.05351914	0.003456423	0.0957222222222	0.00437777777778
0.05534291	0.003523659	0.0980333333333	0.00466666666667
0.04693483	0.0021786	0.0996222222222	0.00447777777778
0.04255613	0.003473358	0.0993222222222	0.00417777777778
0.05859605	0.00423355	0.0988777777778	0.00462222222222
0.04459192	0.003330121	0.0996	0.0045
0.04736997	0.00187644	0.0968111111111	0.00408888888889
0.05434816	0.003307348	0.0986711111111	0.00408888888889
0.05170147	0.002272546	0.0978444444444	0.00405555555556
0.0390838	0.004676268	0.0959666666667	0.00453333333333
0.04926843	0.002000791	0.0960111111111	0.00418888888889
0.05200499	0.001397125	0.0962555555556	0.00414444444444
0.04645336	0.004710485	0.0962555555556	0.00414444444444
0.04913213	0.00204008	0.0967555555556	0.00464444444444
0.05528934	0.00310415	0.0970333333333	0.00406666666667
0.04709804	0.005246545	0.0978911111111	0.00468888888889
0.05615325	0.003397405	0.0974555555556	0.00404444444444
0.05029154	0.00336937	0.0974555555556	0.00404444444444
0.04839832	0.003489647	0.0996	0.0042
0.06048713	0.002961282	0.0959111111111	0.00418888888889
0.06774813	0.001618056	0.0955777777778	0.00442222222222
0.04250282	0.004056588	0.0964666666667	0.00463333333333
0.04846401	0.002163567	0.0956444444444	0.00425555555556
0.04868212	0.002286416	0.0967333333333	0.00466666666667
0.05553442	0.004250571	0.0995333333333	0.00416666666667
0.04813087	0.002681739	0.0963666666667	0.00463333333333
0.04956258	0.004242971	0.0998	0.0045
0.04290998	0.001877059	0.0956888888889	0.00451111111111
0.04540562	0.002871217	0.0994	0.0046
0.05392006	0.003452945	0.0963	0.0041
0.05397838	0.001907625	0.0957555555556	0.00454444444444
0.0348461	0.003324562	0.0998666666667	0.00423333333333
0.04501799	0.003230696	0.0974888888889	0.00471111111111
0.05092973	0.003143386	0.0964444444444	0.00465555555556
0.0435961	0.004639274	0.0956866666667	0.00453333333333
0.04600417	0.003457923	0.0999	0.0045
0.05726877	0.004794455	0.0954	0.0044
0.04288748	0.003995923	0.0957111111111	0.00418888888889
0.04940287	0.003188506	0.0962	0.0041
0.05249329	0.002467922	0.0955777777778	0.00422222222222
0.04488314	0.002249643	0.0954	0.0043
0.0466429	0.003026347	0.0953666666667	0.00433333333333
0.05273904	0.005035851	0.0977377777778	0.00472222222222
0.05276013	0.002631102	0.100055555556	0.00444444444444
0.04249667	0.003662875	0.0991222222222	0.00407777777778
0.06623137	0.005786464	0.0985666666667	0.00403333333333
0.05691658	0.002161557	0.0975777777778	0.00472222222222
0.05252636	0.003547908	0.100004444444	0.00425555555556
0.05533463	0.002948404	0.0968666666667	0.00403333333333
0.03800167	0.003025457	0.0954333333333	0.00446666666667
0.04454254	0.003219413	0.0954333333333	0.00446666666667
0.05011477	0.002460556	0.1001	0.0043
0.04963414	0.002829808	0.0996844444444	0.00415555555556
0.04945516	0.003139562	0.0958111111111	0.00458888888889
0.04457593	0.004929213	0.100166666667	0.00433333333333
0.04586849	0.002877454	0.0985888888889	0.00471111111111
0.05211958	0.003293223	0.0954111111111	0.00448888888889
0.04992672	0.00451478	0.0970777777778	0.00472222222222
0.03763564	0.003234766	0.0988	0.0047
0.0482533	0.003055676	0.100188888889	0.00441111111111
0.04847015	0.002546669	0.1002	0.0044
0.06024817	0.002164835	0.0993711111111	0.00408888888889
0.05000782	0.005041944	0.0999155555556	0.00454444444444
0.05455968	0.004275505	0.100091111111	0.00448888888889
0.04968744	0.004292064	0.0969777777778	0.00472222222222
0.06217607	0.002217403	0.0952344444444	0.00435555555556
0.05171662	0.00333865	0.100122222222	0.00447777777778
0.05115353	0.002094093	0.0993222222222	0.00407777777778
0.05542715	0.003329109	0.0997	0.0046
0.0537132	0.00295566	0.0976911111111	0.00398888888889
0.05181262	0.004009064	0.0987777777778	0.00402222222222
0.05374006	0.002242297	0.0978611111111	0.00398888888889
0.04405323	0.003768801	0.0987888888889	0.00471111111111
0.04158521	0.003614344	0.0980255555556	0.00474444444444
0.04986608	0.002913614	0.100088888889	0.00451111111111
0.06494828	0.004636781	0.0956555555556	0.00414444444444
0.06354447	0.002512217	0.0991111111111	0.00468888888889
0.05776404	0.002986489	0.0962444444444	0.00405555555556
0.04623898	0.001920271	0.0967888888889	0.00401111111111
0.05484558	0.004412276	0.0994222222222	0.00407777777778
0.04237335	0.002679914	0.0972555555556	0.00474444444444
0.04829499	0.004377754	0.0953777777778	0.00452222222222
0.05739018	0.002852704	0.0958666666667	0.00463333333333
0.04740644	0.003872984	0.0958666666667	0.00463333333333
0.04774173	0.003039382	0.100288888889	0.00431111111111
0.0454824	0.003293365	0.0968666666667	0.00473333333333
0.04591888	0.001700412	0.0976444444444	0.00475555555556
0.04652687	0.002974632	0.0955444444444	0.00415555555556
0.05345703	0.002001505	0.0955444444444	0.00415555555556
0.0423883	0.003348388	0.0951666666667	0.00443333333333
0.05717083	0.004343123	0.0979444444444	0.00475555555556
0.0532578	0.002434079	0.0956888888889	0.00461111111111
0.05875894	0.006532432	0.0952222222222	0.00447777777778
0.04456971	0.002592772	0.1002	0.0045
0.04966969	0.00494094	0.0964777777778	0.00402222222222
0.05084773	0.004039189	0.0951111111111	0.00438888888889
0.05593605	0.002054557	0.0951111111111	0.00438888888889
0.0597038	0.003000871	0.0995144444444	0.00465555555556
0.05763729	0.003147708	0.0984555555556	0.00474444444444
0.04820749	0.003797253	0.0951555555556	0.00444444444444
0.05777734	0.002895087	0.100311111111	0.00428888888889
0.04884716	0.00234898	0.0961222222222	0.00467777777778
0.0556001	0.003035607	0.0952111111111	0.00448888888889
0.04889882	0.005188592	0.100033333333	0.00456666666667
0.05320118	0.004173747	0.100322222222	0.00447777777778
0.05820195	0.003672924	0.0960222222222	0.00467777777778
0.05034138	0.002867381	0.0974133333333	0.00476666666667
0.05121985	0.002544775	0.0958444444444	0.00465555555556
0.04983017	0.002391546	0.0972333333333	0.00476666666667
0.0540006	0.004248871	0.0990577777778	0.00472222222222
0.05645967	0.003764398	0.0985444444444	0.00475555555556
0.0462736	0.002973897	0.0960555555556	0.00404444444444
0.04903643	0.00458343	0.0971333333333	0.00396666666667
0.05304847	0.0028275	0.0995222222222	0.00467777777778
0.05184147	0.004286689	0.0989666666667	0.00473333333333
0.05589164	0.001917678	0.0978444444444	0.00395555555556
0.05394159	0.002437774	0.0961	0.0047
0.05061094	0.004972206	0.0974222222222	0.00477777777778
0.04914718	0.002185302	0.0980444444444	0.00395555555556
0.04624793	0.002642877	0.0949777777778	0.00432222222222
0.04941812	0.002576818	0.0997222222222	0.00407777777778
0.0636105	0.004212639	0.0957444444444	0.00465555555556
0.04580005	0.005423099	0.0954888888889	0.00461111111111
0.04829151	0.003220322	0.0998666666667	0.00463333333333
0.05825782	0.002378155	0.0981444444444	0.00395555555556
0.05760421	0.001776235	0.0985333333333	0.00476666666667
0.05474763	0.003000489	0.0982222222222	0.00477777777778
0.05441267	0.002578303	0.0949666666667	0.00443333333333
0.04874521	0.002406804	0.100444444444	0.00425555555556
0.05148811	0.004815259	0.0971422222222	0.00477777777778
0.05674121	0.003764432	0.0949555555556	0.00444444444444
0.04010449	0.004357564	0.0954777777778	0.00462222222222
0.05094066	0.002495634	0.0953666666667	0.00413333333333
0.05753425	0.001422556	0.0950888888889	0.00421111111111
0.05308959	0.001284585	0.0949	0.0044
0.05821958	0.004881727	0.0974111111111	0.00478888888889
0.04999557	0.004086019	0.0959666666667	0.00403333333333
0.05927134	0.0045143	0.0981555555556	0.00394444444444
0.05559568	0.002087121	0.100591111111	0.00438888888889
0.06306672	0.003873996	0.0987933333333	0.00476666666667
0.05451779	0.003363499	0.0991111111111	0.00398888888889
0.04627275	0.003274084	0.0951111111111	0.00418888888889
0.05150759	0.003424496	0.0954666666667	0.00463333333333
0.05207757	0.003023897	0.0953	0.0046
0.05815646	0.002527737	0.0977666666667	0.00393333333333
0.05425786	0.0008598219	0.0977666666667	0.00393333333333
0.04721172	0.002795448	0.0963111111111	0.00398888888889
0.05462643	0.003746491	0.100077777778	0.00462222222222
0.04444114	0.002709196	0.0990222222222	0.00397777777778
0.05339778	0.004035369	0.0951333333333	0.00416666666667
0.04974407	0.001863691	0.0997111111111	0.00468888888889
0.05218892	0.003087492	0.0949111111111	0.00448888888889
0.0513927	0.003160144	0.100555555556	0.00424444444444
0.04409126	0.00445597	0.095	0.0042
0.05852512	0.002577142	0.0948111111111	0.00428888888889
0.05587922	0.002930742	0.0966022222222	0.00477777777778
0.05348435	0.001996216	0.0947666666667	0.00433333333333
0.0451713	0.003230666	0.0952	0.0046
0.0462242	0.001795708	0.0999333333333	0.00466666666667
0.04842825	0.002271599	0.0949955555556	0.00454444444444
0.04799783	0.004581681	0.0962444444444	0.00475555555556
0.05315044	0.002274727	0.0993555555556	0.00474444444444
0.05078214	0.001982601	0.1003	0.0046
0.04995511	0.002178658	0.0992444444444	0.00475555555556
0.04467506	0.002014359	0.100355555556	0.00414444444444
0.0480419	0.002232134	0.0953	0.0041
0.03351161	0.004232639	0.0991333333333	0.00476666666667
0.05278557	0.004484749	0.0947555555556	0.00444444444444
0.05597063	0.001721784	0.0950955555556	0.00414444444444
0.04578814	0.002043139	0.09862	0.0048
0.05221687	0.001955871	0.100288888889	0.00461111111111
0.05413975	0.004087793	0.0990222222222	0.00477777777778
0.05355801	0.003352115	0.0983777777778	0.00392222222222
0.04931742	0.001787643	0.100576666667	0.00453333333333
0.04706097	0.006139454	0.0974777777778	0.00482222222222
0.03781395	0.003869386	0.0969888888889	0.00481111111111
0.05122344	0.002548457	0.0984888888889	0.00481111111111
0.05763948	0.002218404	0.0980888888889	0.00391111111111
0.05365707	0.003107708	0.100122222222	0.00407777777778
0.05402934	0.003336775	0.100788888889	0.00431111111111
0.04437427	0.003699255	0.0965111111111	0.00478888888889
0.04963859	0.005110624	0.0958666666667	0.00473333333333
0.05248884	0.002642275	0.0958666666667	0.00473333333333
0.05650866	0.002219331	0.0969088888889	0.00481111111111
0.04350932	0.001423384	0.0946444444444	0.00435555555556
0.04760373	0.003428168	0.0995111111111	0.00398888888889
0.05106674	0.001483099	0.0968888888889	0.00481111111111
0.05830628	0.00246399	0.100022222222	0.00467777777778
0.03964467	0.003156916	0.0968777777778	0.00392222222222
0.05992552	0.002401164	0.0955111111111	0.00468888888889
0.0583292	0.004403576	0.0953733333333	0.00466666666667
0.06295727	0.003673692	0.100044444444	0.00405555555556
0.04973621	0.004119955	0.100611111111	0.00418888888889
0.05640613	0.001792193	0.0970888888889	0.00391111111111
0.0470427	0.00304488	0.0967777777778	0.00392222222222
0.04860675	0.003109928	0.0976	0.0039
0.04973982	0.003984272	0.0946111111111	0.00438888888889
0.0564276	0.005655974	0.09891	0.0048
0.04576073	0.002422496	0.09803	0.0039
0.05147722	0.004004546	0.0996111111111	0.00398888888889
0.04791495	0.002340787	0.0949555555556	0.00414444444444
0.04373695	0.002578759	0.0981666666667	0.00483333333333
0.05472777	0.003293575	0.0946111111111	0.00428888888889
0.04612607	0.003874289	0.0968777777778	0.00482222222222
0.05569157	0.002397437	0.0968777777778	0.00482222222222
0.05690144	0.002326017	0.0985888888889	0.00391111111111
0.05796145	0.004585336	0.0982666666667	0.00483333333333
0.04124348	0.00444929	0.0995444444444	0.00475555555556
0.05275622	0.002182106	0.0959222222222	0.00397777777778
0.05844403	0.003512984	0.100644444444	0.00455555555556
0.04503575	0.00322768	0.100311111111	0.00408888888889
0.05814143	0.001610738	0.0970666666667	0.00483333333333
0.05835744	0.002946613	0.0949777777778	0.00412222222222
0.06034581	0.003852197	0.0975111111111	0.00388888888889
0.05832923	0.003913645	0.0950666666667	0.00463333333333
0.05432378	0.004481815	0.0957555555556	0.00474444444444
0.0528307	0.002154015	0.0980555555556	0.00484444444444
0.05310604	0.002452348	0.0951111111111	0.00408888888889
0.05845128	0.003524311	0.100457777778	0.00462222222222
0.05189122	0.003366796	0.100777777778	0.00452222222222
0.05467968	0.002167934	0.100911111111	0.00428888888889
0.06592599	0.003680277	0.100911111111	0.00428888888889
0.0427627	0.004464246	0.0973455555556	0.00484444444444
0.05237126	0.003217074	0.0960444444444	0.00395555555556
0.05231113	0.001696151	0.0963	0.0048
0.04863812	0.006639818	0.100566666667	0.00413333333333
0.04869608	0.002161765	0.0993111111111	0.00478888888889
0.05346811	0.003547411	0.0997555555556	0.00474444444444
0.06417006	0.003633692	0.100988888889	0.00441111111111
0.05307718	0.003216036	0.0976222222222	0.00387777777778
0.04925933	0.004667474	0.0944666666667	0.00433333333333
0.05787167	0.003287436	0.0974444444444	0.00485555555556
0.04695123	0.003027476	0.100077777778	0.00402222222222
0.03011738	0.003229808	0.0945888888889	0.00451111111111
0.03965459	0.004072046	0.0945222222222	0.00447777777778
0.05182091	0.003020009	0.0944577777778	0.00442222222222
0.05223571	0.002809893	0.100811111111	0.00418888888889
0.05383469	0.003738314	0.0972444444444	0.00485555555556
0.04806477	0.004131539	0.0997333333333	0.00476666666667
0.03105616	0.004640772	0.0977333333333	0.00486666666667
0.05515967	0.003108883	0.0979133333333	0.00486666666667
0.04842157	0.00310654	0.0975333333333	0.00486666666667
0.05043726	0.0020415	0.0952777777778	0.00402222222222
0.03744222	0.004617946	0.0973333333333	0.00486666666667
0.05019203	0.001889244	0.0962888888889	0.00391111111111
0.04258092	0.00196659	0.0944555555556	0.00424444444444
0.0559813	0.002321065	0.0986222222222	0.00387777777778
0.05999396	0.002322992	0.0983033333333	0.00486666666667
0.04279762	0.002821158	0.100988888889	0.00451111111111
0.05239955	0.003789181	0.0943666666667	0.00443333333333
0.0429241	0.003583237	0.0953666666667	0.00473333333333
0.05570671	0.004177423	0.0949222222222	0.00407777777778
0.05764581	0.002738316	0.0943222222222	0.00437777777778
0.0537241	0.003763794	0.0998533333333	0.00476666666667
0.0463012	0.002227742	0.101111111111	0.00428888888889
0.05705429	0.003524085	0.0977222222222	0.00487777777778
0.05998166	0.004668756	0.100922222222	0.00417777777778
0.05270572	0.003685224	0.0974222222222	0.00487777777778
0.04653578	0.002817836	0.0945111111111	0.00418888888889
0.06295961	0.003057485	0.0969333333333	0.00486666666667
0.05462288	0.004637626	0.0985333333333	0.00386666666667
0.03699763	0.005035516	0.0951777777778	0.00402222222222
0.05241146	0.002531712	0.0966444444444	0.00485555555556
0.06559325	0.002715714	0.0996	0.0048
0.05689613	0.004541841	0.0992	0.0039
0.04932013	0.004827197	0.0990555555556	0.00484444444444
0.05926686	0.002382192	0.101144444444	0.00445555555556
0.05027744	0.003016794	0.0993888888889	0.00391111111111
0.06259978	0.00236051	0.100337777778	0.00402222222222
0.05446402	0.001383376	0.100573333333	0.00406666666667
0.05325986	0.003069171	0.0942555555556	0.00434444444444
0.04773973	0.002387879	0.0991111111111	0.00388888888889
0.05922304	0.002980416	0.0943888888889	0.00451111111111
0.05178816	0.004083193	0.0983922222222	0.00487777777778
0.05265441	0.002592481	0.0951888888889	0.00401111111111
0.05675248	0.003774942	0.0984222222222	0.00487777777778
0.0425424	0.003561981	0.0970222222222	0.00487777777778
0.05261308	0.002949724	0.0961666666667	0.00483333333333
0.05471179	0.002408051	0.0991555555556	0.00484444444444
0.04988707	0.00173766	0.0979555555556	0.00384444444444
0.04989676	0.005982706	0.0974111111111	0.00488888888889
0.0573156	0.002471483	0.101236666667	0.00433333333333
0.04276938	0.003642151	0.0980911111111	0.00488888888889
0.04883047	0.004240911	0.0943777777778	0.00452222222222
0.0425251	0.004148728	0.0999222222222	0.00477777777778
0.06386377	0.004400976	0.100511111111	0.00468888888889
0.0457677	0.003375612	0.0949555555556	0.00404444444444
0.03991958	0.003900693	0.0947	0.0041
0.0463492	0.002189454	0.0952	0.004
0.04264102	0.003861989	0.0953444444444	0.00475555555556
0.06207833	0.002219228	0.100653333333	0.00406666666667
0.05210217	0.001433036	0.0944222222222	0.00417777777778
0.0551484	0.001775832	0.100877777778	0.00412222222222
0.06492064	0.00370575	0.0989233333333	0.00486666666667
0.05546639	0.00294818	0.0998855555556	0.00394444444444
0.0534523	0.005333724	0.0996777777778	0.00392222222222
0.05242971	0.002663386	0.0948444444444	0.00405555555556
0.0528779	0.005541241	0.0954722222222	0.00477777777778
0.05086588	0.004606384	0.101033333333	0.00456666666667
0.05086413	0.001594512	0.0944333333333	0.00416666666667
0.04794968	0.002709732	0.0950777777778	0.00472222222222
0.05429735	0.001723196	0.0941777777778	0.00432222222222
0.0627723	0.00360757	0.0977	0.0049
0.06574829	0.002129727	0.101022222222	0.00457777777778
0.0544236	0.002637815	0.0974	0.0049
0.05580098	0.002401391	0.101188888889	0.00451111111111
0.05332669	0.002610623	0.0941666666667	0.00443333333333
0.03986569	0.004872014	0.0973	0.0049
0.05147179	0.004189635	0.100133333333	0.00476666666667
0.04774767	0.002612646	0.0942888888889	0.00421111111111
0.05190474	0.003849549	0.0982	0.0049
0.05310478	0.003697412	0.100366666667	0.00473333333333
0.05326866	0.00240833	0.0998666666667	0.00393333333333
0.06308312	0.003364793	0.100733333333	0.00466666666667
0.06253245	0.004914693	0.100244444444	0.00475555555556
0.04683817	0.003088227	0.100244444444	0.00475555555556
0.05160862	0.002626388	0.101	0.0046
0.06313103	0.002437801	0.101155555556	0.00454444444444
0.05549479	0.00219976	0.0948666666667	0.00403333333333
0.0547225	0.004856866	0.0977777777778	0.00382222222222
0.04855797	0.003546513	0.0977888888889	0.00491111111111
0.05561292	0.004543185	0.101266666667	0.00423333333333
0.05977148	0.004534657	0.100732222222	0.00467777777778
0.04529829	0.001066604	0.0964444444444	0.00385555555556
0.04772639	0.002181884	0.101377777778	0.00432222222222
0.04972643	0.001625061	0.0955	0.0048
0.04923492	0.003557526	0.0941	0.0043
0.05269327	0.002175028	0.101333333333	0.00446666666667
0.05761378	0.003829823	0.101377777778	0.00442222222222
0.05208292	0.002901227	0.0992333333333	0.00486666666667
0.04447862	0.004021224	0.0944888888889	0.00411111111111
0.05861414	0.002230288	0.0955777777778	0.00392222222222
0.03687034	0.003271952	0.0944777777778	0.00462222222222
0.06234315	0.004930412	0.0991222222222	0.00487777777778
0.05008112	0.004601925	0.0945	0.0041
0.0524541	0.002020013	0.1007	0.0047
0.04963074	0.003497921	0.100155555556	0.00394444444444
0.04608073	0.004024573	0.0979777777778	0.00492222222222
0.05068385	0.003046443	0.0974777777778	0.00492222222222
0.04619896	0.004907031	0.0951333333333	0.00476666666667
0.04656122	0.002695322	0.0990555555556	0.00384444444444
0.05141182	0.003384642	0.094	0.0044
0.04656115	0.004618383	0.0949	0.004
0.04626934	0.002019934	0.09656	0.0049
0.04907904	0.003081412	0.101455555556	0.00444444444444
0.06237905	0.004533054	0.101166666667	0.00413333333333
0.05232551	0.00250255	0.1014	0.0045
0.05406545	0.003628668	0.0999777777778	0.00482222222222
0.05521389	0.004281032	0.0977	0.0038
0.05988104	0.005330659	0.0992111111111	0.00488888888889
0.05161883	0.00439713	0.101366666667	0.00453333333333
0.05056593	0.002831793	0.101055555556	0.00464444444444
0.05592012	0.002056771	0.0981066666667	0.00493333333333
0.05561225	0.00392724	0.09812	0.0038
0.05157266	0.003820548	0.0956555555556	0.00484444444444
0.04525769	0.003508806	0.0951555555556	0.00394444444444
0.05510749	0.003042337	0.0986877777778	0.00492222222222
0.05337502	0.003188965	0.0997444444444	0.00485555555556
0.03869164	0.003539092	0.0947666666667	0.00473333333333
0.04128856	0.003637599	0.101577777778	0.00432222222222
0.05484475	0.001803243	0.100188888889	0.00481111111111
0.05066391	0.0052497	0.0962666666667	0.00383333333333
0.03230618	0.004641962	0.0962666666667	0.00383333333333
0.04566519	0.00268559	0.101266666667	0.00413333333333
0.04779798	0.003313951	0.0938766666667	0.00433333333333
0.06531964	0.002701234	0.0999111111111	0.00388888888889
0.04579212	0.001900697	0.101207777778	0.00462222222222
0.04747273	0.006055453	0.0964177777778	0.00382222222222
0.05801442	0.002461681	0.100533333333	0.00476666666667
0.04052724	0.00458739	0.0994111111111	0.00488888888889
0.04847809	0.003611095	0.100391111111	0.00478888888889
0.0405412	0.003789114	0.0969	0.0038
0.05199425	0.003991221	0.0939888888889	0.00421111111111
0.04796596	0.004084311	0.0973355555556	0.00494444444444
0.05605984	0.002115103	0.0963777777778	0.00382222222222
0.0462886	0.002830115	0.0988777777778	0.00492222222222
0.05867388	0.002919946	0.101414444444	0.00455555555556
0.05897986	0.002523649	0.101022222222	0.00467777777778
0.0576298	0.003146077	0.0982111111111	0.00378888888889
0.06320531	0.001477457	0.101635555556	0.00434444444444
0.04021617	0.003326385	0.0958444444444	0.00385555555556
0.05872245	0.002949628	0.0952777777778	0.00482222222222
0.06276969	0.0031849	0.0991688888889	0.00491111111111
0.05340371	0.00323447	0.0971111111111	0.00378888888889
0.06142559	0.003289288	0.0951	0.0048
0.03922863	0.003638962	0.0959555555556	0.00384444444444
0.04734101	0.00262012	0.0939911111111	0.00418888888889
0.0551595	0.002995728	0.0941888888889	0.00411111111111
0.04861381	0.004367305	0.0939	0.0045
0.05287299	0.004794687	0.0966666666667	0.00493333333333
0.06230211	0.002749288	0.101666666667	0.00433333333333
0.0525845	0.002419095	0.0941777777778	0.00462222222222
0.05191717	0.002968107	0.100633333333	0.00476666666667
0.04900583	0.003416194	0.0948333333333	0.00476666666667
0.05556599	0.002608826	0.0940444444444	0.00415555555556
0.06751391	0.001575483	0.0956333333333	0.00386666666667
0.04349839	0.005963484	0.0937888888889	0.00441111111111
0.04264691	0.004463631	0.0973222222222	0.00377777777778
0.04979954	0.003979403	0.0937888888889	0.00431111111111
0.04277905	0.002677182	0.0937888888889	0.00431111111111
0.04949193	0.003404829	0.1016	0.0045
0.04636498	0.002589063	0.09502	0.0048
0.05899893	0.004013953	0.101588888889	0.00451111111111
0.05029445	0.002868869	0.0952666666667	0.00483333333333
0.05976531	0.00394599	0.100111111111	0.00388888888889
0.05062046	0.002816917	0.0983444444444	0.00495555555556
0.05322946	0.002501219	0.0996555555556	0.00384444444444
0.06091296	0.002240009	0.100988888889	0.00471111111111
0.05485453	0.001920832	0.101733333333	0.00436666666667
0.05438887	0.004337915	0.101388888889	0.00461111111111
0.03844502	0.002378671	0.101655555556	0.00424444444444
0.06010858	0.003081542	0.1016	0.0042
0.05414127	0.001982179	0.0980333333333	0.00376666666667
0.05361609	0.004128158	0.0974333333333	0.00376666666667
0.04704232	0.001706997	0.0948555555556	0.00394444444444
0.05335919	0.003757644	0.0981333333333	0.00496666666667
0.0497107	0.003145302	0.0994777777778	0.00382222222222
0.05069681	0.004063771	0.0994888888889	0.00491111111111
0.06838259	0.003149049	0.101777777778	0.00432222222222
0.05164879	0.003201767	0.0937333333333	0.00446666666667
0.04651997	0.004507351	0.101755555556	0.00444444444444
0.05254655	0.002536216	0.0937444444444	0.00425555555556
0.04753104	0.002787153	0.0943888888889	0.00471111111111
0.06114217	0.004578981	0.100724444444	0.00395555555556
0.05090574	0.002236672	0.100255555556	0.00484444444444
0.05907317	0.002802284	0.0955222222222	0.00487777777778
0.05120858	0.002883076	0.0948666666667	0.00393333333333
0.06087052	0.003315531	0.0990555555556	0.00494444444444
0.06469239	0.003396528	0.0977444444444	0.00375555555556
0.04316008	0.004561946	0.0988444444444	0.00495555555556
0.04500242	0.002399209	0.0946333333333	0.00476666666667
0.05328728	0.003613597	0.101833333333	0.00436666666667
0.05428857	0.002538442	0.0949888888889	0.00391111111111
0.04982591	0.0031544	0.100478888889	0.00391111111111
0.03603953	0.003257734	0.0937111111111	0.00448888888889
0.0532713	0.003006432	0.0994777777778	0.00492222222222
0.04084735	0.007700479	0.0994777777778	0.00492222222222
0.06249347	0.003155089	0.0981222222222	0.00497777777778
0.05848697	0.003652399	0.100488888889	0.00391111111111
0.05427086	0.003456697	0.0986333333333	0.00496666666667
0.05920934	0.004588816	0.0991555555556	0.00494444444444
0.05833943	0.004113367	0.101333333333	0.00406666666667
0.05560892	0.003746704	0.0948	0.0048
0.04898606	0.00241507	0.0942111111111	0.00468888888889
0.04926323	0.003362464	0.100355555556	0.00484444444444
0.05437063	0.004371301	0.100822222222	0.00477777777778
0.04916906	0.004702289	0.0995577777778	0.00492222222222
0.06011959	0.002097117	0.0994	0.0038
0.05795276	0.002925943	0.100284444444	0.00485555555556
0.05009458	0.003462732	0.100844444444	0.00395555555556
0.05812943	0.003670281	0.0938222222222	0.00457777777778
0.05543226	0.002846036	0.1011	0.004
0.05156179	0.005602858	0.0935777777778	0.00432222222222
0.04840615	0.001951289	0.0936044444444	0.00445555555556
0.04652925	0.004933014	0.100322222222	0.00387777777778
0.04919573	0.001556641	0.0959666666667	0.00493333333333
0.05505604	0.003092528	0.0953222222222	0.00487777777778
0.05617065	0.003128696	0.101766666667	0.00453333333333
0.05307456	0.004088432	0.0935311111111	0.00438888888889
0.03992282	0.002058636	0.0938888888889	0.00411111111111
0.05867036	0.005069924	0.101433333333	0.00406666666667
0.04848779	0.003468391	0.0935555555556	0.00444444444444
0.05301334	0.002337516	0.0987444444444	0.00375555555556
0.04487014	0.002745151	0.09998	0.0049
0.04689882	0.004532984	0.101588888889	0.00411111111111
0.053393	0.00505443	0.0941888888889	0.00471111111111
0.05985932	0.003730877	0.0935444444444	0.00445555555556
0.05382286	0.003374053	0.0994555555556	0.00494444444444
0.04935006	0.005224441	0.100333333333	0.00386666666667
0.05470261	0.001739958	0.0974	0.005
0.04061899	0.00395345	0.0934888888889	0.00431111111111
0.04105921	0.003726058	0.0940144444444	0.00405555555556
0.05397494	0.003977622	0.0993622222222	0.00377777777778
0.05068266	0.001912194	0.0937888888889	0.00461111111111
0.04691862	0.003831656	0.0943444444444	0.00475555555556
0.03668388	0.005386572	0.101544444444	0.00465555555556
0.04823769	0.003284839	0.0939222222222	0.00407777777778
0.0512584	0.001217438	0.0953666666667	0.00383333333333
0.05486967	0.002122838	0.0971	0.005
0.05448475	0.004490837	0.0971	0.005
0.04786528	0.004261916	0.0945111111111	0.00478888888889
0.06149242	0.002458328	0.0940666666667	0.00403333333333
0.05085011	0.002456679	0.101044444444	0.00395555555556
0.05239079	0.003884459	0.0969666666667	0.00373333333333
0.04218943	0.004304043	0.0977777777778	0.00372222222222
0.05457016	0.003835357	0.101833333333	0.00416666666667
0.04404155	0.00332564	0.0979877777778	0.00372222222222
0.05404215	0.003194896	0.101388888889	0.00471111111111
0.06025876	0.001975176	0.101791111111	0.00458888888889
0.03966691	0.002427456	0.0961333333333	0.00376666666667
0.05092374	0.006396672	0.0980888888889	0.00501111111111
0.05938566	0.002690579	0.0981777777778	0.00372222222222
0.05021031	0.002929773	0.0953777777778	0.00382222222222
0.05685402	0.003984054	0.101844444444	0.00415555555556
0.05495059	0.002334467	0.094	0.0047
0.05801865	0.002088863	0.101466666667	0.00403333333333
0.05498539	0.004893095	0.0933844444444	0.00435555555556
0.04998204	0.004916458	0.0956	0.0038
0.05215504	0.002450706	0.0940888888889	0.00401111111111
0.04879355	0.004358641	0.0942444444444	0.00475555555556
0.05394546	0.003858285	0.0958822222222	0.00377777777778
0.04756786	0.007230894	0.102	0.0045
0.0536604	0.004132412	0.0960333333333	0.00496666666667
0.05252903	0.005211219	0.0967	0.005
0.05107419	0.002075847	0.100533333333	0.00386666666667
0.05887249	0.003475495	0.0997555555556	0.00494444444444
0.05051453	0.003820111	0.101988888889	0.00451111111111
0.06408524	0.002585793	0.100444444444	0.00385555555556
0.04868722	0.004345088	0.0948444444444	0.00485555555556
0.04856141	0.003069623	0.0948444444444	0.00485555555556
0.05703792	0.001167868	0.101977777778	0.00452222222222
0.0412322	0.002541329	0.0933777777778	0.00442222222222
0.05047365	0.003011142	0.0934133333333	0.00426666666667
0.04620063	0.0008166379	0.100266666667	0.00383333333333
0.05502867	0.00374126	0.0946666666667	0.00483333333333
0.0607652	0.003715978	0.100877777778	0.00482222222222
0.04915022	0.001528823	0.0958222222222	0.00377777777778
0.04892737	0.002961949	0.0977777777778	0.00502222222222
0.0617571	0.003900505	0.0977777777778	0.00502222222222
0.04344866	0.004119825	0.0978888888889	0.00371111111111
0.05189116	0.001649318	0.0933666666667	0.00443333333333
0.05047182	0.002979405	0.0936888888889	0.00411111111111
0.04698547	0.003059703	0.0938233333333	0.00466666666667
0.04727447	0.00383112	0.102055555556	0.00424444444444
0.0448216	0.002850749	0.0933333333333	0.00436666666667
0.04944137	0.00335714	0.0944888888889	0.00481111111111
0.05341525	0.003720292	0.0957644444444	0.00495555555556
0.0470664	0.005458158	0.101488888889	0.00471111111111
0.04403103	0.00232159	0.0964666666667	0.00373333333333
0.05306602	0.002094738	0.0934	0.0045
0.05237142	0.003278364	0.0960222222222	0.00497777777778
0.05040113	0.005193288	0.101911111111	0.00458888888889
0.04751671	0.003188126	0.0951	0.0049
0.05846702	0.002193907	0.100366666667	0.00383333333333
0.05303478	0.003793439	0.0987777777778	0.00372222222222
0.05444773	0.003134419	0.0996333333333	0.00496666666667
0.06734589	0.003732873	0.0958333333333	0.00496666666667
0.05014013	0.004313346	0.0947244444444	0.00485555555556
0.0395239	0.002739382	0.0933222222222	0.00427777777778
0.06213279	0.004081132	0.102177777778	0.00432222222222
0.0548335	0.00218431	0.100188888889	0.00381111111111
0.05162564	0.006663361	0.0995222222222	0.00497777777778
0.05019766	0.004374637	0.094	0.004
0.05429261	0.004515238	0.0933044444444	0.00445555555556
0.05507991	0.002867662	0.102066666667	0.00453333333333
0.0548808	0.004252534	0.101955555556	0.00414444444444
0.04448203	0.00368841	0.0948444444444	0.00385555555556
0.05137659	0.002000892	0.0962666666667	0.00373333333333
0.04326353	0.003774217	0.101588888889	0.00471111111111
0.05527403	0.002540479	0.0935777777778	0.00462222222222
0.04570447	0.003787697	0.0947333333333	0.00386666666667
0.04254869	0.00296195	0.0996022222222	0.00497777777778
0.06347238	0.005199971	0.0983666666667	0.00503333333333
0.05968052	0.002346608	0.0960111111111	0.00498888888889
0.04324004	0.00357922	0.0950777777778	0.00382222222222
0.05373433	0.002808389	0.0938	0.0047
0.05400983	0.00185976	0.101666666667	0.00403333333333
0.05683288	0.004055867	0.100611111111	0.00488888888889
0.05409542	0.003242483	0.0934244444444	0.00415555555556
0.05313213	0.00248823	0.0978111111111	0.00368888888889
0.05859047	0.004483896	0.0969	0.0037
0.0582316	0.001757719	0.100955555556	0.00484444444444
0.05487643	0.002261754	0.100955555556	0.00484444444444
0.06652135	0.00287354	0.0986	0.0037
0.05071078	0.004332033	0.102276666667	0.00433333333333
0.05031447	0.004803793	0.0935466666667	0.00463333333333
0.05674087	0.00340684	0.100833333333	0.00486666666667
0.05870959	0.004480541	0.0937111111111	0.00468888888889
0.05604617	0.003025018	0.0972111111111	0.00368888888889
0.05378362	0.005744622	0.100488888889	0.00491111111111
0.04863761	0.003956142	0.0946233333333	0.00486666666667
0.0548867	0.00147448	0.0983111111111	0.00368888888889
0.04548784	0.005859232	0.0961788888889	0.00501111111111
0.04991275	0.002180393	0.0943766666667	0.00483333333333
0.05385246	0.002481569	0.0931444444444	0.00435555555556
0.04977773	0.002331713	0.100802222222	0.00487777777778
0.03910145	0.003449669	0.0933333333333	0.00456666666667
0.05082369	0.001809149	0.0934	0.0046
0.05341887	0.004111631	0.102066666667	0.00413333333333
0.0490588	0.001389021	0.0946444444444	0.00385555555556
0.05494773	0.001853942	0.0957555555556	0.00374444444444
0.0510772	0.004956057	0.0979644444444	0.00505555555556
0.0436156	0.003195917	0.0937777777778	0.00472222222222
0.0467153	0.002845649	0.0962888888889	0.00371111111111
0.05133328	0.002518271	0.0974444444444	0.00505555555556
0.05305871	0.003209131	0.0993888888889	0.00501111111111
0.05563006	0.002357336	0.0960777777778	0.00372222222222
0.0539092	0.002193923	0.100666666667	0.00383333333333
0.03566007	0.002681529	0.0931111111111	0.00438888888889
0.05467172	0.002500213	0.102	0.0041
0.05280649	0.00382607	0.0931355555556	0.00444444444444
0.07059162	0.003426689	0.100933333333	0.00386666666667
0.05887827	0.003504262	0.0945333333333	0.00486666666667
0.0468882	0.003044297	0.102366666667	0.00433333333333
0.05127802	0.002183815	0.0967555555556	0.00504444444444
0.03455506	0.002789425	0.0951511111111	0.00378888888889
0.04569175	0.00423699	0.0931666666667	0.00423333333333
0.04411383	0.003914216	0.0958	0.005
0.05433806	0.002640042	0.102277777778	0.00452222222222
0.05237025	0.002945716	0.100904444444	0.00385555555556
0.05206911	0.002997532	0.101788888889	0.00471111111111
0.04934994	0.00330984	0.0938111111111	0.00398888888889
0.0569534	0.00403549	0.101655555556	0.00474444444444
0.04904467	0.003462757	0.101655555556	0.00474444444444
0.04750265	0.001828888	0.09342	0.0041
0.0455932	0.002361841	0.0930666666667	0.00433333333333
0.05522221	0.003926951	0.1014	0.0048
0.06317139	0.003409793	0.101082222222	0.00387777777778
0.04813136	0.005232694	0.0976733333333	0.00506666666667
0.06171873	0.002316526	0.0932222222222	0.00417777777778
0.05567047	0.00440453	0.0979333333333	0.00366666666667
0.05320618	0.002820896	0.0930444444444	0.00435555555556
0.05611649	0.004148457	0.0965111111111	0.00368888888889
0.04491298	0.002095508	0.0946666666667	0.00383333333333
0.05488664	0.003817985	0.1008	0.0049
0.04844399	0.002189988	0.101266666667	0.00483333333333
0.04965268	0.004458856	0.0939555555556	0.00394444444444
0.05976146	0.002617694	0.102211111111	0.00458888888889
0.05224043	0.002291429	0.0931	0.0045
0.0559934	0.003092648	0.0999555555556	0.00374444444444
0.04743299	0.003110585	0.100911111111	0.00488888888889
0.05260746	0.003499214	0.102177777778	0.00412222222222
0.05365309	0.001800455	0.0988222222222	0.00367777777778
0.04567304	0.002278136	0.0932355555556	0.00414444444444
0.0542919	0.00342831	0.0991111111111	0.00368888888889
0.05375394	0.002201625	0.0966222222222	0.00367777777778
0.05000583	0.003140497	0.102033333333	0.00406666666667
0.04895762	0.00419266	0.0930333333333	0.00446666666667
0.04979372	0.004278152	0.0937111111111	0.00398888888889
0.04777771	0.00354455	0.102136666667	0.00463333333333
0.05203789	0.004624984	0.0947688888889	0.00381111111111
0.05610662	0.00367901	0.0978222222222	0.00507777777778
0.05336817	0.002478688	0.0976444444444	0.00365555555556
0.05468665	0.001938843	0.102377777778	0.00452222222222
0.05181602	0.003879769	0.100511111111	0.00378888888889
0.05446452	0.003788248	0.102177777778	0.00462222222222
0.05622245	0.002888654	0.102488888889	0.00441111111111
0.05192718	0.002557472	0.0934444444444	0.00405555555556
0.05263161	0.002819735	0.100422222222	0.00377777777778
0.04141728	0.002803148	0.0932777777778	0.00462222222222
0.04894241	0.001637224	0.102188888889	0.00411111111111
0.05548063	0.003623497	0.0931111111111	0.00418888888889
0.04791161	0.005216452	0.0962111111111	0.00368888888889
0.04081149	0.003303539	0.0929511111111	0.00438888888889
0.05337289	0.0029228	0.0934222222222	0.00467777777778
0.05421692	0.002230641	0.0932	0.0046
0.04220378	0.00371489	0.0941555555556	0.00484444444444
0.04190427	0.003187738	0.0929555555556	0.00444444444444
0.05731372	0.00300872	0.0933222222222	0.00407777777778
0.06281051	0.002603922	0.0993555555556	0.00504444444444
0.05149127	0.00229055	0.0944111111111	0.00488888888889
0.04897792	0.002429988	0.0965333333333	0.00506666666667
0.05674631	0.002268586	0.0989333333333	0.00366666666667
0.05435924	0.001665646	0.102133333333	0.00466666666667
0.05367813	0.002796589	0.0931777777778	0.00412222222222
0.04395852	0.004270261	0.0931777777778	0.00412222222222
0.04889575	0.006781707	0.0931777777778	0.00412222222222
0.05040357	0.002981647	0.0949222222222	0.00377777777778
0.04714908	0.005192625	0.0986222222222	0.00507777777778
0.05741406	0.00282074	0.0980711111111	0.00508888888889
0.05309136	0.002439565	0.0952555555556	0.00374444444444
0.05929701	0.00426608	0.102511111111	0.00448888888889
0.0519182	0.001002587	0.0929555555556	0.00424444444444
0.04853686	0.006474601	0.0929666666667	0.00423333333333
0.05061974	0.005787185	0.0951222222222	0.00497777777778
0.04767283	0.004497451	0.0941444444444	0.00485555555556
0.05273714	0.004664336	0.0929888888889	0.00421111111111
0.0453581	0.003798693	0.102288888889	0.00411111111111
0.04090539	0.006377352	0.1026	0.0044
0.05830576	0.002400447	0.100493333333	0.00376666666667
0.04340148	0.00260474	0.0934	0.0047
0.04968253	0.004076953	0.0933222222222	0.00467777777778
0.05600911	0.00429984	0.0929122222222	0.00447777777778
0.05175074	0.003011379	0.100977777778	0.00382222222222
0.05605874	0.003470011	0.0984111111111	0.00508888888889
0.0483513	0.004656868	0.101911111111	0.00398888888889
0.04748876	0.003163166	0.0993444444444	0.00505555555556
0.05190452	0.003467825	0.0943111111111	0.00488888888889
0.05067333	0.002578563	0.0957	0.0037
0.04930192	0.001857536	0.0933666666667	0.00403333333333
0.05630336	0.006113963	0.1021	0.0047
0.04552974	0.00489849	0.0965444444444	0.00365555555556
0.05485644	0.003886074	0.0953888888889	0.00501111111111
0.0559679	0.002100182	0.100077777778	0.00372222222222
0.04991015	0.002421935	0.0928377777778	0.00442222222222
0.05759982	0.003116367	0.0937155555556	0.00394444444444
0.05372899	0.003443137	0.09798	0.0051
0.05640526	0.005580927	0.0956666666667	0.00503333333333
0.05767186	0.004579164	0.102233333333	0.00466666666667
0.05007533	0.003791344	0.0990222222222	0.00507777777778
0.04250366	0.002354397	0.0967555555556	0.00364444444444
0.0512066	0.002914097	0.0944888888889	0.00381111111111
0.04888836	0.003529536	0.0967111111111	0.00508888888889
0.05541752	0.00336879	0.0983	0.0051
0.04656234	0.002709087	0.0939	0.0039
0.05055431	0.003532797	0.0931511111111	0.00408888888889
0.04745688	0.001264991	0.0937777777778	0.00392222222222
0.06035951	0.004787157	0.0935222222222	0.00397777777778
0.06252821	0.003168814	0.102588888889	0.00451111111111
0.04417519	0.002775753	0.102522222222	0.00417777777778
0.04564979	0.003126361	0.0927888888889	0.00431111111111
0.04861926	0.002723579	0.0928777777778	0.00452222222222
0.0502593	0.004378315	0.0928222222222	0.00447777777778
0.0453534	0.002405696	0.0946111111111	0.00378888888889
0.05333581	0.004052489	0.0932555555556	0.00404444444444
0.0455624	0.002007237	0.0985266666667	0.00363333333333
0.04840637	0.003736607	0.1027	0.0044
0.05630326	0.003435574	0.100455555556	0.00374444444444
0.04529376	0.006068539	0.0960533333333	0.00506666666667
0.04983299	0.004096538	0.101933333333	0.00396666666667
0.05695931	0.001910649	0.0977888888889	0.00511111111111
0.04978699	0.0018979	0.0960333333333	0.00506666666667
0.06008665	0.003111662	0.0978888888889	0.00511111111111
0.0462736	0.003184275	0.0956555555556	0.00504444444444
0.05280212	0.001786613	0.101855555556	0.00394444444444
0.05491112	0.004556171	0.0990111111111	0.00508888888889
0.05488991	0.002819236	0.102344444444	0.00465555555556
0.04720141	0.006700394	0.0946444444444	0.00495555555556
0.0620468	0.001531104	0.0934111111111	0.00398888888889
0.04907569	0.005215104	0.0929222222222	0.00457777777778
0.05326923	0.003242165	0.0993222222222	0.00507777777778
0.05321824	0.001232765	0.0942777777778	0.00382222222222
0.05044452	0.003112539	0.0952888888889	0.00371111111111
0.04799619	0.003997832	0.101788888889	0.00481111111111
0.05042818	0.003062065	0.0984388888889	0.00511111111111
0.05165901	0.004049577	0.101355555556	0.00384444444444
0.04570801	0.004757994	0.0963111111111	0.00508888888889
0.04584565	0.002887868	0.0938311111111	0.00388888888889
0.05752878	0.005514842	0.101757777778	0.00482222222222
0.04531079	0.003903669	0.0927111111111	0.00428888888889
0.05214009	0.001924737	0.0985888888889	0.00511111111111
0.05465984	0.004090877	0.0996333333333	0.00366666666667
0.04373508	0.0063967	0.0965	0.0051
0.05568141	0.002242212	0.1005	0.005
0.05104357	0.002972125	0.0979777777778	0.00512222222222
0.03789057	0.002698045	0.0950777777778	0.00372222222222
0.04985116	0.00245046	0.100388888889	0.00501111111111
0.04711555	0.003948682	0.101777777778	0.00482222222222
0.05030597	0.002213612	0.0946333333333	0.00376666666667
0.04484055	0.003260095	0.0936777777778	0.00482222222222
0.05990753	0.004342475	0.100166666667	0.00503333333333
0.05652811	0.00617477	0.102755555556	0.00424444444444
0.05581347	0.003439403	0.102444444444	0.00465555555556
0.05376814	0.003242393	0.101573333333	0.00486666666667
0.05587524	0.001792742	0.0993555555556	0.00364444444444
0.04009558	0.002548021	0.0928555555556	0.00414444444444
0.05109289	0.003961351	0.0931111111111	0.00468888888889
0.04897968	0.001631414	0.0935888888889	0.00481111111111
0.06160085	0.005258083	0.0999222222222	0.00367777777778
0.05090213	0.0028638	0.102827777778	0.00432222222222
0.03654475	0.004784888	0.102775555556	0.00424444444444
0.06001266	0.002354894	0.0929466666667	0.00463333333333
0.05016703	0.002332881	0.0965777777778	0.00362222222222
0.05144809	0.004230974	0.0927555555556	0.00454444444444
0.04833722	0.001348948	0.0950888888889	0.00371111111111
0.05897827	0.00306075	0.0926755555556	0.00424444444444
0.05920632	0.00450525	0.0928777777778	0.00412222222222
0.05293251	0.004157027	0.0958222222222	0.00507777777778
0.05266626	0.006860859	0.102422222222	0.00467777777778
0.05386566	0.004098419	0.102422222222	0.00467777777778
0.03805753	0.00300067	0.0944444444444	0.00495555555556
0.0533994	0.003644688	0.0964888888889	0.00511111111111
0.04948689	0.002763877	0.0989777777778	0.00362222222222
0.05980168	0.002589262	0.0953211111111	0.00368888888889
0.06099391	0.002087411	0.0964777777778	0.00362222222222
0.04563177	0.003311183	0.0974	0.0036
0.03745272	0.005085054	0.0926666666667	0.00423333333333
0.04151086	0.002052996	0.0935888888889	0.00391111111111
0.04897688	0.00201578	0.101643333333	0.00486666666667
0.04613652	0.001687859	0.0939555555556	0.00384444444444
0.04468074	0.002861601	0.101044444444	0.00495555555556
0.05215444	0.002470181	0.102566666667	0.00463333333333
0.04589205	0.001613692	0.0954222222222	0.00367777777778
0.05093648	0.004244742	0.0982666666667	0.00513333333333
0.06468074	0.004194723	0.101388888889	0.00491111111111
0.05039635	0.003592663	0.0983466666667	0.00513333333333
0.05681213	0.00277889	0.102744444444	0.00455555555556
0.05580577	0.002910324	0.100588888889	0.00501111111111
0.06043241	0.004214536	0.10148	0.0049
0.05232508	0.004204381	0.102733333333	0.00456666666667
0.04803362	0.00272833	0.0942	0.0038
0.05607699	0.002959911	0.0945444444444	0.00375555555556
0.05389605	0.00257151	0.102222222222	0.00397777777778
0.05221377	0.002711476	0.0934777777778	0.00392222222222
0.04385905	0.002141954	0.0929333333333	0.00406666666667
0.05957083	0.003608148	0.0978055555556	0.00514444444444
0.04663792	0.004303286	0.0976555555556	0.00514444444444
0.0513063	0.00223948	0.1013	0.0038
0.04258486	0.004318195	0.1027	0.0046
0.03785149	0.001857559	0.0927222222222	0.00457777777778
0.05411526	0.001711308	0.0975555555556	0.00514444444444
0.05833964	0.004995483	0.0989888888889	0.00361111111111
0.04972324	0.00585354	0.0981111111111	0.00358888888889
0.05238519	0.002197819	0.0954333333333	0.00506666666667
0.05383231	0.004161862	0.0992888888889	0.00511111111111
0.05363719	0.002328301	0.0961777777778	0.00362222222222
0.05357747	0.003288285	0.0938555555556	0.00384444444444
0.05667349	0.003407203	0.102522222222	0.00467777777778
0.05434143	0.002285727	0.100688888889	0.00501111111111
0.0483037	0.006245711	0.100577777778	0.00502222222222
0.05171694	0.007443389	0.101255555556	0.00494444444444
0.04318412	0.005512901	0.093	0.0047
0.04797585	0.00698961	0.0948777777778	0.00502222222222
0.04092287	0.002167325	0.0963777777778	0.00512222222222
0.05407975	0.003167523	0.0999222222222	0.00507777777778
0.03669933	0.005502038	0.0927111111111	0.00458888888889
0.06157828	0.002721778	0.0966666666667	0.00513333333333
0.05362818	0.003612316	0.0988	0.0036
0.03840249	0.002544572	0.0933666666667	0.00393333333333
0.05137504	0.002847626	0.0928	0.0041
0.06223904	0.003432457	0.102666666667	0.00463333333333
0.05605906	0.002162846	0.102954444444	0.00445555555556
0.05015663	0.003859861	0.102622222222	0.00407777777778
0.05205522	0.002450842	0.102622222222	0.00407777777778
0.03501054	0.003149608	0.0926111111111	0.00418888888889
0.05259236	0.002227211	0.0925777777778	0.00452222222222
0.05620956	0.002957673	0.101911111111	0.00388888888889
0.04878349	0.003737932	0.101222222222	0.00377777777778
0.04736823	0.004939954	0.0937222222222	0.00487777777778
0.04930791	0.002159611	0.0929888888889	0.00471111111111
0.05086705	0.002756012	0.102613333333	0.00466666666667
0.05381635	0.001972436	0.0928222222222	0.00407777777778
0.05630923	0.003576194	0.0977222222222	0.00357777777778
0.05529694	0.003375769	0.0979122222222	0.00357777777778
0.0492417	0.002937772	0.0979222222222	0.00357777777778
0.0427557	0.003861761	0.100677777778	0.00502222222222
0.04706541	0.002940757	0.0946777777778	0.00372222222222
0.04903127	0.005361959	0.0992777777778	0.00512222222222
0.04950957	0.00148483	0.0997	0.0051
0.0538645	0.003184562	0.101833333333	0.00386666666667
0.04780506	0.003558333	0.0928333333333	0.00406666666667
0.04646381	0.002517521	0.101011111111	0.00498888888889
0.04427759	0.001920494	0.0964	0.0036
0.0443141	0.001515203	0.0924733333333	0.00446666666667
0.05578274	0.003924654	0.0924555555556	0.00444444444444
0.04274109	0.003352246	0.0924555555556	0.00444444444444
0.05685564	0.0047013	0.0927088888889	0.00411111111111
0.05309389	0.00388591	0.100233333333	0.00506666666667
0.05631943	0.00172093	0.101666666667	0.00383333333333
0.05629573	0.003272777	0.102488888889	0.00401111111111
0.04651646	0.002374074	0.100646666667	0.00503333333333
0.05724158	0.003354795	0.0953222222222	0.00507777777778
0.04760174	0.004201042	0.0953122222222	0.00507777777778
0.05385659	0.003623642	0.0927	0.0041
0.05122275	0.003821809	0.0924888888889	0.00421111111111
0.0532385	0.005203601	0.0968222222222	0.00357777777778
0.0520906	0.002701888	0.0951333333333	0.00366666666667
0.05063634	0.002395988	0.0924777777778	0.00452222222222
0.05261775	0.003267114	0.0954111111111	0.00508888888889
0.04396264	0.00252403	0.102422222222	0.00397777777778
0.05374409	0.002432307	0.0993	0.0036
0.04940058	0.002509393	0.0923777777778	0.00442222222222
0.04614475	0.003874613	0.0973233333333	0.00356666666667
0.04966601	0.004102538	0.0936555555556	0.00384444444444
0.03874699	0.002532868	0.0957077777778	0.00362222222222
0.04722337	0.00286282	0.103	0.0042
0.05069481	0.002334183	0.103122222222	0.00437777777778
0.05529596	0.002383995	0.101333333333	0.00376666666667
0.05224594	0.003595969	0.0960666666667	0.00513333333333
0.0589085	0.001990352	0.102022222222	0.00387777777778
0.05920081	0.002630856	0.101855555556	0.00384444444444
0.04414839	0.003017205	0.0947711111111	0.00368888888889
0.05192859	0.004095361	0.0931111111111	0.00478888888889
0.05514845	0.003920172	0.0951344444444	0.00365555555556
0.05841557	0.00294518	0.0977444444444	0.00355555555556
0.05717497	0.002948187	0.0990044444444	0.00515555555556
0.05681085	0.001692383	0.102888888889	0.00411111111111
0.05734653	0.003089931	0.0964444444444	0.00515555555556
0.04468041	0.004423745	0.102866666667	0.00463333333333
0.0509278	0.003567728	0.0924444444444	0.00455555555556
0.04546174	0.002829679	0.0948444444444	0.00505555555556
0.04371735	0.003099897	0.0941444444444	0.00375555555556
0.04506337	0.003000313	0.0964144444444	0.00515555555556
0.0670127	0.002055429	0.1001	0.0051
0.05007511	0.002931601	0.0972222222222	0.00517777777778
0.04773651	0.004291489	0.101344444444	0.00375555555556
0.05501561	0.00357997	0.100533333333	0.00506666666667
0.0683214	0.003616374	0.102688888889	0.00471111111111
0.05142782	0.004077109	0.102277777778	0.00482222222222
0.0534971	0.002621336	0.1031	0.0042
