root_height	pop_size	pi_net	pi_within
0.05726035	0.003499368	0.126044444444	0.00575555555556
0.07216689	0.003631163	0.125991111111	0.00578888888889
0.05804687	0.005001116	0.126144444444	0.00575555555556
0.07019618	0.003231613	0.1259	0.0058
0.06962474	0.004510859	0.125388888889	0.00571111111111
0.0516984	0.003899932	0.12608	0.0057
0.06205804	0.005303124	0.125582222222	0.00567777777778
0.06368477	0.002601548	0.1254	0.0058
0.07423001	0.002085437	0.125513333333	0.00566666666667
0.07247817	0.003451759	0.125211111111	0.00578888888889
0.06858863	0.002701422	0.126222222222	0.00567777777778
0.06706034	0.005923925	0.125077777778	0.00572222222222
0.07316695	0.006352947	0.126422222222	0.00577777777778
0.0611796	0.003579853	0.125088888889	0.00571111111111
0.07189621	0.002639178	0.125866666667	0.00563333333333
0.05851732	0.001438059	0.124977777778	0.00572222222222
0.07349563	0.005242351	0.126255555556	0.00584444444444
0.07892172	0.003780733	0.125533333333	0.00586666666667
0.06715151	0.003546472	0.12572	0.0056
0.06838976	0.004016967	0.124777777778	0.00572222222222
0.06141707	0.008032651	0.125471111111	0.00588888888889
0.06936327	0.003536145	0.126228888889	0.00561111111111
0.06248521	0.006764824	0.1254	0.0056
0.06058155	0.003776326	0.1257	0.0059
0.06540249	0.003068006	0.125107777778	0.00562222222222
0.06879986	0.004176953	0.124833333333	0.00566666666667
0.06864161	0.002795584	0.125311111111	0.00588888888889
0.07120469	0.002939921	0.1253	0.0056
0.06561823	0.003556214	0.126	0.0059
0.08674497	0.002397923	0.126655555556	0.00564444444444
0.05789014	0.002326341	0.124977777778	0.00562222222222
0.05317365	0.003653778	0.125311111111	0.00558888888889
0.0676868	0.003577093	0.124605555556	0.00574444444444
0.06746901	0.00300973	0.126822222222	0.00567777777778
0.06141809	0.003824355	0.125008888889	0.00561111111111
0.07274669	0.004499826	0.12463	0.0058
0.06633463	0.003177793	0.125977777778	0.00592222222222
0.06799389	0.005014739	0.126854444444	0.00565555555556
0.07234779	0.002885234	0.126733333333	0.00586666666667
0.06134726	0.00423929	0.125	0.0059
0.06028156	0.00397042	0.125233333333	0.00556666666667
0.06004084	0.002541266	0.125088888889	0.00591111111111
0.07138656	0.003606975	0.127055555556	0.00574444444444
0.07788363	0.005622036	0.126124444444	0.00555555555556
0.06122557	0.00381832	0.126944444444	0.00565555555556
0.07406334	0.003951587	0.126488888889	0.00591111111111
0.07559664	0.003691871	0.125795555556	0.00594444444444
0.06442225	0.00275145	0.125133333333	0.00556666666667
0.07187751	0.00578206	0.126965555556	0.00584444444444
0.06520126	0.003708619	0.126822222222	0.00587777777778
0.07397013	0.003337726	0.126135555556	0.00594444444444
0.06755124	0.004063865	0.125844444444	0.00595555555556
0.06188447	0.003919566	0.124423333333	0.00566666666667
0.07251971	0.00558068	0.124933333333	0.00556666666667
0.05424583	0.0063731	0.124368888889	0.00581111111111
0.06614474	0.006017459	0.126922222222	0.00587777777778
0.07821313	0.003525035	0.125677777778	0.00552222222222
0.07450905	0.003374502	0.1269	0.0056
0.06391227	0.003700565	0.126445555556	0.00554444444444
0.05881607	0.004532225	0.127257777778	0.00572222222222
0.07564934	0.002190841	0.125045555556	0.00554444444444
0.05878717	0.003511828	0.1269	0.0059
0.07403057	0.004008572	0.126022222222	0.00597777777778
0.06244737	0.004635129	0.127011111111	0.00588888888889
0.07374472	0.002908857	0.127166666667	0.00563333333333
0.0610163	0.002647132	0.127311111111	0.00568888888889
0.06915594	0.004041046	0.124155555556	0.00574444444444
0.06473058	0.003881927	0.126655555556	0.00594444444444
0.04529297	0.005852952	0.124633333333	0.00556666666667
0.06186068	0.004602926	0.1258	0.0055
0.07478366	0.003508356	0.125681111111	0.00598888888889
0.06038874	0.004768186	0.12708	0.0056
0.06310981	0.003184831	0.126806666667	0.00593333333333
0.07314394	0.004059285	0.124755555556	0.00594444444444
0.05757456	0.003731404	0.1254	0.0055
0.07977533	0.00458274	0.126866666667	0.00593333333333
0.07149369	0.003110095	0.126977777778	0.00592222222222
0.07042089	0.004441614	0.125611111111	0.00548888888889
0.06949425	0.004937746	0.127366666667	0.00583333333333
0.07805018	0.004731751	0.126744444444	0.00595555555556
0.06589263	0.002713524	0.125022222222	0.00597777777778
0.06745693	0.002131567	0.1255	0.006
0.08341682	0.003058015	0.127088888889	0.00591111111111
0.06924965	0.003523756	0.127088888889	0.00591111111111
0.06910914	0.002042673	0.127004444444	0.00555555555556
0.05003162	0.003932087	0.124644444444	0.00595555555556
0.08020703	0.005088291	0.1252	0.006
0.07560948	0.005590879	0.124717777778	0.00552222222222
0.05908997	0.002586009	0.124961111111	0.00598888888889
0.06862749	0.005794457	0.124822222222	0.00597777777778
0.07384757	0.002043985	0.1251	0.006
0.06724853	0.003863525	0.127311111111	0.00588888888889
0.06936596	0.004913383	0.125322222222	0.00547777777778
0.06012414	0.002480995	0.125222222222	0.00547777777778
0.06995514	0.00376314	0.126511111111	0.00548888888889
0.06430046	0.004808816	0.125	0.006
0.05501109	0.002678455	0.127197777778	0.00592222222222
0.0690819	0.003106168	0.1276	0.0058
0.03024306	0.00891922	0.127166666667	0.00593333333333
0.06786275	0.004567242	0.127288888889	0.00591111111111
0.06522123	0.0028679	0.124537777778	0.00552222222222
0.07371295	0.005950397	0.12666	0.006
0.07109602	0.002893388	0.127411111111	0.00558888888889
0.05266541	0.002927293	0.124922222222	0.00547777777778
0.0535057	0.004689477	0.125344444444	0.00545555555556
0.06599304	0.006507677	0.1238	0.0057
0.07785309	0.00218196	0.127644444444	0.00565555555556
0.07405143	0.003705428	0.124366666667	0.00553333333333
0.05661468	0.0040907	0.125057777778	0.00602222222222
0.07426344	0.00215039	0.127166666667	0.00553333333333
0.06938401	0.005488926	0.125885555556	0.00604444444444
0.06159572	0.002016283	0.123744444444	0.00575555555556
0.06925864	0.005679309	0.125955555556	0.00604444444444
0.06182985	0.004782949	0.124266666667	0.00553333333333
0.06209878	0.00242174	0.126255555556	0.00544444444444
0.07445817	0.003189519	0.123766666667	0.00583333333333
0.06216451	0.00413761	0.124966666667	0.00603333333333
0.06836811	0.004224223	0.124966666667	0.00603333333333
0.06202052	0.002353652	0.124964444444	0.00545555555556
0.06681934	0.002307594	0.127611111111	0.00588888888889
0.06341159	0.003783137	0.127766666667	0.00583333333333
0.05853825	0.004329238	0.126753333333	0.00546666666667
0.05935856	0.003361265	0.126144444444	0.00605555555556
0.06210915	0.003882765	0.124733333333	0.00546666666667
0.06508391	0.003458996	0.1245	0.006
0.06473022	0.003268083	0.124144444444	0.00595555555556
0.07233353	0.003170327	0.126266666667	0.00543333333333
0.07552461	0.003667589	0.127766666667	0.00563333333333
0.07375953	0.003554222	0.124177777778	0.00552222222222
0.06262845	0.004040221	0.123611111111	0.00568888888889
0.06068346	0.004195677	0.123622222222	0.00567777777778
0.07222856	0.002357058	0.124613333333	0.00546666666667
0.05998249	0.002681755	0.124734444444	0.00545555555556
0.06228847	0.003455871	0.124875555556	0.00604444444444
0.07426575	0.003890181	0.126177777778	0.00542222222222
0.06918761	0.004214628	0.126655555556	0.00604444444444
0.07057741	0.004010826	0.124533333333	0.00546666666667
0.07965848	0.001719896	0.124646666667	0.00603333333333
0.0634649	0.002175621	0.126866666667	0.00603333333333
0.06892871	0.003549686	0.127833333333	0.00586666666667
0.05754621	0.003129741	0.125882222222	0.00607777777778
0.07262152	0.003922961	0.125888888889	0.00541111111111
0.0581691	0.002705865	0.126755555556	0.00604444444444
0.06964729	0.003314164	0.126022222222	0.00607777777778
0.07391214	0.003229114	0.124388888889	0.00601111111111
0.05934429	0.00372093	0.126624444444	0.00605555555556
0.06293719	0.005639784	0.123788888889	0.00591111111111
0.07056786	0.003894443	0.123711111111	0.00588888888889
0.06542812	0.00413414	0.126855555556	0.00604444444444
0.0699375	0.006324459	0.12423	0.006
0.07497729	0.002754102	0.123488888889	0.00581111111111
0.06347905	0.003290128	0.123641111111	0.00588888888889
0.06170597	0.003002309	0.124444444444	0.00545555555556
0.058673	0.004569605	0.123688888889	0.00591111111111
0.07899701	0.002681181	0.1279	0.0056
0.0616217	0.003271981	0.124636666667	0.00543333333333
0.05883345	0.002513607	0.1274	0.006
0.06575053	0.002912944	0.123411111111	0.00568888888889
0.07436213	0.003931153	0.123744444444	0.00555555555556
0.0701428	0.002911354	0.125711111111	0.00538888888889
0.06315301	0.003444944	0.128133333333	0.00576666666667
0.06414479	0.006582835	0.128066666667	0.00583333333333
0.07971856	0.004483518	0.128066666667	0.00583333333333
0.06112665	0.00221408	0.123683333333	0.00556666666667
0.06912704	0.002258153	0.124455555556	0.00544444444444
0.06899291	0.003526733	0.1251	0.0054
0.07015987	0.001822985	0.125321111111	0.00538888888889
0.06246569	0.00263009	0.123304444444	0.00575555555556
0.07710028	0.002458705	0.124234444444	0.00545555555556
0.06278279	0.002973849	0.123644444444	0.00555555555556
0.06522002	0.00523721	0.1251	0.0061
0.07093424	0.003996818	0.123511111111	0.00558888888889
0.05964361	0.003662951	0.126122222222	0.00537777777778
0.05846547	0.005589059	0.125388888889	0.00611111111111
0.07407706	0.003869353	0.127688888889	0.00551111111111
0.07549992	0.004626265	0.123655555556	0.00554444444444
0.06590597	0.004600853	0.123291111111	0.00568888888889
0.04898864	0.00422775	0.127957777778	0.00592222222222
0.06156703	0.003200169	0.124255555556	0.00544444444444
0.06355175	0.007628627	0.123533333333	0.00556666666667
0.06464704	0.002485232	0.128166666667	0.00563333333333
0.07544763	0.002843255	0.1239	0.006
0.07086918	0.003482311	0.128022222222	0.00557777777778
0.0531008	0.004644601	0.128091111111	0.00588888888889
0.07117442	0.00786974	0.124433333333	0.00606666666667
0.06991062	0.003687233	0.125122222222	0.00537777777778
0.05702913	0.003215585	0.125577777778	0.00612222222222
0.06929982	0.00432794	0.126033333333	0.00536666666667
0.08129842	0.002486643	0.125022222222	0.00537777777778
0.06377215	0.003781771	0.127022222222	0.00607777777778
0.07203437	0.003025468	0.128288888889	0.00581111111111
0.07227665	0.004327132	0.127052222222	0.00607777777778
0.0664252	0.003255825	0.123177777778	0.00572222222222
0.06544519	0.004735563	0.127177777778	0.00542222222222
0.07620828	0.00338919	0.123584444444	0.00595555555556
0.07431765	0.002460182	0.1268	0.0061
0.07572711	0.002688514	0.125766666667	0.00613333333333
0.07160312	0.008444938	0.127102222222	0.00607777777778
0.06137952	0.004335259	0.127344444444	0.00605555555556
0.07679174	0.003059501	0.127544444444	0.00545555555556
0.0783877	0.003078103	0.126722222222	0.00537777777778
0.0674738	0.002489985	0.126577777778	0.00612222222222
0.06976638	0.002433956	0.125166666667	0.00613333333333
0.06806266	0.004170431	0.1244	0.0054
0.0717232	0.004357548	0.126444444444	0.00535555555556
0.07350379	0.003830573	0.128177777778	0.00592222222222
0.06563852	0.004717612	0.126902222222	0.00537777777778
0.07431753	0.004732853	0.128223333333	0.00556666666667
0.06290741	0.003339125	0.125135555556	0.00534444444444
0.07693864	0.003067442	0.128341111111	0.00588888888889
0.06150195	0.002456768	0.1285	0.0057
0.06752677	0.002730585	0.124488888889	0.00611111111111
0.05984665	0.004848177	0.123468888889	0.00551111111111
0.05899764	0.00424624	0.123	0.0057
0.06500277	0.007402037	0.128544444444	0.00575555555556
0.07553646	0.003390066	0.128423333333	0.00586666666667
0.06433406	0.005425711	0.124422222222	0.00537777777778
0.06281536	0.002187657	0.128474444444	0.00585555555556
0.05444978	0.005489914	0.126655555556	0.00614444444444
0.05774718	0.004979452	0.1274	0.0054
0.07384497	0.00426706	0.128255555556	0.00554444444444
0.0514567	0.003924193	0.127077777778	0.00612222222222
0.06825537	0.003540261	0.127222222222	0.00537777777778
0.06983605	0.001434354	0.1281	0.0055
0.08068039	0.004489604	0.124566666667	0.00613333333333
0.05585622	0.005629929	0.128244444444	0.00595555555556
0.06383077	0.004576357	0.123577777778	0.00602222222222
0.06706686	0.002588081	0.128111111111	0.00598888888889
0.06341064	0.004062082	0.125233333333	0.00616666666667
0.06532855	0.003141102	0.127973333333	0.00546666666667
0.06012334	0.004397759	0.125842222222	0.00617777777778
0.05870428	0.005333605	0.123144444444	0.00555555555556
0.07075094	0.004006734	0.1234	0.006
0.05620822	0.004455988	0.12744	0.0061
0.06839332	0.002990752	0.128222222222	0.00597777777778
0.07722516	0.00351544	0.123237777778	0.00552222222222
0.0684878	0.004870343	0.123233333333	0.00596666666667
0.07019407	0.004075725	0.122991111111	0.00588888888889
0.077707	0.003289456	0.126766666667	0.00533333333333
0.06549821	0.005897409	0.124555555556	0.00534444444444
0.06322512	0.002952932	0.124555555556	0.00614444444444
0.06707434	0.003958448	0.126222222222	0.00617777777778
0.06445788	0.002696533	0.123544444444	0.00545555555556
0.06382158	0.004255603	0.126288888889	0.00531111111111
0.06778746	0.00411874	0.127277777778	0.00612222222222
0.07197092	0.005004459	0.127015555556	0.00614444444444
0.07397555	0.003154785	0.126844444444	0.00615555555556
0.07238766	0.004291616	0.128395555556	0.00594444444444
0.07203645	0.003689196	0.128122222222	0.00547777777778
0.05820815	0.004612937	0.1228	0.0057
0.08151432	0.003176096	0.126677777778	0.00532222222222
0.06954725	0.003883366	0.127722222222	0.00607777777778
0.06738294	0.002413516	0.1257	0.0053
0.06020339	0.004704225	0.122855555556	0.00564444444444
0.06211312	0.005026608	0.123311111111	0.00548888888889
0.05780886	0.004291446	0.122931111111	0.00588888888889
0.06285223	0.003399695	0.124777777778	0.00532222222222
0.07120086	0.001267375	0.126966666667	0.00533333333333
0.07314962	0.002063992	0.126588888889	0.00531111111111
0.06786969	0.002581264	0.127788888889	0.00541111111111
0.0781823	0.004183021	0.127433333333	0.00536666666667
0.06629079	0.005055104	0.123544444444	0.00605555555556
0.06082884	0.003120129	0.125111111111	0.00618888888889
0.06361823	0.004447729	0.1259	0.0062
0.05672541	0.004756834	0.12594	0.0062
0.0671223	0.002938169	0.1254	0.0062
0.05598142	0.003439999	0.128811111111	0.00568888888889
0.06457747	0.004175329	0.128566666667	0.00593333333333
0.06429575	0.004491546	0.127622222222	0.00537777777778
0.06006134	0.003093117	0.128842222222	0.00577777777778
0.07224519	0.003621136	0.123395555556	0.00604444444444
0.05740693	0.00342332	0.12519	0.0062
0.07649839	0.001845938	0.123273333333	0.00546666666667
0.0712519	0.002281693	0.128555555556	0.00554444444444
0.07256858	0.003248031	0.127922222222	0.00607777777778
0.05202549	0.005423804	0.122734444444	0.00585555555556
0.06677789	0.003662644	0.122644444444	0.00575555555556
0.06477282	0.003200853	0.128017777778	0.00542222222222
0.07421415	0.004236316	0.123266666667	0.00603333333333
0.06812304	0.004711609	0.123122222222	0.00547777777778
0.07718801	0.004929196	0.122677777778	0.00562222222222
0.06375993	0.002626938	0.127366666667	0.00533333333333
0.07286003	0.003132031	0.128944444444	0.00575555555556
0.06812917	0.004356119	0.124134444444	0.00615555555556
0.06103173	0.003885177	0.12258	0.0058
0.06675612	0.002284387	0.128511111111	0.00598888888889
0.07835623	0.005305739	0.128811111111	0.00588888888889
0.06444718	0.002964457	0.124988888889	0.00621111111111
0.0769649	0.002497231	0.123733333333	0.00536666666667
0.07075931	0.004403197	0.122888888889	0.00551111111111
0.06897477	0.003293961	0.127403333333	0.00616666666667
0.06939242	0.003399121	0.127922222222	0.00537777777778
0.07292192	0.003047698	0.125904444444	0.00525555555556
0.05941348	0.003170393	0.123766666667	0.00613333333333
0.05860102	0.006749926	0.122911111111	0.00598888888889
0.05970074	0.003709624	0.128611111111	0.00598888888889
0.06302654	0.007290537	0.12888	0.0059
0.07660547	0.004391363	0.128424444444	0.00545555555556
0.06966038	0.003096374	0.127467777778	0.00532222222222
0.06174171	0.00322631	0.126633333333	0.00526666666667
0.06571842	0.004217463	0.123166666667	0.00543333333333
0.07488557	0.002778031	0.128688888889	0.00551111111111
0.06208238	0.003109232	0.129088888889	0.00571111111111
0.06446644	0.005892078	0.125915555556	0.00624444444444
0.06677282	0.006357102	0.124211111111	0.00618888888889
0.0695775	0.003652077	0.127311111111	0.00618888888889
0.06230706	0.003981349	0.126055555556	0.00524444444444
0.05072256	0.004475123	0.1272	0.0062
0.06087656	0.005349448	0.124311111111	0.00528888888889
0.06580485	0.003150391	0.122366666667	0.00573333333333
0.07654878	0.003423229	0.122577777778	0.00592222222222
0.07870004	0.005527454	0.126656666667	0.00623333333333
0.06443761	0.003239458	0.127522222222	0.00617777777778
0.07087011	0.00603608	0.123566666667	0.00613333333333
0.06572599	0.005128412	0.127964444444	0.00535555555556
0.06818283	0.002047893	0.126044444444	0.00625555555556
0.06391204	0.003601007	0.128977777778	0.00592222222222
0.06597641	0.003036467	0.125366666667	0.00523333333333
0.07423762	0.002280352	0.127222222222	0.00527777777778
0.07839648	0.002905607	0.126866666667	0.00623333333333
0.0753402	0.005060519	0.127955555556	0.00614444444444
0.06330009	0.001913775	0.127866666667	0.00533333333333
0.05360747	0.005398537	0.123033333333	0.00606666666667
0.06146453	0.003484139	0.127777777778	0.00532222222222
0.06674829	0.002836546	0.128544444444	0.00605555555556
0.06597128	0.007305182	0.122277777778	0.00572222222222
0.0738058	0.004014228	0.129243333333	0.00576666666667
0.06753846	0.002819524	0.122344444444	0.00585555555556
0.05804244	0.003619919	0.122711111111	0.00548888888889
0.06413363	0.005093014	0.127322222222	0.00527777777778
0.0624081	0.005856344	0.125533333333	0.00626666666667
0.04246851	0.005651364	0.1291	0.0059
0.07781225	0.004593595	0.128015555556	0.00614444444444
0.05959972	0.003861551	0.126077777778	0.00522222222222
0.05995086	0.003725822	0.124946666667	0.00523333333333
0.08380679	0.003528309	0.128831111111	0.00548888888889
0.07420765	0.002716008	0.125333333333	0.00626666666667
0.06641966	0.003338844	0.122973333333	0.00606666666667
0.06399555	0.002806169	0.122533333333	0.00596666666667
0.06331391	0.00568289	0.124366666667	0.00623333333333
0.06624229	0.002952115	0.123688888889	0.00531111111111
0.05815702	0.003098419	0.127611111111	0.00528888888889
0.07161634	0.005585893	0.128277777778	0.00612222222222
0.06170779	0.004302578	0.125542222222	0.00627777777778
0.06935845	0.004522135	0.125982222222	0.00627777777778
0.07195192	0.002834283	0.124133333333	0.00526666666667
0.05952979	0.004233158	0.122877777778	0.00542222222222
0.07238353	0.003042049	0.126944444444	0.00625555555556
0.06173329	0.002525994	0.123088888889	0.00611111111111
0.05912775	0.002461509	0.122786666667	0.00543333333333
0.06618393	0.003494988	0.126422222222	0.00627777777778
0.06337229	0.002580752	0.126777777778	0.00522222222222
0.06803677	0.003871421	0.126777777778	0.00522222222222
0.06692877	0.004510869	0.126	0.0052
0.06337823	0.002577949	0.125511111111	0.00628888888889
0.07240951	0.00319244	0.129155555556	0.00594444444444
0.07827074	0.003765687	0.123977777778	0.00622222222222
0.0652281	0.005231075	0.1294	0.0058
0.06673095	0.002500088	0.122277777778	0.00592222222222
0.0708226	0.002430429	0.127811111111	0.00528888888889
0.0657935	0.003287671	0.128561111111	0.00538888888889
0.06842171	0.002598783	0.123488888889	0.00531111111111
0.07250001	0.003539168	0.127444444444	0.00525555555556
0.07135635	0.003055333	0.127708888889	0.00621111111111
0.06598758	0.003874488	0.122665555556	0.00544444444444
0.06874363	0.002675639	0.128688888889	0.00541111111111
0.05532326	0.003484497	0.123073333333	0.00536666666667
0.07169506	0.002982102	0.128855555556	0.00604444444444
0.06664619	0.004772078	0.124344444444	0.00625555555556
0.07433403	0.005844251	0.126411111111	0.00628888888889
0.06985367	0.005496048	0.127355555556	0.00524444444444
0.07695099	0.003569425	0.125	0.0052
0.06002526	0.004050463	0.126	0.0063
0.06482285	0.002663303	0.1261	0.0063
0.0629682	0.003494312	0.126111111111	0.00518888888889
0.05536238	0.008228452	0.122811111111	0.00608888888889
0.06535525	0.003072892	0.129488888889	0.00571111111111
0.06412937	0.005525632	0.122022222222	0.00577777777778
0.0422872	0.006392147	0.128671111111	0.00538888888889
0.07603754	0.002066523	0.124548888889	0.00521111111111
0.0629821	0.004307086	0.125111111111	0.00518888888889
0.06639501	0.003630444	0.127644444444	0.00525555555556
0.03948949	0.00418805	0.1221	0.0056
0.05514709	0.005227486	0.129233333333	0.00596666666667
0.07269698	0.003847645	0.123322222222	0.00617777777778
0.07333279	0.004984569	0.128	0.0062
0.05884482	0.004418797	0.122111111111	0.00558888888889
0.06936746	0.003971759	0.125722222222	0.00517777777778
0.03395982	0.0064286	0.12953	0.0058
0.08136692	0.002221163	0.125642222222	0.00517777777778
0.06819856	0.004405185	0.129477777778	0.00562222222222
0.05354134	0.003881113	0.124233333333	0.00626666666667
0.06644312	0.004779846	0.129566666667	0.00573333333333
0.04080186	0.005307212	0.1292	0.0055
0.05330966	0.0032328	0.122311111111	0.00598888888889
0.07309581	0.00394812	0.124611111111	0.00628888888889
0.06499645	0.001848315	0.122877777778	0.00612222222222
0.05345526	0.003370347	0.122155555556	0.00554444444444
0.0623867	0.004188492	0.129117777778	0.00602222222222
0.06841019	0.002902822	0.127188888889	0.00521111111111
0.08012621	0.003869115	0.128288888889	0.00531111111111
0.06756325	0.006589095	0.127377777778	0.00522222222222
0.0524006	0.003746798	0.128377777778	0.00532222222222
0.06362409	0.002484409	0.129344444444	0.00595555555556
0.07459774	0.003591777	0.129566666667	0.00583333333333
0.05865856	0.00393155	0.121944444444	0.00565555555556
0.05688588	0.00428176	0.122021111111	0.00588888888889
0.07234153	0.004070197	0.124288888889	0.00521111111111
0.06371641	0.002025623	0.1247	0.0063
0.06853485	0.002797432	0.1219	0.0057
0.06048241	0.00555073	0.126133333333	0.00516666666667
0.07013587	0.003461279	0.12226	0.006
0.06510438	0.004455583	0.125277777778	0.00632222222222
0.0658081	0.003037092	0.125077777778	0.00632222222222
0.06935173	0.003034337	0.121866666667	0.00583333333333
0.07137265	0.006724084	0.129002222222	0.00607777777778
0.05976247	0.003782637	0.123933333333	0.00626666666667
0.05844968	0.007583123	0.129233333333	0.00546666666667
0.08865632	0.002532418	0.1297	0.0057
0.05932452	0.002931942	0.126124444444	0.00515555555556
0.05450598	0.004669009	0.124598888889	0.00631111111111
0.07428452	0.004172924	0.124022222222	0.00627777777778
0.06450086	0.003471807	0.122044444444	0.00595555555556
0.07019699	0.001930199	0.122744444444	0.00535555555556
0.06834671	0.003944437	0.1243	0.0063
0.05367506	0.00478221	0.123466666667	0.00623333333333
0.07965944	0.003149552	0.127844444444	0.00625555555556
0.07247265	0.005986211	0.127588888889	0.00521111111111
0.06329505	0.004491752	0.129735555556	0.00564444444444
0.07310991	0.003826949	0.126644444444	0.00515555555556
0.06448141	0.003075301	0.124844444444	0.00515555555556
0.06629036	0.003120754	0.126255555556	0.00514444444444
0.06867738	0.004288764	0.122784444444	0.00615555555556
0.0367247	0.006836598	0.123366666667	0.00623333333333
0.06492937	0.00531351	0.126345555556	0.00634444444444
0.0725059	0.006590214	0.127411111111	0.00518888888889
0.054772	0.005583358	0.124477777778	0.00632222222222
0.06095783	0.003597842	0.123233333333	0.00526666666667
0.07785835	0.002622058	0.12846	0.0062
0.07025744	0.005536151	0.121811111111	0.00558888888889
0.07354356	0.003160405	0.129266666667	0.00543333333333
0.06273788	0.003197215	0.121822222222	0.00557777777778
0.05751749	0.00512981	0.12948	0.006
0.06595126	0.003281719	0.128865555556	0.00534444444444
0.08232309	0.004219603	0.122777777778	0.00532222222222
0.06487646	0.004621952	0.122302222222	0.00607777777778
0.04922963	0.005597528	0.128246666667	0.00623333333333
0.07689183	0.004047723	0.122077777778	0.00602222222222
0.05894074	0.003974939	0.122822222222	0.00617777777778
0.06836467	0.004443356	0.121633333333	0.00576666666667
0.0667759	0.005203948	0.12288	0.0053
0.07572202	0.003009679	0.122733333333	0.00616666666667
0.04774593	0.004795954	0.122422222222	0.00537777777778
0.05252299	0.005622855	0.121922222222	0.00597777777778
0.06214055	0.005283778	0.125056666667	0.00513333333333
0.06144914	0.005486757	0.122644444444	0.00615555555556
0.07566604	0.002794885	0.124685555556	0.00634444444444
0.06525262	0.002757527	0.121677777778	0.00562222222222
0.0655197	0.002966993	0.124022222222	0.00517777777778
0.08563244	0.005047411	0.123077777778	0.00622222222222
0.07692517	0.003434025	0.123988888889	0.00631111111111
0.05929819	0.00296816	0.123344444444	0.00625555555556
0.06042978	0.00304266	0.122311111111	0.00538888888889
0.06266003	0.001760792	0.129642222222	0.00597777777778
0.03829196	0.004684311	0.122466666667	0.00613333333333
0.06283983	0.003982437	0.122251111111	0.00608888888889
0.06964411	0.003797381	0.129677777778	0.00552222222222
0.063455	0.005034169	0.12865	0.0062
0.07491579	0.002039	0.129455555556	0.00544444444444
0.07318698	0.005063277	0.127035555556	0.00634444444444
0.06297449	0.005135545	0.122133333333	0.00606666666667
0.07026094	0.002247817	0.129822222222	0.00557777777778
0.06517969	0.004009494	0.12868	0.0062
0.0563022	0.005843838	0.125033333333	0.00636666666667
0.07523776	0.003250905	0.125033333333	0.00636666666667
0.07113804	0.002952555	0.125688888889	0.00511111111111
0.07095821	0.003302092	0.129955555556	0.00564444444444
0.06406683	0.003247456	0.1215	0.0057
0.0670795	0.00399056	0.123388888889	0.00521111111111
0.07208937	0.003009752	0.123166666667	0.00523333333333
0.06774896	0.004078865	0.125088888889	0.00511111111111
0.07708475	0.004615394	0.128455555556	0.00624444444444
0.06635505	0.004125277	0.122277777778	0.00612222222222
0.06756301	0.005265222	0.128633333333	0.00526666666667
0.06848223	0.003448398	0.129855555556	0.00554444444444
0.06877938	0.006685552	0.129677777778	0.00602222222222
0.0634726	0.00485083	0.125211111111	0.00638888888889
0.06844969	0.003643513	0.123066666667	0.00523333333333
0.07110641	0.003055421	0.127244444444	0.00635555555556
0.0697201	0.003011763	0.130044444444	0.00585555555556
0.06246666	0.004333143	0.128788888889	0.00621111111111
0.06343965	0.004164719	0.128788888889	0.00621111111111
0.063528	0.005057261	0.129791111111	0.00598888888889
0.07421811	0.004793133	0.1251	0.0051
0.07277919	0.00308588	0.128644444444	0.00525555555556
0.0698997	0.004539768	0.123866666667	0.00633333333333
0.04934132	0.005900943	0.121388888889	0.00571111111111
0.0630647	0.00316998	0.121444444444	0.00585555555556
0.0698904	0.002808172	0.127666666667	0.00633333333333
0.0736311	0.003689818	0.129164444444	0.00615555555556
0.06560798	0.005846506	0.121855555556	0.00604444444444
0.0626599	0.003215584	0.121404444444	0.00565555555556
0.08085433	0.005263026	0.130077777778	0.00562222222222
0.06689995	0.003943322	0.12148	0.0059
0.07151944	0.00663557	0.129011111111	0.00618888888889
0.06546472	0.003668196	0.124831111111	0.00638888888889
0.05807956	0.0023676	0.124522222222	0.00637777777778
0.05742222	0.00683074	0.1252	0.0064
0.05241719	0.003844592	0.128744444444	0.00525555555556
0.07364789	0.005107986	0.121577777778	0.00552222222222
0.07261286	0.004226794	0.123855555556	0.00514444444444
0.06380423	0.005986976	0.122588888889	0.00621111111111
0.05401689	0.004139368	0.125011111111	0.00508888888889
0.05950474	0.003248517	0.128311111111	0.00628888888889
0.05465055	0.002491779	0.124388888889	0.00511111111111
0.07020754	0.006296916	0.125628888889	0.00641111111111
0.07261683	0.003964691	0.128533333333	0.00626666666667
0.07501687	0.002439002	0.125988888889	0.00641111111111
0.07329181	0.003379536	0.129488888889	0.00611111111111
0.07289799	0.002455611	0.122633333333	0.00526666666667
0.06661621	0.002986384	0.127188888889	0.00511111111111
0.05980641	0.003675432	0.121677777778	0.00602222222222
0.07146259	0.003678435	0.121303333333	0.00566666666667
0.06086598	0.004124898	0.121611111111	0.00548888888889
0.06329996	0.003290218	0.130222222222	0.00567777777778
0.08753853	0.006467048	0.124272222222	0.00637777777778
0.07621254	0.002165056	0.130055555556	0.00594444444444
0.06486841	0.00314505	0.121277777778	0.00582222222222
0.06139118	0.003573557	0.128311111111	0.00518888888889
0.07433898	0.003333187	0.130044444444	0.00595555555556
0.07424734	0.003190096	0.124188888889	0.00511111111111
0.05847831	0.00492611	0.121435555556	0.00554444444444
0.07710252	0.006697256	0.129733333333	0.00606666666667
0.06176693	0.004733153	0.125767777778	0.00642222222222
0.07699008	0.002568432	0.130133333333	0.00556666666667
0.06328759	0.006316761	0.121222222222	0.00577777777778
0.07271708	0.00378989	0.122144444444	0.00615555555556
0.04999469	0.003198524	0.126033333333	0.00506666666667
0.06141462	0.003278051	0.130222222222	0.00587777777778
0.07162919	0.003182135	0.127766666667	0.00513333333333
0.06563266	0.001789753	0.124511111111	0.00508888888889
0.06616251	0.001746006	0.128066666667	0.00633333333333
0.06554435	0.005102567	0.128612222222	0.00627777777778
0.0569475	0.002802411	0.124211111111	0.00638888888889
0.06306904	0.004980375	0.121344444444	0.00555555555556
0.07602539	0.003811344	0.129988888889	0.00601111111111
0.06501624	0.001776247	0.122066666667	0.00533333333333
0.05794733	0.003466233	0.121422222222	0.00597777777778
0.054189	0.004431609	0.122666666667	0.00523333333333
0.06947136	0.00219092	0.130293333333	0.00586666666667
0.07864134	0.003988411	0.125944444444	0.00505555555556
0.05077785	0.00552676	0.1243	0.0064
0.0620758	0.004570683	0.122778888889	0.00521111111111
0.08072192	0.006546751	0.127491111111	0.00638888888889
0.06056026	0.005260824	0.121155555556	0.00584444444444
0.07430291	0.003295894	0.127966666667	0.00513333333333
0.06191483	0.002146097	0.1275	0.0051
0.06047439	0.004329987	0.129877777778	0.00542222222222
0.03830991	0.004317536	0.121188888889	0.00561111111111
0.06473878	0.003909405	0.122444444444	0.00525555555556
0.06895996	0.00334321	0.1298	0.0054
0.06225435	0.004514297	0.12217	0.0053
0.0632094	0.003074005	0.130091111111	0.00548888888889
0.06551868	0.002177954	0.130244444444	0.00555555555556
0.06044748	0.004420288	0.124633333333	0.00506666666667
0.0827152	0.002571784	0.1214	0.006
0.0698395	0.004119914	0.121966666667	0.00533333333333
0.06939774	0.005453846	0.125555555556	0.00644444444444
0.0696244	0.003508279	0.125955555556	0.00504444444444
0.07325118	0.003173917	0.1276	0.0051
0.06645812	0.002159865	0.123577777778	0.00512222222222
0.06652545	0.002792686	0.121266666667	0.00553333333333
0.07115793	0.001659075	0.129733333333	0.00536666666667
0.07304362	0.005865481	0.1302	0.0055
0.07670082	0.002811356	0.125045555556	0.00644444444444
0.0662811	0.002602085	0.130433333333	0.00586666666667
0.0806492	0.004463749	0.1227	0.0052
0.078848	0.004881112	0.130044444444	0.00605555555556
0.06656137	0.002344487	0.126066666667	0.00503333333333
0.08406587	0.003844412	0.124068888889	0.00641111111111
0.08223194	0.003341437	0.130511111111	0.00568888888889
0.0652333	0.003708358	0.126144444444	0.00645555555556
0.04168165	0.004359814	0.130544444444	0.00575555555556
0.07605662	0.003336088	0.130477777778	0.00562222222222
0.07430249	0.002567961	0.123006666667	0.00633333333333
0.06732584	0.00400856	0.122711111111	0.00518888888889
0.0608999	0.004172099	0.124366666667	0.00643333333333
0.06059904	0.003715497	0.127377777778	0.00642222222222
0.06721283	0.002924537	0.120952222222	0.00567777777778
0.05719593	0.004916821	0.128544444444	0.00515555555556
0.07484498	0.006813044	0.121784444444	0.00615555555556
0.08375994	0.004117819	0.129622222222	0.00617777777778
0.06802135	0.004371315	0.125677777778	0.00502222222222
0.06839925	0.004007568	0.126133333333	0.00646666666667
0.06505591	0.004212617	0.125277777778	0.00502222222222
0.05932821	0.002499523	0.1209	0.0057
0.06622445	0.001794359	0.1209	0.0058
0.07556826	0.003106085	0.125117777778	0.00502222222222
0.06781113	0.003743709	0.130166666667	0.00543333333333
0.06665623	0.002106989	0.129522222222	0.00527777777778
0.07449701	0.004708309	0.128444444444	0.00635555555556
0.0758371	0.003965719	0.126557777778	0.00502222222222
0.0767764	0.003767093	0.130266666667	0.00603333333333
0.08227939	0.004320943	0.130328888889	0.00601111111111
0.05738627	0.003920833	0.125488888889	0.00501111111111
0.07157218	0.003071205	0.129777777778	0.00532222222222
0.07654948	0.004669036	0.127828888889	0.00641111111111
0.08599854	0.002176648	0.123133333333	0.00636666666667
0.04794024	0.007440802	0.1235	0.0064
0.07617635	0.003226013	0.123222222222	0.00637777777778
0.07260648	0.00664259	0.123797777778	0.00642222222222
0.07487342	0.002782682	0.128433333333	0.00636666666667
0.07020414	0.003473349	0.122855555556	0.00514444444444
0.07600873	0.004062739	0.129925555556	0.00614444444444
0.06979931	0.002372774	0.125038888889	0.00501111111111
0.06699164	0.002915602	0.121322222222	0.00607777777778
0.06725497	0.003459	0.130388888889	0.00601111111111
0.06145242	0.003650577	0.122144444444	0.00625555555556
0.07723344	0.003021641	0.124577777778	0.00502222222222
0.05893082	0.003529668	0.120777777778	0.00572222222222
0.07643016	0.005170745	0.125811111111	0.00648888888889
0.07427013	0.002670745	0.127455555556	0.00504444444444
0.05853121	0.004100506	0.120788888889	0.00581111111111
0.07039001	0.003135047	0.121288888889	0.00541111111111
0.06198305	0.005003586	0.121088888889	0.00601111111111
0.06768922	0.002719149	0.122977777778	0.00512222222222
0.06593911	0.006320729	0.121311111111	0.00608888888889
0.0539262	0.006979412	0.121433333333	0.00536666666667
0.0694201	0.002900703	0.130046666667	0.00613333333333
0.06159148	0.002341303	0.129444444444	0.00625555555556
0.06016002	0.003856203	0.123724444444	0.00505555555556
0.06635234	0.004850356	0.120755555556	0.00584444444444
0.07315451	0.004291978	0.128122222222	0.00507777777778
0.0773229	0.005172626	0.128623333333	0.00636666666667
0.05953792	0.002944357	0.1257	0.0065
0.05435376	0.003902499	0.126988888889	0.00501111111111
0.06978781	0.005023804	0.121177777778	0.00542222222222
0.06163264	0.006008206	0.126011111111	0.00498888888889
0.06424795	0.004396275	0.122477777778	0.00632222222222
0.05287598	0.00385211	0.120846666667	0.00593333333333
0.06576909	0.004036133	0.120688888889	0.00571111111111
0.08053041	0.005795038	0.129922222222	0.00617777777778
0.08024422	0.004227375	0.121588888889	0.00531111111111
0.05391789	0.002792835	0.123984444444	0.00645555555556
0.07182716	0.003584076	0.127088888889	0.00501111111111
0.06842947	0.003965304	0.120688888889	0.00581111111111
0.07348408	0.003813316	0.1251	0.0065
0.07055476	0.003974502	0.1246	0.005
0.06863917	0.004216918	0.130084444444	0.00615555555556
0.0412368	0.005480961	0.130135555556	0.00614444444444
0.07318042	0.005493192	0.127855555556	0.00644444444444
0.0729572	0.004840314	0.120644444444	0.00565555555556
0.06474692	0.005301654	0.121845555556	0.00624444444444
0.05876748	0.002603699	0.130877777778	0.00582222222222
0.07735849	0.007212971	0.127734444444	0.00645555555556
0.05879952	0.003830847	0.130777777778	0.00592222222222
0.06953145	0.006254069	0.124711111111	0.00498888888889
0.06711284	0.004184292	0.127382222222	0.00647777777778
0.06222954	0.00226287	0.128491111111	0.00508888888889
0.06989891	0.002753108	0.130922222222	0.00577777777778
0.06822881	0.003034005	0.130422222222	0.00607777777778
0.05883835	0.004599521	0.129644444444	0.00625555555556
0.06770467	0.003233952	0.121344444444	0.00615555555556
0.05763359	0.005349702	0.128166666667	0.00643333333333
0.05968393	0.005386862	0.123344444444	0.00505555555556
0.06685498	0.002980164	0.125733333333	0.00496666666667
0.07470944	0.003472106	0.125413333333	0.00496666666667
0.05842005	0.002911982	0.126722222222	0.00497777777778
0.05982878	0.002184454	0.124411111111	0.00498888888889
0.06922496	0.004534978	0.129511111111	0.00628888888889
0.07751624	0.004888913	0.1208	0.006
0.06439574	0.004557585	0.121122222222	0.00537777777778
0.06262653	0.003674805	0.120822222222	0.00547777777778
0.06724657	0.004553425	0.120533333333	0.00566666666667
0.07715325	0.002714425	0.121888888889	0.00521111111111
0.06353454	0.002351133	0.130855555556	0.00554444444444
0.07952706	0.002786431	0.123822222222	0.00647777777778
0.07154278	0.003579451	0.125844444444	0.00495555555556
0.06878229	0.003780308	0.127022222222	0.00497777777778
0.06526555	0.005689376	0.128477777778	0.00642222222222
0.06847582	0.003809643	0.121655555556	0.00524444444444
0.05262118	0.005954947	0.127571111111	0.00648888888889
0.07024085	0.005964607	0.122888888889	0.00641111111111
0.05998327	0.002386213	0.120644444444	0.00595555555556
0.07583361	0.005061738	0.130811111111	0.00548888888889
0.06576659	0.004827578	0.122711111111	0.00508888888889
0.06896278	0.002408847	0.120522222222	0.00557777777778
0.07025655	0.003521719	0.123306666667	0.00503333333333
0.08184203	0.002239986	0.130622222222	0.00607777777778
0.06670654	0.002337299	0.128355555556	0.00504444444444
0.06520968	0.005352863	0.130945555556	0.00594444444444
0.05943052	0.004120713	0.120444444444	0.00585555555556
0.07198673	0.005112143	0.129315555556	0.00634444444444
0.05966025	0.005245163	0.121017777778	0.00612222222222
0.05464064	0.004425877	0.120388888889	0.00571111111111
0.05692769	0.00542447	0.1209	0.0054
0.05950681	0.003313617	0.126355555556	0.00494444444444
0.06689827	0.003965238	0.123532222222	0.00647777777778
0.06843157	0.003204047	0.12092	0.0061
0.07030976	0.002722679	0.125085555556	0.00494444444444
0.06535281	0.002034672	0.1309	0.0055
0.07607507	0.006324983	0.120355555556	0.00574444444444
0.06374888	0.002844876	0.120977777778	0.00612222222222
0.04742861	0.004518895	0.131033333333	0.00556666666667
0.05288866	0.004375671	0.124022222222	0.00497777777778
0.06266831	0.003068409	0.126615555556	0.00494444444444
0.06506616	0.004372111	0.121544444444	0.00625555555556
0.0728437	0.003143229	0.131183333333	0.00576666666667
0.06918447	0.003183376	0.121593333333	0.00626666666667
0.06515613	0.002837729	0.131044444444	0.00555555555556
0.07210181	0.004334612	0.127333333333	0.00496666666667
0.04863079	0.005277259	0.120411111111	0.00558888888889
0.07220776	0.005333022	0.131198888889	0.00571111111111
0.06851616	0.005231591	0.122733333333	0.00506666666667
0.07242879	0.002785756	0.128277777778	0.00502222222222
0.06902349	0.004472543	0.122411111111	0.00638888888889
0.06705145	0.005610004	0.127144444444	0.00495555555556
0.06343544	0.003945704	0.127622222222	0.00497777777778
0.06893504	0.00596058	0.131212222222	0.00577777777778
0.07595582	0.004575822	0.128807777778	0.00642222222222
0.06005091	0.004680022	0.127433333333	0.00496666666667
0.07060566	0.003429427	0.129633333333	0.00516666666667
0.06181275	0.003695888	0.120333333333	0.00586666666667
0.0459392	0.003898676	0.12346	0.005
0.06910078	0.005811528	0.124944444444	0.00655555555556
0.06780423	0.00556876	0.124545555556	0.00494444444444
0.06402398	0.006815908	0.126574444444	0.00655555555556
0.07122161	0.004832091	0.126584444444	0.00655555555556
0.06608415	0.004780818	0.130166666667	0.00623333333333
0.0595255	0.003651029	0.125733333333	0.00656666666667
0.06507593	0.001921099	0.125877777778	0.00492222222222
0.05941001	0.003576245	0.124844444444	0.00655555555556
0.05820957	0.004239938	0.125537777778	0.00492222222222
0.0718002	0.002567408	0.127344444444	0.00495555555556
0.06450569	0.005014858	0.127577777778	0.00652222222222
0.05394749	0.006828449	0.121355555556	0.00624444444444
0.06363327	0.007889616	0.129555555556	0.00634444444444
0.06434589	0.004468919	0.131233333333	0.00586666666667
0.06918316	0.007207113	0.120266666667	0.00563333333333
0.0611776	0.003325288	0.131266666667	0.00563333333333
0.05262331	0.006463556	0.123608888889	0.00651111111111
0.05270946	0.002547143	0.120355555556	0.00554444444444
0.06557358	0.003354419	0.120188888889	0.00571111111111
0.06400579	0.003042342	0.1281	0.0065
0.08008528	0.004540687	0.129378888889	0.00511111111111
0.06114405	0.00435404	0.12231	0.0064
0.0701287	0.003570125	0.127566666667	0.00653333333333
0.06815161	0.004027493	0.130811111111	0.00538888888889
0.05503839	0.004893175	0.126737777778	0.00492222222222
0.07152615	0.003187515	0.130577777778	0.00532222222222
0.05816723	0.004053319	0.125342222222	0.00657777777778
0.05794948	0.003816496	0.121511111111	0.00628888888889
0.07005476	0.003577889	0.131278888889	0.00561111111111
0.06950055	0.002081026	0.122933333333	0.00646666666667
0.05750797	0.006395975	0.120835555556	0.00614444444444
0.06689838	0.003150646	0.123677777778	0.00652222222222
0.07068924	0.002896501	0.124677777778	0.00492222222222
0.06802098	0.002032075	0.12023	0.0056
0.06947452	0.00405699	0.121422222222	0.00627777777778
0.0777545	0.006150737	0.124055555556	0.00494444444444
0.08285944	0.004742436	0.122655555556	0.00504444444444
0.06824302	0.004269621	0.128488888889	0.00501111111111
0.0642364	0.003334706	0.120166666667	0.00583333333333
0.06479509	0.002518864	0.120133333333	0.00576666666667
0.07896917	0.005805674	0.130891111111	0.00608888888889
0.07307723	0.005170503	0.131388888889	0.00571111111111
0.06850994	0.007353495	0.131355555556	0.00584444444444
0.08859154	0.007778893	0.13	0.0063
0.06373029	0.005303784	0.128677777778	0.00502222222222
0.05798802	0.007223577	0.130511111111	0.00528888888889
0.05354197	0.007210776	0.125801111111	0.00658888888889
0.07340287	0.001120609	0.131311111111	0.00558888888889
0.06369448	0.00367916	0.121686666667	0.00633333333333
0.06660259	0.004139784	0.1253	0.0049
0.04552622	0.00409879	0.130714444444	0.00615555555556
0.07121272	0.006576403	0.120677777778	0.00612222222222
0.05551857	0.00278372	0.131233333333	0.00596666666667
0.07358687	0.004303598	0.126822222222	0.00657777777778
0.05934795	0.003529922	0.1206	0.0061
0.07201155	0.003198431	0.123855555556	0.00654444444444
0.0555378	0.005133026	0.120133333333	0.00586666666667
0.06936046	0.00354353	0.124066666667	0.00493333333333
0.08120341	0.004702438	0.131222222222	0.00597777777778
0.06969387	0.005558594	0.126411111111	0.00658888888889
0.0541937	0.003127674	0.131106666667	0.00603333333333
0.0665797	0.003561854	0.122212222222	0.00507777777778
0.0652663	0.00483773	0.129884444444	0.00515555555556
0.07511953	0.002392331	0.130444444444	0.00525555555556
0.07113173	0.002471042	0.129766666667	0.00513333333333
0.06104101	0.00420079	0.1248	0.0049
0.07236519	0.002917627	0.130611111111	0.00528888888889
0.06622743	0.004266358	0.131444444444	0.00585555555556
0.0682929	0.005604928	0.129855555556	0.00634444444444
0.05946177	0.004538002	0.123884444444	0.00655555555556
0.06164953	0.00411855	0.120044444444	0.00565555555556
0.06929874	0.003282825	0.126211111111	0.00488888888889
0.06544177	0.004967829	0.1213	0.0052
0.07307782	0.005510933	0.131355555556	0.00594444444444
0.06844583	0.004718365	0.131155555556	0.00544444444444
0.07014798	0.002943964	0.131511111111	0.00578888888889
0.06315645	0.003791628	0.120088888889	0.00591111111111
0.06653872	0.004928589	0.127533333333	0.00656666666667
0.07031382	0.004440157	0.127288888889	0.00491111111111
0.06669583	0.002206561	0.120707777778	0.00532222222222
0.07061103	0.005125764	0.131385555556	0.00554444444444
0.06423691	0.004853077	0.121733333333	0.00636666666667
0.07668861	0.003454081	0.129448888889	0.00641111111111
0.05338643	0.004762874	0.123366666667	0.00653333333333
0.06319642	0.003673713	0.121133333333	0.00626666666667
0.0746662	0.004203465	0.131166666667	0.00543333333333
0.06069612	0.002879371	0.120533333333	0.00536666666667
0.07648518	0.001628692	0.126022222222	0.00487777777778
0.07171431	0.004802211	0.1307	0.0062
0.06973974	0.003836744	0.120488888889	0.00611111111111
0.06094163	0.003413143	0.121555555556	0.00514444444444
0.07322291	0.003343246	0.127388888889	0.00491111111111
0.06810092	0.002928232	0.131544444444	0.00565555555556
0.06509796	0.003902473	0.120378888889	0.00541111111111
0.07547961	0.004493106	0.128791111111	0.00648888888889
0.06735794	0.0038957	0.121322222222	0.00517777777778
0.07489098	0.002854833	0.1243	0.0049
0.07403544	0.004942682	0.126911111111	0.00488888888889
0.07234392	0.005514946	0.120188888889	0.00601111111111
0.06027707	0.005052935	0.120555555556	0.00534444444444
0.06371635	0.003377462	0.119922222222	0.00567777777778
0.06982332	0.002747234	0.1218	0.0051
0.06431148	0.008755161	0.120226666667	0.00603333333333
0.0666921	0.002961457	0.121288888889	0.00631111111111
0.06395332	0.005717371	0.123355555556	0.00654444444444
0.064645	0.003935636	0.130722222222	0.00527777777778
0.06385505	0.004202514	0.131625555556	0.00574444444444
0.08112316	0.005170404	0.125977777778	0.00662222222222
0.04957276	0.004045196	0.119923333333	0.00586666666667
0.07395462	0.002927908	0.1314	0.006
0.07554065	0.003880003	0.119977777778	0.00592222222222
0.0585567	0.00353136	0.1297	0.0064
0.07172528	0.005303761	0.1218	0.0064
0.06080037	0.003383708	0.121711111111	0.00638888888889
0.06777799	0.004406886	0.123066666667	0.00653333333333
0.07236247	0.001623826	0.119966666667	0.00593333333333
0.06795868	0.0049333	0.123537777778	0.00492222222222
0.06223869	0.005209699	0.127788888889	0.00491111111111
0.06498859	0.003536404	0.120611111111	0.00618888888889
0.07953125	0.005068124	0.131065555556	0.00534444444444
0.07131888	0.003298301	0.1225	0.005
0.0675872	0.004466419	0.119908888889	0.00591111111111
0.05925465	0.004941649	0.123477777778	0.00492222222222
0.06415697	0.002016498	0.123477777778	0.00492222222222
0.07358998	0.002101282	0.1241	0.0066
0.06049329	0.006558226	0.131344444444	0.00605555555556
0.07227556	0.002759568	0.128546666667	0.00653333333333
0.07547552	0.003768706	0.131733333333	0.00576666666667
0.06126488	0.003057075	0.120844444444	0.00625555555556
0.06530452	0.002850692	0.129988888889	0.00511111111111
0.07849964	0.002871981	0.128733333333	0.00496666666667
0.0731441	0.005785869	0.124222222222	0.00487777777778
0.06335718	0.002298063	0.121366666667	0.00513333333333
0.07511301	0.004931231	0.124966666667	0.00663333333333
0.07348554	0.002187136	0.131488888889	0.00601111111111
0.06902128	0.004663002	0.130225555556	0.00634444444444
0.06263097	0.00223433	0.126624444444	0.00485555555556
0.06168854	0.003968328	0.121722222222	0.00507777777778
0.07314341	0.004629262	0.12995	0.0051
0.06621385	0.003169554	0.126664444444	0.00485555555556
0.06604894	0.003379926	0.122866666667	0.00653333333333
0.05907388	0.004151954	0.125735555556	0.00664444444444
0.07315765	0.002589772	0.124122222222	0.00487777777778
0.06987337	0.005800702	0.125455555556	0.00664444444444
0.06854364	0.004865636	0.130255555556	0.00514444444444
0.06582662	0.005703251	0.121955555556	0.00644444444444
0.06583808	0.007198248	0.120735555556	0.00524444444444
0.05961182	0.002294021	0.131722222222	0.00587777777778
0.06144673	0.006407602	0.119777777778	0.00562222222222
0.06126537	0.002222569	0.121688888889	0.00641111111111
0.06666086	0.003329911	0.131011111111	0.00618888888889
0.06415987	0.002713133	0.1205	0.0053
0.07251476	0.00318935	0.125155555556	0.00484444444444
0.07096999	0.002034785	0.123066666667	0.00493333333333
0.0525709	0.006774917	0.124002222222	0.00487777777778
0.05438306	0.004233502	0.120122222222	0.00607777777778
0.06928621	0.004435131	0.122083333333	0.00646666666667
0.07266937	0.004423001	0.120344444444	0.00615555555556
0.06403925	0.005653377	0.119888888889	0.00551111111111
0.0559209	0.005805575	0.122077777778	0.00502222222222
0.0742957	0.003355591	0.122744444444	0.00495555555556
0.06537829	0.006285699	0.123711111111	0.00488888888889
0.05460469	0.003109634	0.12016	0.0061
0.07075493	0.003551633	0.122488888889	0.00651111111111
0.07032286	0.004592276	0.127588888889	0.00661111111111
0.06539304	0.001888985	0.119911111111	0.00548888888889
0.073788	0.005520476	0.131578888889	0.00601111111111
0.06092987	0.003718756	0.121855555556	0.00644444444444
0.05878351	0.006228125	0.128222222222	0.00657777777778
0.05988773	0.002767821	0.121677777778	0.00642222222222
0.07143439	0.003581361	0.131788888889	0.00561111111111
0.07406324	0.002769535	0.125444444444	0.00665555555556
0.06156374	0.004226137	0.119833333333	0.00596666666667
0.06631902	0.002150652	0.127433333333	0.00486666666667
0.06886558	0.002766674	0.125366666667	0.00483333333333
0.07534012	0.002370002	0.128417777778	0.00492222222222
0.07250054	0.004371673	0.127688888889	0.00661111111111
0.0594514	0.004448257	0.121277777778	0.00512222222222
0.06724993	0.002714228	0.126344444444	0.00665555555556
0.07275113	0.00274388	0.126875555556	0.00484444444444
0.07037065	0.003694073	0.122775555556	0.00654444444444
0.07907667	0.003008393	0.122755555556	0.00494444444444
0.05573707	0.005567873	0.120513333333	0.00526666666667
0.06797513	0.004218286	0.123013333333	0.00656666666667
0.06558069	0.003833817	0.127344444444	0.00485555555556
0.05626349	0.003387619	0.120244444444	0.00615555555556
0.06157552	0.005762654	0.131377777778	0.00612222222222
0.06405108	0.003435206	0.122566666667	0.00653333333333
0.07090343	0.002905612	0.12805	0.0066
0.05014753	0.008057102	0.124066666667	0.00663333333333
0.08167493	0.002034477	0.13118	0.0053
0.06461649	0.003621673	0.121177777778	0.00512222222222
0.07487559	0.00638534	0.127918888889	0.00661111111111
0.05406905	0.002554894	0.128311111111	0.00658888888889
0.06092408	0.00384931	0.1232	0.0049
0.06149068	0.005414263	0.131355555556	0.00614444444444
0.07677444	0.002553326	0.119833333333	0.00546666666667
0.07174565	0.003445715	0.131548888889	0.00541111111111
0.0797616	0.004506035	0.131122222222	0.00527777777778
0.06775161	0.004366556	0.120388888889	0.00621111111111
0.06867765	0.003391505	0.126944444444	0.00665555555556
0.07830398	0.005428465	0.125033333333	0.00666666666667
0.06765479	0.005647851	0.122248888889	0.00651111111111
0.04514005	0.004789513	0.121066666667	0.00513333333333
0.06308401	0.003453676	0.119722222222	0.00597777777778
0.06252129	0.007121463	0.121477777778	0.00642222222222
0.06449641	0.00611616	0.123866666667	0.00663333333333
0.070444	0.003211021	0.129966666667	0.00643333333333
0.06489336	0.00284179	0.119533333333	0.00566666666667
0.06753638	0.002815118	0.120622222222	0.00627777777778
0.06045592	0.003457904	0.119511111111	0.00568888888889
0.06096109	0.004634107	0.125382222222	0.00667777777778
0.06371338	0.005653272	0.119677777778	0.00552222222222
0.08916832	0.004197848	0.129986666667	0.00643333333333
0.05442402	0.005642432	0.120955555556	0.00634444444444
0.06631548	0.003358159	0.120608888889	0.00521111111111
0.06998811	0.00583127	0.131055555556	0.00624444444444
0.06139458	0.003647578	0.126292222222	0.00667777777778
0.05784894	0.004609524	0.130506666667	0.00513333333333
0.06489902	0.003480532	0.13087	0.0052
0.05842633	0.002977419	0.126488888889	0.00481111111111
0.06552018	0.003329358	0.122455555556	0.00654444444444
0.06313096	0.003853591	0.128188888889	0.00661111111111
0.0452	0.002943659	0.121555555556	0.00504444444444
0.06527297	0.004193813	0.129955555556	0.00644444444444
0.06799438	0.003724707	0.131788888889	0.00601111111111
0.07937089	0.004231116	0.131177777778	0.00622222222222
0.07301317	0.003163996	0.13027	0.0064
0.06334034	0.004024696	0.1219	0.005
0.06144512	0.003283766	0.123477777778	0.00662222222222
0.05153573	0.007236977	0.127033333333	0.00666666666667
0.0746103	0.004995448	0.130422222222	0.00637777777778
0.0637741	0.003200574	0.124822222222	0.00667777777778
0.07308612	0.004198579	0.1212	0.0064
0.0645056	0.001646718	0.124066666667	0.00483333333333
0.06423456	0.002895465	0.119755555556	0.00544444444444
0.06813882	0.00261148	0.119755555556	0.00544444444444
0.07037523	0.002848379	0.125431111111	0.00668888888889
0.06863012	0.002889856	0.130822222222	0.00517777777778
0.06016019	0.003273585	0.1195	0.0056
0.06602209	0.002771355	0.119537777778	0.00592222222222
0.07526709	0.00237584	0.1229	0.0049
0.0671448	0.006169856	0.1263	0.0048
0.05004061	0.003850442	0.129877777778	0.00502222222222
0.07063937	0.005472443	0.121811111111	0.00648888888889
0.06494585	0.002673069	0.119411111111	0.00568888888889
0.06751297	0.004284957	0.130744444444	0.00515555555556
0.06157517	0.001465492	0.121455555556	0.00504444444444
0.06328851	0.003518099	0.126511111111	0.00668888888889
0.06338655	0.004249561	0.119975555556	0.00534444444444
0.06761428	0.00379893	0.119544444444	0.00595555555556
0.07274185	0.001882051	0.131722222222	0.00607777777778
0.07879227	0.002701178	0.130577777778	0.00512222222222
0.04251925	0.008438022	0.119433333333	0.00586666666667
0.05980957	0.004001215	0.128711111111	0.00658888888889
0.07931031	0.002814635	0.132133333333	0.00576666666667
0.07137253	0.002164703	0.120677777778	0.00632222222222
0.04399948	0.004761206	0.120677777778	0.00632222222222
0.0704186	0.003836578	0.122166666667	0.00653333333333
0.06345855	0.002340757	0.131586666667	0.00613333333333
0.06603893	0.001848491	0.125711111111	0.00478888888889
0.06771672	0.001758451	0.125811111111	0.00478888888889
0.07017779	0.00239048	0.125611111111	0.00478888888889
0.07298701	0.005274149	0.1255	0.0067
0.06344578	0.00391931	0.130633333333	0.00636666666667
0.0833856	0.004121737	0.132044444444	0.00555555555556
0.07325745	0.002164692	0.121622222222	0.00647777777778
0.06577214	0.004362971	0.130155555556	0.00644444444444
0.07673649	0.003722375	0.1321	0.0059
0.04470855	0.004730747	0.119411111111	0.00558888888889
0.05303953	0.004561585	0.131788888889	0.00541111111111
0.06104435	0.002808354	0.122661111111	0.00658888888889
0.06730473	0.003456218	0.128055555556	0.00484444444444
0.04153347	0.00437	0.120766666667	0.00513333333333
0.07733749	0.003030866	0.131697777778	0.00612222222222
0.07236768	0.003002684	0.130933333333	0.00516666666667
