root_height	pop_size	pi_net	pi_within
0.03304106	0.005527489	0.0453444444444	0.0209555555556
0.02336528	0.006897488	0.0453	0.021
0.02426789	0.006647109	0.0446544444444	0.0207555555556
0.03557544	0.009344634	0.0457788888889	0.0210111111111
0.02291728	0.007172762	0.0462755555556	0.0207444444444
0.03289112	0.005924626	0.0464155555556	0.0207444444444
0.02465223	0.009739159	0.0455355555556	0.0210444444444
0.03974778	0.009095113	0.0468311111111	0.0208888888889
0.02886549	0.007227429	0.0452522222222	0.0210777777778
0.02711114	0.0143418	0.0471	0.0209
0.03157735	0.005607519	0.0444666666667	0.0206333333333
0.03458376	0.00751276	0.0440755555556	0.0210444444444
0.02583419	0.006290382	0.0435377777778	0.0208222222222
0.03169998	0.006442422	0.04372	0.0207
0.0311266	0.01264027	0.0468022222222	0.0210777777778
0.02961473	0.01270882	0.0434644444444	0.0207555555556
0.03661861	0.008307311	0.0473722222222	0.0209777777778
0.03200335	0.007974207	0.04353	0.021
0.02499218	0.01013447	0.0436566666667	0.0210333333333
0.03105191	0.006807086	0.0442411111111	0.0205888888889
0.03796443	0.006793043	0.0466155555556	0.0205444444444
0.0294967	0.004970414	0.0429066666667	0.0209333333333
0.03269777	0.006663233	0.0428311111111	0.0208888888889
0.03073158	0.01000351	0.0477144444444	0.0206555555556
0.03170496	0.008122307	0.0442788888889	0.0212111111111
0.03921923	0.01407459	0.0477755555556	0.0210444444444
0.03436393	0.007639301	0.04665	0.0205
0.02775568	0.006729752	0.0479888888889	0.0207111111111
0.02791589	0.007432337	0.0433533333333	0.0205666666667
0.02634525	0.005784828	0.0450366666667	0.0204333333333
0.03183848	0.00551296	0.0443555555556	0.0204444444444
0.03339718	0.00637567	0.0472688888889	0.0212111111111
0.02324202	0.005760047	0.0442077777778	0.0204222222222
0.02470421	0.006188942	0.0423111111111	0.0207888888889
0.03030434	0.009731673	0.0433611111111	0.0204888888889
0.03047511	0.006997259	0.0446011111111	0.0203888888889
0.02222748	0.004357603	0.0450833333333	0.0203666666667
0.02545387	0.009310173	0.0474044444444	0.0212555555556
0.0283609	0.004611016	0.0433533333333	0.0212666666667
0.03629179	0.00747745	0.0420111111111	0.0207888888889
0.02846427	0.006019268	0.0480688888889	0.0205111111111
0.03195669	0.006560397	0.0483555555556	0.0211444444444
0.0297603	0.006973212	0.0436888888889	0.0213111111111
0.03001596	0.007250917	0.0476555555556	0.0204444444444
0.02613951	0.008652412	0.0419233333333	0.0207666666667
0.02901035	0.007236219	0.0437666666667	0.0213333333333
0.02546477	0.006155886	0.0473688888889	0.0213111111111
0.02648917	0.004449704	0.0426488888889	0.0205111111111
0.02626185	0.007223534	0.04487	0.0214
0.02837893	0.007889173	0.0419444444444	0.0210555555556
0.03185703	0.006986699	0.0467511111111	0.0213888888889
0.03179399	0.006966375	0.0448611111111	0.0202888888889
0.03455927	0.008178189	0.0429011111111	0.0212888888889
0.02772036	0.008210636	0.0434044444444	0.0203555555556
0.03419411	0.00661833	0.0431633333333	0.0203666666667
0.03008452	0.004937885	0.0456044444444	0.0214555555556
0.02959608	0.007556094	0.0458044444444	0.0202555555556
0.02617599	0.007957605	0.0488311111111	0.0211888888889
0.03427425	0.009410412	0.0484122222222	0.0212777777778
0.03422997	0.008331419	0.0466133333333	0.0202666666667
0.02575309	0.007481401	0.0432466666667	0.0203333333333
0.03065178	0.006702455	0.0414822222222	0.0206777777778
0.02273634	0.01078401	0.0444444444444	0.0202555555556
0.03205423	0.005606281	0.0428022222222	0.0203777777778
0.0362541	0.006524841	0.0491044444444	0.0211555555556
0.03490332	0.006834405	0.0496433333333	0.0209666666667
0.03757172	0.007363287	0.0494377777778	0.0206222222222
0.02550013	0.006875357	0.04577	0.0215
0.03398636	0.005429566	0.0432188888889	0.0214111111111
0.02828235	0.004589867	0.0487666666667	0.0204333333333
0.03084394	0.00662498	0.0434555555556	0.0214444444444
0.02095098	0.01017044	0.0458177777778	0.0215222222222
0.03192747	0.006611323	0.0464188888889	0.0215111111111
0.01535774	0.005880769	0.0411555555556	0.0206444444444
0.03271751	0.007097369	0.0414155555556	0.0205444444444
0.02203329	0.006747508	0.0494166666667	0.0205333333333
0.03208218	0.006891171	0.0417755555556	0.0204444444444
0.03119379	0.007016635	0.0438488888889	0.0202111111111
0.0286647	0.0089937	0.0412644444444	0.0211555555556
0.02932098	0.006013466	0.0427511111111	0.0202888888889
0.02392559	0.006166528	0.0407566666667	0.0208333333333
0.02198453	0.006164495	0.0452144444444	0.0201555555556
0.02440592	0.006456209	0.0419111111111	0.0203888888889
0.03675509	0.00568657	0.0486088888889	0.0203111111111
0.03780919	0.007933898	0.0500288888889	0.0206111111111
0.03244714	0.006715628	0.0421788888889	0.0203111111111
0.03406756	0.005451799	0.0483933333333	0.0202666666667
0.02987398	0.01073751	0.0423566666667	0.0214333333333
0.02361268	0.007313684	0.0443622222222	0.0215777777778
0.02833147	0.01022578	0.04285	0.0215
0.02690051	0.005834195	0.0411955555556	0.0204444444444
0.03042123	0.008216536	0.0440977777778	0.0201222222222
0.03140018	0.009196178	0.04282	0.0202
0.04006912	0.00738592	0.0503	0.0211
0.03558978	0.006646111	0.0506111111111	0.0208888888889
0.0301662	0.007175023	0.0433333333333	0.0215666666667
0.03421388	0.008940793	0.0456022222222	0.0200777777778
0.03911843	0.006767591	0.0492	0.0214
0.03442528	0.006701405	0.05068	0.0209
0.03120998	0.008429172	0.0490466666667	0.0214333333333
0.02207631	0.006913953	0.0428944444444	0.0201555555556
0.03656746	0.00985122	0.0409111111111	0.0212888888889
0.02767741	0.007999695	0.0431477777778	0.0201222222222
0.03058873	0.006502313	0.0508711111111	0.0208888888889
0.0345072	0.005109704	0.0444955555556	0.0200444444444
0.03423817	0.007798046	0.0448222222222	0.0216777777778
0.03216964	0.005969766	0.0408111111111	0.0203888888889
0.02605031	0.01181613	0.0500677777778	0.0213222222222
0.02990692	0.01045232	0.0439733333333	0.0216666666667
0.02491627	0.008455985	0.04071	0.0204
0.03727105	0.005897934	0.0511455555556	0.0207444444444
0.03335621	0.005781076	0.0501244444444	0.0203555555556
0.03546549	0.009657524	0.0488044444444	0.0201555555556
0.03226682	0.004873565	0.0430233333333	0.0200666666667
0.02708951	0.0100964	0.0449511111111	0.0199888888889
0.03199857	0.006590229	0.0474722222222	0.0216777777778
0.02543054	0.006692224	0.0410355555556	0.0202444444444
0.02373222	0.008144408	0.0395	0.0207
0.03385203	0.006969514	0.0430777777778	0.0200222222222
0.03724421	0.00869194	0.0514811111111	0.0207888888889
0.03475071	0.008259268	0.0414233333333	0.0201666666667
0.0239324	0.01247141	0.0430988888889	0.0200111111111
0.02711095	0.00683069	0.0398933333333	0.0204666666667
0.03018729	0.01030942	0.0441644444444	0.0199555555556
0.02864966	0.008548858	0.0454422222222	0.0217777777778
0.0194846	0.01660213	0.03925	0.0209
0.03092628	0.006886654	0.0481977777778	0.0200222222222
0.0388443	0.004262692	0.0503811111111	0.0202888888889
0.03771379	0.004993581	0.0495944444444	0.0215555555556
0.02943225	0.006042094	0.0391333333333	0.0208666666667
0.03930102	0.007086509	0.0508333333333	0.0203666666667
0.03137396	0.00505227	0.0514555555556	0.0211444444444
0.02625262	0.01224291	0.0411933333333	0.0215666666667
0.03701317	0.01268903	0.0454088888889	0.0218111111111
0.04246927	0.004147826	0.0517222222222	0.0206777777778
0.03722579	0.01125222	0.0518811111111	0.0207888888889
0.02724161	0.007609211	0.0487177777778	0.0200222222222
0.01893533	0.01808948	0.0486088888889	0.0200111111111
0.02811113	0.006227027	0.0510333333333	0.0203666666667
0.03876618	0.005842104	0.0483777777778	0.0217222222222
0.02926553	0.003196627	0.0395044444444	0.0204555555556
0.02662949	0.007764663	0.0501066666667	0.0215333333333
0.03557239	0.00571576	0.0507311111111	0.0202888888889
0.03665803	0.009366984	0.05172	0.0206
0.03537905	0.008648272	0.0501122222222	0.0201777777778
0.03090228	0.01387433	0.0479444444444	0.0199555555556
0.029229	0.009893585	0.0510644444444	0.0213555555556
0.02275128	0.005709825	0.0389044444444	0.0209555555556
0.03126548	0.005857115	0.0429933333333	0.0217666666667
0.03024991	0.007258653	0.0397644444444	0.0203555555556
0.03293037	0.008183123	0.0388444444444	0.0208555555556
0.02343923	0.004503995	0.0389733333333	0.0210666666667
0.03219549	0.007054224	0.0400622222222	0.0202777777778
0.02350378	0.009668207	0.0514566666667	0.0204333333333
0.04394207	0.004986143	0.0489	0.02
0.02644394	0.005338451	0.0461044444444	0.0198555555556
0.03172605	0.01611292	0.0392022222222	0.0204777777778
0.02539373	0.004699129	0.0521977777778	0.0208222222222
0.02874303	0.008344067	0.0488222222222	0.0199777777778
0.02637036	0.006241318	0.0397	0.0214
0.03470569	0.005383962	0.0415311111111	0.0216888888889
0.03669672	0.007671936	0.0510366666667	0.0214333333333
0.02949045	0.004865518	0.0389333333333	0.0211666666667
0.03312189	0.00670858	0.0471455555556	0.0218444444444
0.03475985	0.005445225	0.05221	0.0207
0.0417016	0.007900274	0.0521866666667	0.0210333333333
0.02937718	0.00829855	0.0518555555556	0.0212444444444
0.03096964	0.00782973	0.04254	0.0199
0.02740967	0.008872987	0.0396033333333	0.0202666666667
0.03040078	0.007503927	0.0464688888889	0.0198111111111
0.02779326	0.009276979	0.0415755555556	0.0217444444444
0.03610856	0.01020668	0.0477944444444	0.0198555555556
0.03484915	0.006418766	0.0417933333333	0.0217666666667
0.03508135	0.006270118	0.0432733333333	0.0218666666667
0.03398998	0.007779344	0.0524055555556	0.0206444444444
0.04182342	0.0104404	0.0474266666667	0.0198333333333
0.03389847	0.007408932	0.05055	0.0216
0.01813263	0.00595967	0.0392888888889	0.0203111111111
0.02848489	0.006112695	0.0514333333333	0.0202666666667
0.0297922	0.008560718	0.04884	0.0218
0.02403685	0.004704485	0.0387444444444	0.0212555555556
0.01613099	0.005708651	0.0406044444444	0.0200555555556
0.02691688	0.005748265	0.0425133333333	0.0198666666667
0.02772654	0.00792949	0.05062	0.0201
0.03573556	0.005906817	0.0443666666667	0.0219333333333
0.03604394	0.007978823	0.0517977777778	0.0203222222222
0.03569766	0.004543728	0.0525788888889	0.0211111111111
0.0321633	0.006730111	0.05245	0.0212
0.03041877	0.005856111	0.0403344444444	0.0216555555556
0.02762172	0.00736853	0.0398266666667	0.0201333333333
0.01764301	0.006218995	0.0399488888889	0.0201111111111
0.02136318	0.0143973	0.0431688888889	0.0219111111111
0.03356814	0.007758335	0.0436066666667	0.0219333333333
0.02780554	0.007249089	0.0466944444444	0.0197555555556
0.04095364	0.008352549	0.0489055555556	0.0218444444444
0.03612476	0.006248952	0.0518933333333	0.0202666666667
0.03973549	0.01052666	0.0480077777778	0.0219222222222
0.02401782	0.004624936	0.0379822222222	0.0210777777778
0.02689966	0.006854527	0.0401766666667	0.0200333333333
0.02688408	0.006029567	0.0380188888889	0.0211111111111
0.03515592	0.005586853	0.0502866666667	0.0217333333333
0.02287145	0.00674636	0.0395222222222	0.0215777777778
0.0332982	0.006798745	0.0479466666667	0.0219333333333
0.03275504	0.01009881	0.04252	0.0198
0.02102679	0.01452507	0.0389655555556	0.0202444444444
0.03027509	0.009291542	0.0454888888889	0.0197111111111
0.05018855	0.01508364	0.0504377777778	0.0217222222222
0.04032157	0.01525444	0.0469622222222	0.0219777777778
0.03312415	0.006530383	0.0525622222222	0.0212777777778
0.0176687	0.01269932	0.04584	0.022
0.03395402	0.005879977	0.04028	0.02
0.03222192	0.00535972	0.0479733333333	0.0197666666667
0.02983108	0.007034925	0.0510144444444	0.0200555555556
0.03190241	0.005631367	0.0398444444444	0.0216555555556
0.04269058	0.007652288	0.0474666666667	0.0197333333333
0.02461004	0.008577466	0.0521755555556	0.0214444444444
0.04082354	0.008853859	0.0526688888889	0.0204111111111
0.0325239	0.008205398	0.0467	0.0197
0.02227182	0.01005168	0.0525633333333	0.0203666666667
0.01993621	0.007751223	0.0380333333333	0.0204666666667
0.03624194	0.006933546	0.0525155555556	0.0203444444444
0.02383734	0.008708869	0.05274	0.0213
0.03906409	0.009585313	0.0533311111111	0.0207888888889
0.03751116	0.009409204	0.0467111111111	0.0196888888889
0.02448346	0.009120198	0.0385533333333	0.0202666666667
0.02417138	0.005619451	0.0436588888889	0.0220111111111
0.03606752	0.007554923	0.0450755555556	0.0220444444444
0.02963541	0.004297387	0.0482666666667	0.0197333333333
0.03536724	0.01366282	0.0450544444444	0.0220555555556
0.03094109	0.006576049	0.0432	0.0197
0.0287738	0.007175611	0.0382588888889	0.0214111111111
0.03494329	0.007953113	0.05262	0.0203
0.03132186	0.007583479	0.0451755555556	0.0196444444444
0.03023444	0.009403116	0.0381211111111	0.0202888888889
0.02585531	0.005595013	0.0480711111111	0.0196888888889
0.02938776	0.003876715	0.0418355555556	0.0197444444444
0.03767836	0.009426428	0.0375555555556	0.0212444444444
0.02833853	0.006543863	0.0389222222222	0.0200777777778
0.03363892	0.008496201	0.0479433333333	0.0196666666667
0.03758324	0.01264336	0.0426366666667	0.0220333333333
0.02976629	0.007160914	0.0520611111111	0.0200888888889
0.0290906	0.005377958	0.0481333333333	0.0196666666667
0.03516926	0.008369671	0.05089	0.0199
0.03319414	0.005606233	0.0457	0.0196
0.02645328	0.007570298	0.0384933333333	0.0215666666667
0.02473598	0.006507841	0.0498266666667	0.0219333333333
0.02121882	0.00706787	0.03751	0.0213
0.02831343	0.004164507	0.0368777777778	0.0208222222222
0.02791262	0.01524592	0.0505411111111	0.0218888888889
0.04291895	0.006270399	0.0530755555556	0.0214444444444
0.0310169	0.005832619	0.0527422222222	0.0201777777778
0.02344745	0.005429545	0.05399	0.0207
0.02849818	0.006441956	0.0448933333333	0.0195666666667
0.03111327	0.007188468	0.0475488888889	0.0221111111111
0.03265888	0.005481786	0.0540511111111	0.0206888888889
0.0270281	0.008201578	0.0441933333333	0.0195666666667
0.04242562	0.005337987	0.0487055555556	0.0196444444444
0.03491469	0.00701733	0.0472666666667	0.0221333333333
0.02651206	0.003667964	0.0474322222222	0.0195777777778
0.02712286	0.007797192	0.0470833333333	0.0195666666667
0.03548508	0.0084183	0.0490744444444	0.0220555555556
0.02411596	0.01354497	0.0379155555556	0.0215444444444
0.03462065	0.007659375	0.0531777777778	0.0202222222222
0.02577633	0.009674992	0.0460566666667	0.0195333333333
0.03181656	0.005852069	0.0416644444444	0.0196555555556
0.03175041	0.007919963	0.05284	0.0216
0.02622375	0.005499463	0.0388244444444	0.0217555555556
0.0293545	0.00806744	0.0490666666667	0.0196333333333
0.03878078	0.01010629	0.0542666666667	0.0206333333333
0.03543156	0.007996604	0.0514755555556	0.0218444444444
0.02328544	0.009271707	0.0421088888889	0.0196111111111
0.02885417	0.007380839	0.0429755555556	0.0221444444444
0.03865157	0.01158537	0.0478955555556	0.0221444444444
0.02198943	0.006158736	0.0367111111111	0.0211888888889
0.02933267	0.005602964	0.0373933333333	0.0214666666667
0.02781426	0.00920623	0.0385822222222	0.0199777777778
0.03319012	0.006131045	0.0383377777778	0.0200222222222
0.03498027	0.005733318	0.0530177777778	0.0201222222222
0.03836149	0.008002186	0.0515044444444	0.0218555555556
0.03450869	0.007451993	0.0464	0.0222
0.03830741	0.007848827	0.0543955555556	0.0210444444444
0.02372839	0.007600867	0.0542433333333	0.0211666666667
0.03086602	0.006933631	0.04072	0.0197
0.02924443	0.008638433	0.0456488888889	0.0222111111111
0.03413232	0.006318098	0.0541533333333	0.0204666666667
0.02930199	0.005990171	0.04454	0.0195
0.02418337	0.01021472	0.04644	0.0195
0.03254076	0.006220163	0.0539444444444	0.0203555555556
0.02029257	0.00828239	0.0455177777778	0.0222222222222
0.03616945	0.008297467	0.0542888888889	0.0205111111111
0.02390528	0.007369991	0.0472188888889	0.0195111111111
0.02407148	0.005040203	0.0399444444444	0.0197555555556
0.03259791	0.007241638	0.0427033333333	0.0221666666667
0.02918103	0.007048244	0.0435188888889	0.0195111111111
0.03481212	0.006865892	0.05356	0.0215
0.02699705	0.006356101	0.0368733333333	0.0213666666667
0.0261845	0.005288521	0.0425555555556	0.0195444444444
0.03105242	0.009105792	0.0362444444444	0.0206555555556
0.03182054	0.008243444	0.0389133333333	0.0198666666667
0.03314928	0.005710488	0.0547288888889	0.0209111111111
0.02362223	0.01279398	0.0448633333333	0.0194666666667
0.02484552	0.005979295	0.0389444444444	0.0198555555556
0.04673615	0.009030047	0.0547688888889	0.0209111111111
0.04400866	0.006742696	0.0526455555556	0.0217444444444
0.04524311	0.005706803	0.0525844444444	0.0199555555556
0.02976657	0.007225414	0.04311	0.0195
0.02507175	0.008186526	0.0392788888889	0.0219111111111
0.02574317	0.007291716	0.0528111111111	0.0199888888889
0.02634426	0.007030893	0.0441255555556	0.0222444444444
0.03316595	0.005676014	0.0473122222222	0.0194777777778
0.02984023	0.007953106	0.0489233333333	0.0221666666667
0.02986783	0.006620906	0.0373688888889	0.0201111111111
0.03523577	0.01117372	0.0387044444444	0.0218555555556
0.02582707	0.004826579	0.0359355555556	0.0209444444444
0.01393852	0.01264045	0.0421177777778	0.0195222222222
0.02916875	0.007319215	0.0376666666667	0.0200333333333
0.03517545	0.00738639	0.0520666666667	0.0198333333333
0.02550019	0.005711716	0.0491555555556	0.0195444444444
0.0158405	0.008535885	0.0500188888889	0.0221111111111
0.02044954	0.009080643	0.0412833333333	0.0195666666667
0.02859985	0.005902729	0.03587	0.0208
0.03530892	0.01361846	0.0550211111111	0.0208888888889
0.02587286	0.007321341	0.0537622222222	0.0215777777778
0.02886181	0.00514233	0.0469366666667	0.0194333333333
0.02855445	0.006656797	0.0360044444444	0.0211555555556
0.03313951	0.006726401	0.0533077777778	0.0200222222222
0.0324373	0.00677329	0.0453488888889	0.0194111111111
0.03577998	0.009660855	0.0483422222222	0.0194777777778
0.03425726	0.006980631	0.0512688888889	0.0220111111111
0.01858618	0.01769986	0.0359333333333	0.0205666666667
0.02895168	0.007833586	0.0551555555556	0.0209444444444
0.03714795	0.006994135	0.0548333333333	0.0204666666667
0.03314613	0.008047217	0.05216	0.0198
0.03091935	0.01286598	0.05218	0.0198
0.02852123	0.005734165	0.0435777777778	0.0194222222222
0.02847874	0.008953282	0.0486966666667	0.0222333333333
0.03725751	0.007555768	0.0551022222222	0.0210777777778
0.02919567	0.006862998	0.0502022222222	0.0195777777778
0.01604741	0.01234237	0.0502022222222	0.0195777777778
0.03024773	0.007931289	0.0399333333333	0.0220666666667
0.03073762	0.008346333	0.0550522222222	0.0205777777778
0.02557753	0.007595701	0.04025	0.0221
0.03033868	0.005547012	0.0524866666667	0.0198333333333
0.02391641	0.006110791	0.0408244444444	0.0195555555556
0.03769431	0.0155317	0.0552788888889	0.0208111111111
0.02514161	0.01003875	0.0487333333333	0.0194666666667
0.03417931	0.0084281	0.0485344444444	0.0194555555556
0.01626495	0.009473893	0.0392	0.022
0.03258014	0.009870613	0.0408655555556	0.0195444444444
0.02879398	0.008182014	0.0422544444444	0.0222555555556
0.0274533	0.002488306	0.0356888888889	0.0211111111111
0.029561	0.007632913	0.0367533333333	0.0215666666667
0.03231515	0.008701026	0.0449566666667	0.0223333333333
0.0167487	0.00599942	0.05537	0.0208
0.01889486	0.006625491	0.0355744444444	0.0206555555556
0.03926948	0.007305848	0.0551844444444	0.0211555555556
0.03123201	0.006767852	0.0512255555556	0.0196444444444
0.03173557	0.01409449	0.0520633333333	0.0219666666667
0.02487599	0.007216343	0.0355444444444	0.0210555555556
0.03240521	0.006086599	0.05539	0.0207
0.03526866	0.005898195	0.0420555555556	0.0194444444444
0.02532703	0.005466878	0.0354366666667	0.0207333333333
0.02491217	0.006419811	0.0459244444444	0.0193555555556
0.02592504	0.006609612	0.0354866666667	0.0206333333333
0.02308748	0.00675446	0.0354977777778	0.0206222222222
0.03139781	0.008065771	0.0430311111111	0.0193888888889
0.03523307	0.006577654	0.0466644444444	0.0193555555556
0.03849935	0.005865958	0.0553644444444	0.0211555555556
0.0334589	0.009725376	0.0366088888889	0.0201111111111
0.03015431	0.007622445	0.0552777777778	0.0212222222222
0.03038139	0.006938643	0.0362288888889	0.0202111111111
0.03047209	0.006906337	0.0425	0.0194
0.02109037	0.006112687	0.0355855555556	0.0212444444444
0.02712746	0.007653722	0.0556044444444	0.0207555555556
0.02135578	0.009309031	0.0527177777778	0.0219222222222
0.03517049	0.01051787	0.0377855555556	0.0198444444444
0.02820601	0.006669059	0.0473844444444	0.0223555555556
0.01532844	0.005021713	0.0383144444444	0.0197555555556
0.02644408	0.006734519	0.0401333333333	0.0221666666667
0.02853545	0.01009822	0.0532833333333	0.0198666666667
0.02785068	0.007952503	0.0352444444444	0.0206555555556
0.03000486	0.008539481	0.0412044444444	0.0222555555556
0.03018776	0.01363321	0.0352688888889	0.0206111111111
0.01674626	0.01003746	0.0364188888889	0.0201111111111
0.03337522	0.006584879	0.0351455555556	0.0209444444444
0.02955388	0.006913626	0.0555444444444	0.0205555555556
0.03149337	0.005406086	0.0506177777778	0.0195222222222
0.04474617	0.006739593	0.0554422222222	0.0204777777778
0.03095329	0.007713191	0.05548	0.0205
0.03792663	0.008432145	0.0536577777778	0.0199222222222
0.0310763	0.006858022	0.0553933333333	0.0212666666667
0.02635044	0.01244303	0.0556577777778	0.0206222222222
0.01888788	0.007143094	0.0358844444444	0.0202555555556
0.02987871	0.01012867	0.0517011111111	0.0220888888889
0.02772045	0.007626774	0.0377111111111	0.0218888888889
0.02118328	0.006388738	0.0391577777778	0.0196222222222
0.02654986	0.006885197	0.0402088888889	0.0195111111111
0.03215942	0.009073387	0.0484455555556	0.0223444444444
0.02851945	0.008570084	0.0350466666667	0.0207333333333
0.02936315	0.005831174	0.0411866666667	0.0194333333333
0.02682445	0.005923689	0.0553733333333	0.0203666666667
0.03789128	0.01274596	0.0502455555556	0.0222444444444
0.03403898	0.004841355	0.0553555555556	0.0203444444444
0.03055272	0.00689463	0.0388322222222	0.0220777777778
0.03408259	0.007176055	0.0488133333333	0.0193666666667
0.02683779	0.006728681	0.0478277777778	0.0193222222222
0.02877057	0.00903928	0.0388777777778	0.0196222222222
0.02350418	0.004802175	0.0396466666667	0.0195333333333
0.03384817	0.006687144	0.0550888888889	0.0202111111111
0.02825052	0.006865434	0.0541833333333	0.0199666666667
0.02336976	0.007452944	0.04125	0.0194
0.03728347	0.009612388	0.0395666666667	0.0195333333333
0.02419104	0.01063858	0.0367922222222	0.0217777777778
0.0269213	0.006135876	0.0404044444444	0.0194555555556
0.02966407	0.005784265	0.0480688888889	0.0193111111111
0.01467584	0.005829686	0.0361555555556	0.0216444444444
0.03765416	0.008940718	0.0474511111111	0.0192888888889
0.02482726	0.01194373	0.0357955555556	0.0215444444444
0.01625307	0.009910589	0.0347666666667	0.0207333333333
0.03253703	0.008306588	0.0518722222222	0.0195777777778
0.03612543	0.01463928	0.0545711111111	0.0216888888889
0.04522588	0.01543722	0.0498888888889	0.0223111111111
0.02673215	0.007915787	0.0458144444444	0.0192555555556
0.02984401	0.007537936	0.0561222222222	0.0209777777778
0.02444689	0.0124261	0.0556922222222	0.0203777777778
0.0285337	0.005941466	0.0443944444444	0.0192555555556
0.03171855	0.004073932	0.0493144444444	0.0223555555556
0.02330406	0.01258	0.0367088888889	0.0199111111111
0.04355533	0.006424406	0.0548333333333	0.0200666666667
0.03373983	0.006443561	0.0536488888889	0.0198111111111
0.03129892	0.004689029	0.0473155555556	0.0224444444444
0.04395458	0.007083197	0.0494344444444	0.0193555555556
0.03078502	0.009034737	0.0356222222222	0.0201777777778
0.02411063	0.005789471	0.0348044444444	0.0211555555556
0.02886893	0.009197102	0.0467433333333	0.0224666666667
0.03236318	0.007543106	0.0545822222222	0.0199777777778
0.03106249	0.007526578	0.0535822222222	0.0197777777778
0.0341934	0.005275848	0.0350222222222	0.0203777777778
0.03237826	0.006246701	0.0543288888889	0.0199111111111
0.02660203	0.007783386	0.0379633333333	0.0196666666667
0.01953975	0.003694546	0.0416777777778	0.0193222222222
0.03007398	0.006477535	0.0458677777778	0.0192222222222
0.0331564	0.008965545	0.0353066666667	0.0202333333333
0.01815061	0.00615366	0.0350155555556	0.0203444444444
0.03665792	0.006205669	0.0388455555556	0.0195444444444
0.0255623	0.01427201	0.0345977777778	0.0211222222222
0.02768438	0.01006788	0.03606	0.02
0.04166997	0.006683827	0.0529344444444	0.0220555555556
0.02629416	0.006598595	0.0528755555556	0.0196444444444
0.02484606	0.01340921	0.0496122222222	0.0223777777778
0.03860183	0.004833676	0.0519011111111	0.0221888888889
0.03205254	0.006170748	0.0486422222222	0.0192777777778
0.03184091	0.006347171	0.0552077777778	0.0216222222222
0.0297785	0.005930162	0.0359977777778	0.0217222222222
0.02329964	0.005848912	0.0420222222222	0.0192777777778
0.02577849	0.01080388	0.0539122222222	0.0197777777778
0.02741481	0.006898386	0.0362588888889	0.0218111111111
0.02573811	0.007040838	0.0376444444444	0.0196555555556
0.02023219	0.006141704	0.04384	0.0192
0.01533214	0.012461	0.0505755555556	0.0223444444444
0.03049512	0.0105711	0.0359144444444	0.0199555555556
0.02255532	0.007881606	0.0380111111111	0.0195888888889
0.02875494	0.00952456	0.0354011111111	0.0200888888889
0.02851977	0.008967782	0.0527055555556	0.0221444444444
0.03772801	0.0079692	0.0553644444444	0.0200555555556
0.02586299	0.008692975	0.0341511111111	0.0208888888889
0.03089167	0.007128107	0.0420955555556	0.0192444444444
0.03205754	0.007784696	0.0452755555556	0.0225444444444
0.03551021	0.01090748	0.0565855555556	0.0211444444444
0.03230727	0.006910322	0.0483777777778	0.0192222222222
0.02762563	0.003828643	0.0464133333333	0.0191666666667
0.01901514	0.004906656	0.0423577777778	0.0192222222222
0.0336958	0.007549639	0.0565166666667	0.0212333333333
0.02874829	0.01001263	0.0342444444444	0.0205555555556
0.02848881	0.006167439	0.0422777777778	0.0192222222222
0.03250195	0.01208192	0.05594	0.0202
0.02209123	0.005638281	0.0351122222222	0.0215777777778
0.03066308	0.009186428	0.0381555555556	0.0195444444444
0.02825242	0.004392692	0.0566833333333	0.0205666666667
0.03490873	0.004761474	0.0514	0.0194
0.03900316	0.005883383	0.0551444444444	0.0217555555556
0.02795838	0.005388276	0.0511822222222	0.0193777777778
0.0358811	0.005923058	0.0532	0.0196
0.02728491	0.007775511	0.0506466666667	0.0193333333333
0.02401829	0.009049235	0.0352422222222	0.0200777777778
0.03425463	0.007996823	0.0441444444444	0.0191555555556
0.0400727	0.006873276	0.0492122222222	0.0224777777778
0.02381861	0.005200641	0.0565922222222	0.0212777777778
0.0401527	0.008443541	0.0549611111111	0.0198888888889
0.02208734	0.01159504	0.0417977777778	0.0192222222222
0.03661922	0.01090544	0.0568044444444	0.0205555555556
0.0205414	0.005759339	0.0501222222222	0.0192777777778
0.03107982	0.006509195	0.0446022222222	0.0225777777778
0.02320192	0.007309168	0.0444422222222	0.0225777777778
0.02214147	0.007330022	0.0373888888889	0.0196111111111
0.0467299	0.00721446	0.0554777777778	0.0217222222222
0.02635757	0.006930342	0.0495222222222	0.0224777777778
0.04313521	0.008460898	0.0559511111111	0.0215888888889
0.04067032	0.007324394	0.0541588888889	0.0197111111111
0.02701734	0.00567607	0.0367088888889	0.0197111111111
0.03048446	0.008394274	0.0535288888889	0.0196111111111
0.02586539	0.004247356	0.0338755555556	0.0210444444444
0.03829046	0.005928257	0.0568666666667	0.0205333333333
0.04484082	0.008541203	0.0570666666667	0.0207333333333
0.02864209	0.008748941	0.0338677777778	0.0206222222222
0.03776576	0.007149658	0.0566622222222	0.0203777777778
0.03064283	0.007093518	0.0467977777778	0.0191222222222
0.03614462	0.005821559	0.0510377777778	0.0193222222222
0.04183441	0.00678395	0.0538322222222	0.0220777777778
0.02850882	0.00833695	0.0370266666667	0.0196333333333
0.02960822	0.007766655	0.0337155555556	0.0209444444444
0.03525106	0.009617051	0.0554266666667	0.0199333333333
0.03460639	0.01230886	0.0458988888889	0.0226111111111
0.03560745	0.00715538	0.0571888888889	0.0208111111111
0.02780961	0.006247031	0.0478466666667	0.0191333333333
0.02553207	0.006539068	0.0340922222222	0.0203777777778
0.03964135	0.006055217	0.0485344444444	0.0191555555556
0.03195166	0.01149763	0.0340388888889	0.0213111111111
0.03133589	0.007571111	0.0555333333333	0.0217666666667
0.02838364	0.005546278	0.0383533333333	0.0222666666667
0.03829906	0.007130255	0.051	0.0193
0.0249719	0.007132207	0.0343344444444	0.0202555555556
0.02936071	0.008409727	0.03713	0.0196
0.03270805	0.009719765	0.0484155555556	0.0191444444444
0.03467984	0.008685309	0.03964	0.0224
0.01739926	0.007551133	0.0340833333333	0.0213666666667
0.0299682	0.005622231	0.0415522222222	0.0191777777778
0.02688837	0.006432508	0.0395588888889	0.0193111111111
0.0388439	0.005923464	0.0551511111111	0.0218888888889
0.03325754	0.005985276	0.0443822222222	0.0190777777778
0.01499796	0.01049782	0.0345066666667	0.0201333333333
0.02765809	0.008834737	0.05246	0.0223
0.02489129	0.01129783	0.0334777777778	0.0209222222222
0.03350485	0.01259609	0.0441422222222	0.0190777777778
0.03530617	0.01001037	0.0439422222222	0.0190777777778
0.02577811	0.005211152	0.0572455555556	0.0205444444444
0.03108519	0.004874617	0.0572311111111	0.0211888888889
0.03821867	0.004996662	0.0523611111111	0.0193888888889
0.02964837	0.006468493	0.0382888888889	0.0194111111111
0.01535711	0.005881401	0.03339	0.0209
0.03614317	0.004633581	0.0537844444444	0.0221555555556
0.02873102	0.005546809	0.04823	0.0191
0.0224563	0.01063748	0.0573777777778	0.0211222222222
0.02992543	0.006565353	0.0433166666667	0.0226333333333
0.03303678	0.007777214	0.0561577777778	0.0200222222222
0.04018153	0.005530382	0.0428277777778	0.0226222222222
0.03447122	0.0141207	0.0439844444444	0.0226555555556
0.03334056	0.004802223	0.0572555555556	0.0204444444444
0.03428912	0.005248121	0.0573066666667	0.0212333333333
0.03057132	0.01073297	0.0557811111111	0.0198888888889
0.03688157	0.004505997	0.0447466666667	0.0190333333333
0.01110315	0.007315238	0.03334	0.0206
0.03569131	0.006788104	0.0571311111111	0.0213888888889
0.02577408	0.009497478	0.0415177777778	0.0191222222222
0.02889684	0.01141866	0.0500844444444	0.0191555555556
0.04047925	0.006347245	0.0499333333333	0.0225666666667
0.03768459	0.005939371	0.0564955555556	0.0200444444444
0.02457175	0.004919496	0.0355733333333	0.0219666666667
0.03343497	0.007452442	0.0576688888889	0.0211111111111
0.0231234	0.006232289	0.0354155555556	0.0219444444444
0.03691084	0.007035954	0.04666	0.0227
0.02790486	0.00617684	0.0423444444444	0.0190555555556
0.03731914	0.00664624	0.05236	0.0224
0.02711927	0.008484623	0.0431111111111	0.0226888888889
0.02586852	0.0084715	0.0329488888889	0.0209111111111
0.03529963	0.007017096	0.0578066666667	0.0211333333333
0.02800629	0.00641572	0.0511211111111	0.0191888888889
0.03663893	0.006108984	0.0549855555556	0.0196444444444
0.02167718	0.008527488	0.0565022222222	0.0199777777778
0.03372234	0.00776107	0.0567744444444	0.0200555555556
0.03387768	0.006811445	0.05418	0.0222
0.03034173	0.007612755	0.0389955555556	0.0192444444444
0.02439131	0.005023067	0.0365222222222	0.0221777777778
0.04014402	0.01367196	0.0552777777778	0.0220222222222
0.02490783	0.005422691	0.0345111111111	0.0217888888889
0.02200429	0.008606502	0.0344255555556	0.0199444444444
0.03474987	0.006812273	0.0395577777778	0.0225222222222
0.03245737	0.01001808	0.0465122222222	0.0189777777778
0.0247297	0.008903147	0.0420766666667	0.0190333333333
0.03254732	0.007610273	0.0577477777778	0.0204222222222
0.04366482	0.006068979	0.0524066666667	0.0224333333333
0.03967651	0.006153811	0.0562666666667	0.0218333333333
0.02951268	0.007094408	0.05642	0.0218
0.01275157	0.01345956	0.0521055555556	0.0192444444444
0.02923362	0.005413351	0.0416755555556	0.0190444444444
0.0214196	0.004875378	0.0391088888889	0.0192111111111
0.02480776	0.00764585	0.0431577777778	0.0227222222222
0.0401193	0.01217607	0.0577411111111	0.0203888888889
0.03548717	0.007342142	0.0558333333333	0.0197666666667
0.02318965	0.007070807	0.0336666666667	0.0201333333333
0.04017092	0.008971295	0.0470555555556	0.0227444444444
0.02530248	0.005779972	0.0329455555556	0.0204444444444
0.03477315	0.008309164	0.0422588888889	0.0227111111111
0.02076156	0.007645939	0.0366033333333	0.0194666666667
0.02139398	0.01271871	0.0380277777778	0.0224222222222
0.03332995	0.006062285	0.0502922222222	0.0190777777778
0.03217668	0.005115578	0.0485111111111	0.0189888888889
0.02993244	0.004122234	0.0522377777778	0.0192222222222
0.03278091	0.007361151	0.0576744444444	0.0202555555556
0.04193022	0.008519773	0.0561811111111	0.0197888888889
0.02453978	0.008082747	0.0386988888889	0.0192111111111
0.03251648	0.005807937	0.0573077777778	0.0216222222222
0.03494106	0.004806478	0.0457777777778	0.0189222222222
0.0305784	0.006973031	0.0447277777778	0.0189222222222
0.02599975	0.008220122	0.0512177777778	0.0191222222222
0.02314072	0.006995585	0.0325088888889	0.0210111111111
0.03252406	0.006531183	0.0526955555556	0.0192444444444
0.02865549	0.007277826	0.0385888888889	0.0225111111111
0.03969108	0.007457405	0.0566655555556	0.0218444444444
0.02272188	0.008587539	0.0326222222222	0.0204777777778
0.03024102	0.005459121	0.04952	0.019
0.03546069	0.006744312	0.0451	0.0189
0.03696782	0.005660352	0.0470088888889	0.0189111111111
0.03527757	0.007872802	0.0500777777778	0.0190222222222
0.02642626	0.005917308	0.0360622222222	0.0194777777778
0.02824619	0.01238252	0.0430911111111	0.0227888888889
0.03818123	0.005314902	0.0576511111111	0.0215888888889
0.0340821	0.006849002	0.0439788888889	0.0228111111111
0.04304475	0.01186756	0.0574022222222	0.0216777777778
0.04045247	0.008784302	0.0584177777778	0.0205222222222
0.03660387	0.005084443	0.0557666666667	0.0196333333333
0.02928534	0.008831785	0.0469888888889	0.0228111111111
0.03669796	0.009133409	0.0581466666667	0.0203333333333
0.04356331	0.006615345	0.0562722222222	0.0219777777778
0.04066566	0.005975508	0.0431888888889	0.0189111111111
0.03460108	0.008643349	0.0517611111111	0.0225888888889
0.02221466	0.01383374	0.0577944444444	0.0215555555556
0.03940101	0.006634893	0.0541555555556	0.0223444444444
0.02151286	0.006859522	0.0322466666667	0.0210333333333
0.03526075	0.009058977	0.0439111111111	0.0188888888889
0.02993478	0.01009456	0.0580844444444	0.0202555555556
0.03239912	0.00933764	0.0587255555556	0.0208444444444
0.03339261	0.007966271	0.0573255555556	0.0217444444444
0.03543945	0.00794623	0.05516	0.0195
0.02733732	0.009071085	0.03217	0.021
0.04304844	0.005866747	0.0587333333333	0.0207666666667
0.02619747	0.008303247	0.0450533333333	0.0188666666667
0.0305524	0.006681834	0.0343755555556	0.0197444444444
0.02967083	0.007743253	0.0583444444444	0.0203555555556
0.03635007	0.005735957	0.0514822222222	0.0190777777778
0.03717093	0.00705838	0.0540722222222	0.0223777777778
0.02459063	0.008124815	0.0328666666667	0.0215333333333
0.03854713	0.005592006	0.0568777777778	0.0198222222222
0.03734244	0.006613518	0.0586988888889	0.0211111111111
0.030015	0.0097121	0.03904	0.0191
0.02639907	0.007082283	0.0348777777778	0.0196222222222
0.03321427	0.007211222	0.0447344444444	0.0188555555556
0.02919897	0.009636449	0.0355688888889	0.0222111111111
0.03889356	0.008398324	0.0582977777778	0.0214222222222
0.02104963	0.010473	0.03223	0.0205
0.02568925	0.008697241	0.0333666666667	0.0217333333333
0.03815883	0.007746857	0.04846	0.0189
0.01890637	0.008907169	0.04027	0.019
0.04483869	0.006309073	0.0534066666667	0.0192333333333
0.038838	0.005539937	0.0586777777778	0.0212222222222
0.03791334	0.0045496	0.0586777777778	0.0212222222222
0.03987268	0.008278328	0.0557855555556	0.0221444444444
0.02272538	0.008952586	0.0447555555556	0.0188444444444
0.02719371	0.01495651	0.0398577777778	0.0190222222222
0.0432995	0.007730049	0.0562944444444	0.0196555555556
0.02647793	0.007163046	0.0534966666667	0.0192333333333
0.0381958	0.006092182	0.0573888888889	0.0199111111111
0.03025396	0.006505785	0.0554111111111	0.0194888888889
0.02289646	0.006796628	0.0458066666667	0.0188333333333
0.02099542	0.008977543	0.0325988888889	0.0202111111111
0.02523473	0.00909204	0.0573022222222	0.0198777777778
0.0382538	0.01042632	0.0463566666667	0.0188333333333
0.02825955	0.005292767	0.0510688888889	0.0190111111111
0.02334813	0.006898745	0.0341222222222	0.0219777777778
0.02831666	0.006030029	0.0443066666667	0.0188333333333
0.03357528	0.008210599	0.0454677777778	0.0188222222222
0.02366944	0.009717753	0.0318733333333	0.0206666666667
0.03553325	0.007050246	0.0574266666667	0.0218333333333
0.02485609	0.003831384	0.0410377777778	0.0189222222222
0.03173875	0.009348955	0.0589666666667	0.0205333333333
0.02257057	0.005182208	0.03651	0.0193
0.03902351	0.008114923	0.0482355555556	0.0188444444444
0.02969248	0.005177377	0.05369	0.0225
0.03249	0.007532994	0.0519455555556	0.0190444444444
0.02681945	0.004407236	0.0327444444444	0.0200555555556
0.0277383	0.008590001	0.03812	0.0226
0.02963098	0.007040505	0.0591666666667	0.0210333333333
0.0297598	0.007286111	0.03445	0.0221
0.04391843	0.005557549	0.0547222222222	0.0223777777778
0.03897303	0.009782374	0.0498488888889	0.0228111111111
0.02325611	0.006565974	0.0316077777778	0.0209222222222
0.02056596	0.01362739	0.0416133333333	0.0188666666667
0.03420435	0.01150601	0.0581933333333	0.0216666666667
0.03410862	0.009452081	0.0518977777778	0.0190222222222
0.01947259	0.008448715	0.0317255555556	0.0205444444444
0.03016376	0.01229502	0.0572822222222	0.0197777777778
0.03175155	0.008629056	0.05862	0.0215
0.03125731	0.004620807	0.0410411111111	0.0188888888889
0.02730026	0.01027921	0.0520666666667	0.0190333333333
0.0307487	0.007960446	0.0502888888889	0.0189111111111
0.02518749	0.006654883	0.04077	0.0189
0.03085252	0.006898058	0.0588711111111	0.0213888888889
0.02666236	0.00726544	0.0456022222222	0.0187777777778
0.0353938	0.008635422	0.05914	0.0205
0.03421273	0.004210435	0.0459222222222	0.0187777777778
0.03491281	0.009101205	0.0432888888889	0.0229111111111
0.02722342	0.007139305	0.0357844444444	0.0193555555556
0.0372441	0.00731549	0.0389888888889	0.0190111111111
0.02623217	0.005736139	0.0524344444444	0.0190555555556
0.02935227	0.005912085	0.0404188888889	0.0189111111111
0.03168777	0.00738281	0.0386666666667	0.0190333333333
0.03012414	0.006943582	0.0423377777778	0.0188222222222
0.0314072	0.0073173	0.0466222222222	0.0187777777778
0.03732077	0.006781801	0.0576433333333	0.0218666666667
0.0240707	0.005130661	0.0324511111111	0.0200888888889
0.04322827	0.006474045	0.05942	0.0209
0.04005894	0.006409422	0.0594055555556	0.0207444444444
0.02719315	0.007872109	0.0330277777778	0.0218222222222
0.02725436	0.008091216	0.0442655555556	0.0229444444444
0.02165011	0.005183499	0.0409733333333	0.0188666666667
0.03875071	0.006117282	0.0503177777778	0.0228222222222
0.02207492	0.01500194	0.0474122222222	0.0187777777778
0.03915898	0.005994734	0.0509011111111	0.0227888888889
0.02843911	0.01024544	0.0317944444444	0.0203555555556
0.04268894	0.0122495	0.0567688888889	0.0196111111111
0.0418013	0.005851048	0.05797	0.0199
0.0401845	0.005274369	0.0592355555556	0.0204444444444
0.02246008	0.004339162	0.0398377777778	0.0189222222222
0.03377129	0.005204005	0.0423488888889	0.0229111111111
0.02460067	0.007734754	0.0374111111111	0.0225888888889
0.0210909	0.01410521	0.0371933333333	0.0225666666667
0.01553915	0.006860492	0.0359511111111	0.0192888888889
0.03037545	0.007121569	0.0594333333333	0.0211666666667
0.02719003	0.004002586	0.0343866666667	0.0195333333333
0.0315079	0.01043052	0.0443455555556	0.0187444444444
0.03450297	0.004981784	0.0478833333333	0.0187666666667
0.02699249	0.008648886	0.0357488888889	0.0224111111111
0.02565435	0.007101949	0.0516555555556	0.0189444444444
0.03638419	0.004858968	0.0515066666667	0.0189333333333
0.01997713	0.00735514	0.0365	0.0192
0.02035059	0.009849048	0.0394911111111	0.0227888888889
0.02756158	0.01148214	0.0488511111111	0.0187888888889
0.02719514	0.006869602	0.0343888888889	0.0195111111111
0.02834904	0.008059205	0.0467022222222	0.0229777777778
0.02406429	0.009634195	0.0328733333333	0.0218666666667
0.02981004	0.007250195	0.04951	0.0229
0.03049524	0.006643114	0.0483755555556	0.0229444444444
0.01938796	0.009693003	0.0332355555556	0.0197444444444
0.02674677	0.009190045	0.0580744444444	0.0198555555556
0.02617144	0.01158244	0.0311711111111	0.0206888888889
0.03121294	0.005704762	0.05827	0.0218
0.02640597	0.006557474	0.0532733333333	0.0190666666667
0.045954	0.003876423	0.0591011111111	0.0214888888889
0.02958672	0.002588379	0.0331133333333	0.0197666666667
0.02764191	0.008141479	0.0517422222222	0.0227777777778
0.03755196	0.007810858	0.0503655555556	0.0188444444444
0.03330504	0.007429232	0.0595611111111	0.0204888888889
0.02034408	0.004828194	0.0310955555556	0.0209444444444
0.05108634	0.00612594	0.0578033333333	0.0197666666667
0.03149476	0.007739674	0.0591288888889	0.0202111111111
0.03311349	0.005605953	0.0470311111111	0.0229888888889
0.04095005	0.005576779	0.0597444444444	0.0210555555556
0.02508098	0.006602617	0.0311244444444	0.0210555555556
0.02501831	0.008802734	0.0568233333333	0.0221666666667
0.03047539	0.007769395	0.0427555555556	0.0187444444444
0.01464775	0.006760705	0.0414911111111	0.0187888888889
0.04244706	0.005409667	0.05864	0.02
0.0324334	0.009605947	0.0505455555556	0.0188444444444
0.02789471	0.007224499	0.0549755555556	0.0192444444444
0.02182308	0.009306165	0.03425	0.0195
0.03135806	0.008492369	0.0402955555556	0.0188444444444
0.02592662	0.005192126	0.0529977777778	0.0190222222222
0.03123969	0.005366954	0.0523733333333	0.0189666666667
0.03805038	0.006842473	0.0577955555556	0.0197444444444
0.02518858	0.008574806	0.0316888888889	0.0215111111111
0.04152576	0.005546707	0.0595211111111	0.0203888888889
0.04379045	0.009071056	0.0595966666667	0.0204333333333
0.03886052	0.0109141	0.0598955555556	0.0208444444444
0.02690792	0.005744721	0.0527511111111	0.0189888888889
0.03319199	0.0103264	0.0594111111111	0.0202888888889
0.01932229	0.01463296	0.0597566666667	0.0205333333333
0.03558487	0.006264507	0.0373844444444	0.0190555555556
0.0286072	0.0102801	0.0329933333333	0.0219666666667
0.02881466	0.006159001	0.0598177777778	0.0211222222222
0.02246864	0.00564099	0.0310533333333	0.0205666666667
0.03508659	0.008227372	0.0597133333333	0.0204666666667
0.04030732	0.0057469	0.0582755555556	0.0198444444444
0.03113282	0.006268401	0.0599077777778	0.0210222222222
0.03843713	0.006756044	0.0595111111111	0.0213888888889
0.03295477	0.007244108	0.0507122222222	0.0228777777778
0.03146677	0.01242127	0.0553555555556	0.0224444444444
0.02956762	0.006609251	0.0547777777778	0.0225222222222
0.03561498	0.006706366	0.0562688888889	0.0223111111111
0.02947692	0.007548748	0.0309933333333	0.0205666666667
0.03862438	0.007496465	0.0454722222222	0.0186777777778
0.03609011	0.009320351	0.0559455555556	0.0193444444444
0.01450281	0.006647681	0.0320088888889	0.0217111111111
0.02319171	0.009154189	0.0463422222222	0.0186777777778
0.02168579	0.01020725	0.0366388888889	0.0191111111111
0.04617153	0.005140126	0.06005	0.0208
0.0309703	0.007157954	0.05863	0.0218
0.0447304	0.006607265	0.0599088888889	0.0205111111111
0.03386335	0.006577869	0.0599555555556	0.0205444444444
0.04019772	0.00833831	0.0584944444444	0.0218555555556
0.02864031	0.008404251	0.0405111111111	0.0187888888889
0.03176029	0.01542542	0.0485888888889	0.0187111111111
0.03880674	0.009524967	0.0600288888889	0.0211111111111
0.03040952	0.005459774	0.0592377777778	0.0216222222222
0.02396399	0.005868314	0.0458144444444	0.0186555555556
0.02546606	0.005725356	0.0343888888889	0.0223111111111
0.03361792	0.006403315	0.0517455555556	0.0228444444444
0.018884	0.00895686	0.0307888888889	0.0206111111111
0.04254142	0.00797149	0.0554022222222	0.0224777777778
0.04001826	0.0100531	0.0574911111111	0.0195888888889
0.02123751	0.007183553	0.0325666666667	0.0219333333333
0.01741962	0.006995071	0.0357711111111	0.0191888888889
0.02744813	0.004487912	0.0483277777778	0.0230222222222
0.03729765	0.009109009	0.0589255555556	0.0199444444444
0.02295862	0.008617249	0.0463233333333	0.0230666666667
0.02623521	0.005058697	0.03845	0.0189
0.03960249	0.007552334	0.0561477777778	0.0193222222222
0.04786969	0.004414093	0.0522911111111	0.0188888888889
0.03464556	0.009581006	0.0569444444444	0.0222555555556
0.04188287	0.009056436	0.0556355555556	0.0192444444444
0.03696036	0.005415757	0.0593888888889	0.0216111111111
0.0194315	0.006596953	0.0359355555556	0.0191444444444
0.03373509	0.004783754	0.04942	0.023
0.03462442	0.005941417	0.0539966666667	0.0190333333333
0.03937239	0.007316386	0.06015	0.0205
0.01828968	0.005271465	0.0418977777778	0.0230222222222
0.03555854	0.009829671	0.0572277777778	0.0222222222222
0.03927352	0.006754668	0.0597288888889	0.0202111111111
0.023452	0.007965853	0.0343444444444	0.0193555555556
0.02725907	0.007250079	0.03461	0.0224
0.03829445	0.009400164	0.0431433333333	0.0230666666667
0.03605596	0.00658358	0.0589022222222	0.0198777777778
0.01611236	0.01011071	0.0338422222222	0.0222777777778
0.03988871	0.008550397	0.06014	0.0213
0.03582212	0.009495751	0.0603577777778	0.0206222222222
0.04215673	0.004977753	0.0502822222222	0.0229777777778
0.03939946	0.00605169	0.0474466666667	0.0186333333333
0.02640758	0.01288311	0.0479355555556	0.0186444444444
0.0389857	0.005170863	0.0529388888889	0.0189111111111
0.04239743	0.006632114	0.0597666666667	0.0215333333333
0.0215258	0.01047583	0.0306533333333	0.0212666666667
0.0287332	0.01282241	0.0309766666667	0.0202333333333
0.02792899	0.009189067	0.0465788888889	0.0186111111111
0.02848072	0.007185441	0.0571955555556	0.0194444444444
0.02031885	0.009631526	0.0534433333333	0.0227666666667
0.0238138	0.007456853	0.0595444444444	0.0216555555556
0.03057214	0.005272135	0.0384144444444	0.0228555555556
0.04303797	0.007138704	0.0595955555556	0.0216444444444
0.01772665	0.008112182	0.0316322222222	0.0217777777778
0.0193588	0.01522324	0.04998	0.0187
0.04465847	0.0101431	0.0556222222222	0.0191777777778
0.03410865	0.00622863	0.0527233333333	0.0188666666667
0.01972518	0.008856514	0.0378711111111	0.0188888888889
0.02865439	0.007544169	0.0605288888889	0.0206111111111
0.02641494	0.00585877	0.0398455555556	0.0187444444444
0.02002509	0.01020909	0.0305955555556	0.0213444444444
0.03711777	0.004359554	0.0430888888889	0.0186111111111
0.02345385	0.01177203	0.0303066666667	0.0206333333333
0.02984161	0.009336025	0.0502688888889	0.0230111111111
0.02488855	0.005290343	0.0387088888889	0.0188111111111
0.02795411	0.01292593	0.0605555555556	0.0211444444444
0.03054512	0.009844501	0.0352844444444	0.0225555555556
0.03634665	0.01032914	0.0592477777778	0.0218222222222
0.03010333	0.005403877	0.0400477777778	0.0187222222222
0.02530948	0.009034989	0.0337411111111	0.0193888888889
0.0351067	0.007385169	0.0596866666667	0.0200333333333
0.03515045	0.005544338	0.0522688888889	0.0188111111111
0.03005597	0.006702209	0.0548644444444	0.0190555555556
0.03839194	0.00520257	0.0568566666667	0.0193333333333
0.03200298	0.008282753	0.0336288888889	0.0223111111111
0.03540857	0.004831721	0.0529933333333	0.0188666666667
0.02438649	0.01177137	0.0387088888889	0.0229111111111
0.04080317	0.007762821	0.0594177777778	0.0199222222222
0.02491697	0.006707167	0.0391755555556	0.0229444444444
0.03332352	0.009153767	0.0478911111111	0.0185888888889
0.03764234	0.008135547	0.0591188888889	0.0198111111111
0.02904652	0.009229561	0.0376022222222	0.0188777777778
0.02411289	0.005691827	0.03549	0.0191
0.0294576	0.009843881	0.0300577777778	0.0207222222222
0.02951867	0.005544296	0.0461144444444	0.0185555555556
0.03212829	0.01267792	0.0563011111111	0.0224888888889
0.04408473	0.007692801	0.0577866666667	0.0222333333333
0.0242584	0.009833106	0.0529933333333	0.0228666666667
0.03914042	0.00488145	0.0487	0.0186
0.0231557	0.005502546	0.04886	0.0186
0.04152283	0.006084452	0.0589	0.022
0.02999407	0.009408092	0.0571322222222	0.0223777777778
0.02165021	0.003915345	0.0468633333333	0.0231666666667
0.03776993	0.006495727	0.0519055555556	0.0187444444444
0.03012154	0.003614302	0.0450666666667	0.0185333333333
0.02426469	0.007738283	0.0406533333333	0.0230666666667
0.02101292	0.006739552	0.0416888888889	0.0231111111111
0.03862027	0.00872796	0.0492	0.0186
0.02974212	0.01383349	0.0604111111111	0.0214888888889
0.02307356	0.00854046	0.04159	0.0186
0.0217026	0.00934887	0.0385555555556	0.0229444444444
0.02655246	0.01007363	0.0371966666667	0.0228333333333
0.03276523	0.007643449	0.0609322222222	0.0205777777778
0.03737631	0.003957186	0.0480844444444	0.0185555555556
0.02129618	0.008326336	0.0298888888889	0.0206111111111
0.03206843	0.006996514	0.0559377777778	0.0191222222222
0.03390523	0.006644641	0.0412888888889	0.0231111111111
0.03941169	0.006681782	0.0609422222222	0.0211777777778
0.02504322	0.008397845	0.0317277777778	0.0197222222222
0.03088747	0.008438295	0.0479755555556	0.0185444444444
0.02484828	0.0165187	0.0344822222222	0.0191777777778
0.0375074	0.009584552	0.0541	0.0189
0.03074724	0.008198717	0.04974	0.0186
0.02001188	0.009522792	0.0372044444444	0.0228555555556
0.03181825	0.00659521	0.0551	0.019
0.03886021	0.006416147	0.0611777777778	0.0208222222222
0.03977219	0.006061252	0.0593933333333	0.0197666666667
0.03612727	0.0039645	0.0495222222222	0.0185777777778
0.03581717	0.0129923	0.0393766666667	0.0230333333333
0.01464529	0.009720715	0.0314355555556	0.0219444444444
0.02827212	0.007573214	0.0357811111111	0.0189888888889
0.02309421	0.006618675	0.0413222222222	0.0185777777778
0.0386172	0.007760286	0.0606855555556	0.0202444444444
0.03366371	0.01221669	0.0605144444444	0.0201555555556
0.02702849	0.007711381	0.0430677777778	0.0185222222222
0.03327959	0.004580307	0.0509555555556	0.0186444444444
0.03130772	0.00410672	0.0521977777778	0.0187222222222
0.04111739	0.005773081	0.0576444444444	0.0193555555556
0.04079927	0.006662502	0.0572266666667	0.0224333333333
0.04381102	0.009176701	0.0565355555556	0.0225444444444
0.03723284	0.005626499	0.0595466666667	0.0219333333333
0.0314033	0.007498526	0.0608811111111	0.0213888888889
0.02373906	0.00666677	0.0314977777778	0.0197222222222
0.01062011	0.003650089	0.0308688888889	0.0199111111111
0.03883333	0.004966635	0.0606333333333	0.0201666666667
0.02129082	0.008806545	0.04344	0.0185
0.03083836	0.007531134	0.04798	0.0232
0.02782323	0.00825465	0.0385888888889	0.0187111111111
0.03471733	0.004046931	0.0566333333333	0.0191666666667
0.02436558	0.005927174	0.0451922222222	0.0184777777778
0.02661766	0.008953019	0.0335933333333	0.0192666666667
0.03631665	0.006891482	0.0597288888889	0.0219111111111
0.03764889	0.006749538	0.0608322222222	0.0214777777778
0.04011014	0.005501526	0.0610155555556	0.0203444444444
0.02664062	0.006775314	0.0392444444444	0.0230555555556
0.04128503	0.01020427	0.0559244444444	0.0226555555556
0.02966543	0.008444584	0.0336355555556	0.0192444444444
0.02660435	0.006729623	0.0576388888889	0.0193111111111
0.02144669	0.009869189	0.0298977777778	0.0214222222222
0.03146259	0.008294293	0.0534711111111	0.0187888888889
0.0289277	0.007186089	0.0397111111111	0.0230888888889
0.03759333	0.008012867	0.0604377777778	0.0200222222222
0.04292142	0.004932888	0.0606288888889	0.0216111111111
0.02339984	0.01010417	0.0389333333333	0.0186666666667
0.02648829	0.009688695	0.0614744444444	0.0207555555556
0.02639618	0.00553207	0.0590222222222	0.0195777777778
0.02775317	0.006196499	0.0406133333333	0.0185666666667
0.03101818	0.004843803	0.0527911111111	0.0229888888889
0.02872645	0.006874903	0.0460344444444	0.0184555555556
0.02005297	0.01219348	0.0294033333333	0.0206666666667
0.0343756	0.00786934	0.0513977777778	0.0186222222222
0.03398389	0.006390271	0.0473055555556	0.0232444444444
0.03158843	0.00670741	0.0572511111111	0.0224888888889
0.03727636	0.005268716	0.0572577777778	0.0192222222222
0.02663677	0.007586668	0.0327655555556	0.0223444444444
0.04180741	0.006766175	0.0594533333333	0.0196666666667
0.01879028	0.007712431	0.0312888888889	0.0220111111111
0.03952824	0.007003536	0.0599688888889	0.0198111111111
0.0273303	0.009063498	0.0448355555556	0.0184444444444
0.02437223	0.007950487	0.0615833333333	0.0208666666667
0.0344657	0.009700864	0.0461455555556	0.0184444444444
0.02538623	0.005907755	0.0342688888889	0.0191111111111
0.01834145	0.00949115	0.0295022222222	0.0212777777778
0.03560568	0.006244572	0.0564222222222	0.0190777777778
0.03885684	0.008570544	0.0573911111111	0.0224888888889
0.04305927	0.004676	0.0611255555556	0.0202444444444
0.02759462	0.006229219	0.0463266666667	0.0184333333333
0.01848637	0.005342423	0.0327355555556	0.0193444444444
0.04136854	0.006444661	0.0554333333333	0.0227666666667
0.04482768	0.009991681	0.0609	0.0216
0.03279771	0.01025681	0.0370066666667	0.0229333333333
0.03296283	0.007274579	0.0563644444444	0.0226555555556
0.04036148	0.008488489	0.0559488888889	0.0227111111111
0.02191458	0.006631845	0.0315311111111	0.0195888888889
0.01780013	0.009929869	0.0293977777778	0.0204222222222
0.03013405	0.00819896	0.0464911111111	0.0232888888889
0.03161778	0.005527717	0.0591466666667	0.0195333333333
0.02518165	0.009756731	0.0341811111111	0.0190888888889
0.02152716	0.006366439	0.06096	0.0201
0.03738591	0.006657639	0.0598688888889	0.0197111111111
0.02752764	0.007158251	0.0566366666667	0.0226333333333
0.02800879	0.0137336	0.0577433333333	0.0224666666667
0.04217408	0.00414557	0.0617555555556	0.0206444444444
0.02883095	0.006767938	0.0400133333333	0.0231666666667
0.01933263	0.007733726	0.0362977777778	0.0188222222222
0.02740352	0.007598391	0.0366377777778	0.0229222222222
0.03942461	0.01022357	0.0557844444444	0.0227555555556
0.03662723	0.006121438	0.0388088888889	0.0186111111111
0.01180117	0.006877735	0.0338177777778	0.0191222222222
0.03943031	0.007672409	0.0594355555556	0.0221444444444
0.04271412	0.007338479	0.0540044444444	0.0229555555556
0.02821199	0.01095078	0.0502088888889	0.0232111111111
0.03475384	0.01359081	0.0494155555556	0.0232444444444
0.02701834	0.008194548	0.03863	0.0231
0.03198143	0.008531276	0.0449311111111	0.0183888888889
0.02691743	0.007591259	0.0329233333333	0.0224666666667
