root_height	pop_size	pi_net	pi_within
0.02883921	0.01008118	0.0637911111111	0.0181888888889
0.03920724	0.005472778	0.0631511111111	0.0181888888889
0.03186132	0.006062535	0.0630955555556	0.0181444444444
0.03757763	0.009339752	0.0638888888889	0.0182111111111
0.04929782	0.005388363	0.0637755555556	0.0182444444444
0.03151866	0.005681565	0.0636233333333	0.0182666666667
0.02969393	0.00767515	0.0633944444444	0.0180555555556
0.04259291	0.008364386	0.0628622222222	0.0180777777778
0.0355691	0.006717244	0.0628222222222	0.0180777777778
0.04442989	0.009274797	0.06427	0.0181
0.0496077	0.00431929	0.06266	0.0181
0.04034638	0.004579184	0.0636277777778	0.0180222222222
0.04107356	0.007174226	0.0645666666667	0.0181333333333
0.04193056	0.01187141	0.0623688888889	0.0182111111111
0.03816969	0.008884874	0.0625233333333	0.0180666666667
0.03909719	0.01097361	0.0635711111111	0.0179888888889
0.02534229	0.009128975	0.0637611111111	0.0179888888889
0.04634941	0.007222607	0.0622511111111	0.0181888888889
0.04699328	0.007205019	0.0622577777778	0.0181222222222
0.02930602	0.007167776	0.0628666666667	0.0183333333333
0.02854105	0.008155914	0.0640555555556	0.0183444444444
0.026926	0.006727159	0.0625288888889	0.0180111111111
0.03483444	0.00530652	0.0632822222222	0.0183777777778
0.02343428	0.007015007	0.0632955555556	0.0179444444444
0.0408254	0.00693316	0.0648333333333	0.0182666666667
0.03986587	0.010019	0.0640222222222	0.0183777777778
0.03929294	0.005118551	0.0624755555556	0.0183444444444
0.03333609	0.007049874	0.0642744444444	0.0179555555556
0.03893662	0.004766524	0.0647888888889	0.0183111111111
0.03243451	0.006926909	0.0647377777778	0.0183222222222
0.0289829	0.00765267	0.0619	0.0181
0.02498509	0.007690575	0.0629466666667	0.0179333333333
0.0380411	0.008167577	0.0619111111111	0.0180888888889
0.03495667	0.00540391	0.0631288888889	0.0184111111111
0.03958658	0.00676405	0.0628666666667	0.0179333333333
0.03891487	0.005594005	0.0618022222222	0.0181777777778
0.03399063	0.006312383	0.06328	0.0179
0.03457961	0.006389202	0.0649611111111	0.0179888888889
0.03692933	0.008399725	0.0653933333333	0.0180666666667
0.032834	0.006758858	0.0615955555556	0.0180444444444
0.03903036	0.006499206	0.0618933333333	0.0183666666667
0.03802741	0.006193661	0.0650833333333	0.0183666666667
0.02820303	0.007865266	0.0636444444444	0.0178555555556
0.04941085	0.007829298	0.06208	0.0184
0.04079427	0.008542092	0.0655444444444	0.0182555555556
0.03365876	0.008050018	0.0617933333333	0.0179666666667
0.041054	0.005847166	0.0621577777778	0.0184222222222
0.02512805	0.00468629	0.0614711111111	0.0182888888889
0.03376118	0.005966053	0.0628344444444	0.0178555555556
0.04516888	0.008626783	0.06536	0.018
0.02668704	0.01011487	0.0640511111111	0.0184888888889
0.0400114	0.009164372	0.0639666666667	0.0178333333333
0.04392044	0.005081935	0.0656455555556	0.0180444444444
0.04127991	0.007363787	0.0640188888889	0.0185111111111
0.04746601	0.004944074	0.0611044444444	0.0181555555556
0.03431024	0.007976682	0.0632977777778	0.0185222222222
0.02806177	0.007969862	0.0612311111111	0.0182888888889
0.04215864	0.006829417	0.06574	0.0183
0.04036761	0.007762702	0.0659811111111	0.0181888888889
0.04289338	0.009170006	0.0644777777778	0.0185222222222
0.04226371	0.006871659	0.0659944444444	0.0182555555556
0.04060116	0.006564084	0.0660677777778	0.0182222222222
0.04147226	0.005353779	0.0649	0.0185
0.04002782	0.01123237	0.0616744444444	0.0184555555556
0.03721377	0.004778276	0.0659388888889	0.0180111111111
0.03449965	0.008208591	0.0609688888889	0.0180111111111
0.04238707	0.006475472	0.0609811111111	0.0179888888889
0.04065237	0.008082921	0.06086	0.0183
0.03675522	0.004571892	0.06136	0.0179
0.0328401	0.0123408	0.0644444444444	0.0185555555556
0.03377469	0.008112722	0.0654944444444	0.0184555555556
0.02715474	0.004959721	0.0622611111111	0.0177888888889
0.03454608	0.007778525	0.06113	0.0184
0.03685448	0.006391566	0.0653755555556	0.0178444444444
0.03898758	0.003732734	0.0661977777778	0.0180222222222
0.0344035	0.004858689	0.0662933333333	0.0182666666667
0.03562725	0.005335465	0.0612	0.0179
0.03751639	0.006363882	0.0661888888889	0.0180111111111
0.04322046	0.006159738	0.0618188888889	0.0178111111111
0.04052947	0.004726509	0.0630566666667	0.0177333333333
0.03688283	0.007565556	0.0656544444444	0.0178555555556
0.03274935	0.005881726	0.0607344444444	0.0183555555556
0.04424265	0.008139377	0.0626166666667	0.0177333333333
0.03529291	0.007450841	0.0616866666667	0.0185333333333
0.03411929	0.008631156	0.06138	0.0185
0.01908898	0.006670573	0.0604288888889	0.0182111111111
0.0445033	0.005750528	0.0604844444444	0.0180555555556
0.04153103	0.004863937	0.0607222222222	0.0183777777778
0.04358293	0.006670359	0.0660111111111	0.0178888888889
0.03135244	0.004571781	0.0612777777778	0.0178222222222
0.03128774	0.006615422	0.06144	0.0178
0.03544191	0.008193657	0.0619211111111	0.0185888888889
0.04295616	0.005129503	0.0645888888889	0.0177111111111
0.03097676	0.006034957	0.0629111111111	0.0176888888889
0.03986321	0.005442861	0.0661911111111	0.0178888888889
0.03844349	0.009097629	0.0605511111111	0.0183888888889
0.02143668	0.005747967	0.0643111111111	0.0176888888889
0.03285989	0.003628339	0.0663177777778	0.0184222222222
0.04315815	0.007226291	0.0658777777778	0.0178222222222
0.06093623	0.003507188	0.06465	0.0177
0.0400736	0.005822927	0.0661444444444	0.0178555555556
0.03959564	0.007477745	0.0662133333333	0.0184666666667
0.04294078	0.007381515	0.0615911111111	0.0185888888889
0.04116773	0.005961624	0.0640933333333	0.0186666666667
0.02955177	0.007657549	0.0668911111111	0.0181888888889
0.04924179	0.004859697	0.0657444444444	0.0185555555556
0.03431605	0.006855126	0.0606633333333	0.0178666666667
0.04847431	0.00616596	0.0618377777778	0.0186222222222
0.03995238	0.01497687	0.0646944444444	0.0186555555556
0.04350162	0.004995509	0.0608577777778	0.0178222222222
0.03378066	0.006032124	0.06598	0.0178
0.03464814	0.006809062	0.0669344444444	0.0182555555556
0.03570181	0.007014716	0.0652777777778	0.0186222222222
0.04108215	0.005333398	0.0651666666667	0.0186333333333
0.04179498	0.009577513	0.0601311111111	0.0179888888889
0.04058287	0.005298354	0.0628111111111	0.0186888888889
0.03960928	0.01013448	0.0600866666667	0.0183333333333
0.04161872	0.003963593	0.0614988888889	0.0186111111111
0.04678976	0.007059831	0.0666277777778	0.0184222222222
0.03622701	0.005999147	0.0621133333333	0.0176666666667
0.04971267	0.00640315	0.06283	0.0187
0.04283297	0.006273779	0.0670644444444	0.0180555555556
0.03878052	0.006532174	0.0671611111111	0.0181888888889
0.03665801	0.01128844	0.0606766666667	0.0185333333333
0.04803159	0.006112065	0.0666333333333	0.0178666666667
0.03479843	0.009162212	0.0638977777778	0.0187222222222
0.03237948	0.007880904	0.0616222222222	0.0176777777778
0.03253276	0.006186533	0.0609555555556	0.0177444444444
0.03137219	0.009097639	0.0600066666667	0.0179333333333
0.03875809	0.005950331	0.0646177777778	0.0176222222222
0.01768376	0.007063296	0.0604288888889	0.0185111111111
0.03052188	0.006324898	0.0600866666667	0.0184333333333
0.03542981	0.009426163	0.0633611111111	0.0175888888889
0.03727947	0.005325196	0.06271	0.0176
0.03063747	0.00689668	0.0595888888889	0.0181111111111
0.03598436	0.004183823	0.0659488888889	0.0177111111111
0.04716491	0.009182943	0.0671111111111	0.0183888888889
0.04345112	0.007397608	0.06177	0.0187
0.03465937	0.007318863	0.0602577777778	0.0178222222222
0.04455395	0.006733389	0.0667377777778	0.0178222222222
0.04016922	0.006298313	0.0595333333333	0.0180666666667
0.03645146	0.003697163	0.0653266666667	0.0176333333333
0.03726051	0.007931706	0.0609466666667	0.0186333333333
0.02835657	0.004956701	0.0612433333333	0.0176666666667
0.04611313	0.006069827	0.0675222222222	0.0181777777778
0.04070026	0.00353821	0.0647211111111	0.0175888888889
0.04443576	0.00747637	0.0673233333333	0.0179666666667
0.03219463	0.003981353	0.0600155555556	0.0178444444444
0.02734188	0.004447774	0.0606066666667	0.0177333333333
0.03603959	0.01361219	0.0596755555556	0.0179444444444
0.03814788	0.005133676	0.0674133333333	0.0183666666667
0.04434362	0.007789047	0.0645733333333	0.0187666666667
0.03433182	0.006967119	0.0596466666667	0.0184333333333
0.03268254	0.00606978	0.06333	0.0188
0.03238945	0.006372495	0.0651322222222	0.0175777777778
0.0466022	0.007193819	0.0668133333333	0.0185666666667
0.03873001	0.006629458	0.0612077777778	0.0176222222222
0.04204147	0.008639107	0.0660944444444	0.0176555555556
0.0481681	0.006404166	0.0665477777778	0.0186222222222
0.04164896	0.004628191	0.0629777777778	0.0175222222222
0.03824333	0.006470123	0.0616222222222	0.0175777777778
0.02852297	0.008596496	0.0592666666667	0.0183333333333
0.04135964	0.009376931	0.0651933333333	0.0175666666667
0.02643377	0.01238559	0.0611777777778	0.0187222222222
0.04322776	0.008880148	0.0597477777778	0.0178222222222
0.04169691	0.007620754	0.06728	0.0185
0.04552926	0.005877926	0.0660866666667	0.0176333333333
0.03692551	0.005671486	0.0611666666667	0.0187333333333
0.04584124	0.005504628	0.0643577777778	0.0188222222222
0.03165181	0.008610828	0.0653022222222	0.0187777777778
0.05620645	0.006573564	0.0677822222222	0.0179777777778
0.03161484	0.006205873	0.0679588888889	0.0181111111111
0.04546959	0.008233506	0.0603111111111	0.0176888888889
0.03945694	0.01037195	0.0597822222222	0.0177777777778
0.0351164	0.007543444	0.0648777777778	0.0175222222222
0.03814386	0.0048211	0.0589444444444	0.0181555555556
0.03003348	0.008544858	0.0598222222222	0.0185777777778
0.0360689	0.00721407	0.0595088888889	0.0185111111111
0.03101725	0.00767465	0.0666333333333	0.0176666666667
0.03298442	0.006411972	0.0616666666667	0.0175333333333
0.03207244	0.006725103	0.0588866666667	0.0182333333333
0.04049006	0.008128138	0.0622666666667	0.0188333333333
0.04514307	0.008699346	0.0670277777778	0.0177222222222
0.04249472	0.005532994	0.0617577777778	0.0175222222222
0.03855384	0.00739879	0.0628722222222	0.0174777777778
0.04329835	0.00831202	0.06073	0.0176
0.03417649	0.006119722	0.05972	0.0186
0.04917135	0.01001799	0.06824	0.0181
0.03858647	0.009608693	0.0668244444444	0.0176555555556
0.03354589	0.009536731	0.0622044444444	0.0188555555556
0.0432433	0.005708158	0.0681044444444	0.0183555555556
0.03290935	0.006096754	0.0641222222222	0.0188777777778
0.02920846	0.005529248	0.0601022222222	0.0186777777778
0.03187262	0.005516479	0.0599422222222	0.0176777777778
0.04266971	0.01344639	0.0592877777778	0.0185222222222
0.03240295	0.006278564	0.0637155555556	0.0174444444444
0.03920367	0.008800295	0.0676255555556	0.0185444444444
0.03528703	0.005804811	0.0677266666667	0.0185333333333
0.02909485	0.008098038	0.0587244444444	0.0183555555556
0.0435747	0.009470642	0.0663533333333	0.0187666666667
0.04291478	0.005988859	0.0665711111111	0.0175888888889
0.03399663	0.006230973	0.0588177777778	0.0184222222222
0.04162434	0.006489414	0.0682944444444	0.0183555555556
0.03492772	0.006802689	0.0657266666667	0.0188333333333
0.03592358	0.009763119	0.0683877777778	0.0180222222222
0.04286399	0.007127107	0.0619444444444	0.0174555555556
0.0277412	0.007406311	0.06788	0.0178
0.04428587	0.0057133	0.06235	0.0189
0.03502981	0.008453818	0.0592622222222	0.0185777777778
0.04480655	0.005666547	0.0658666666667	0.0188333333333
0.04328874	0.004684901	0.0685466666667	0.0182333333333
0.03468028	0.005488782	0.0678622222222	0.0177777777778
0.04156504	0.00799669	0.0679977777778	0.0185222222222
0.03132273	0.005430264	0.0583888888889	0.0182111111111
0.04236509	0.0060239	0.06636	0.0188
0.03326289	0.006854267	0.0657444444444	0.0188555555556
0.03722907	0.008286797	0.0583255555556	0.0181444444444
0.03374617	0.008792075	0.06778	0.0186
0.0413675	0.007714076	0.05934	0.0177
0.03428157	0.006915286	0.0686733333333	0.0181666666667
0.04189021	0.006146142	0.0587555555556	0.0178444444444
0.04415657	0.005730922	0.0686444444444	0.0180555555556
0.04245329	0.005152784	0.0686955555556	0.0182444444444
0.03633984	0.007907424	0.0653366666667	0.0174333333333
0.04716715	0.003771653	0.0642111111111	0.0173888888889
0.05187926	0.004987156	0.0684588888889	0.0179111111111
0.04036203	0.005754504	0.0584888888889	0.0179111111111
0.03849591	0.009353676	0.0684044444444	0.0184555555556
0.04039363	0.005896443	0.0599222222222	0.0175777777778
0.04538085	0.007243544	0.0670922222222	0.0175777777778
0.0380137	0.004953796	0.0636833333333	0.0173666666667
0.02545915	0.005058494	0.0675611111111	0.0186888888889
0.04089693	0.006462245	0.0596666666667	0.0187333333333
0.03923859	0.004939233	0.0585411111111	0.0184888888889
0.04344691	0.003843321	0.0685511111111	0.0178888888889
0.04437215	0.005045543	0.0627333333333	0.0173666666667
0.04134355	0.005749388	0.0644433333333	0.0173666666667
0.03677409	0.009038415	0.0639844444444	0.0173555555556
0.04185799	0.003402681	0.0688933333333	0.0180666666667
0.03788083	0.006508683	0.0617855555556	0.0189444444444
0.04290192	0.008958549	0.0654	0.0174
0.03791482	0.005026872	0.0642222222222	0.0189777777778
0.05001833	0.005442996	0.0665555555556	0.0188444444444
0.03925795	0.007546075	0.0581644444444	0.0179555555556
0.03855969	0.006260057	0.0663733333333	0.0174666666667
0.03390972	0.005694246	0.0631455555556	0.0173444444444
0.04069348	0.01008535	0.0644822222222	0.0189777777778
0.04307277	0.00625693	0.0684788888889	0.0178111111111
0.04439861	0.008165098	0.0690177777778	0.0182222222222
0.02981784	0.006144795	0.05923	0.0187
0.03851035	0.01045422	0.0689866666667	0.0180333333333
0.04486721	0.007813511	0.0645411111111	0.0189888888889
0.03185306	0.009798909	0.0591466666667	0.0176333333333
0.03393728	0.006509938	0.0580422222222	0.0183777777778
0.03314387	0.007558465	0.0580022222222	0.0179777777778
0.03150342	0.005190392	0.0644066666667	0.0173333333333
0.04162369	0.01025737	0.0669355555556	0.0188444444444
0.03413384	0.004009221	0.0674844444444	0.0175555555556
0.0337924	0.007787152	0.0582788888889	0.0178111111111
0.02862164	0.00543524	0.05784	0.018
0.03610896	0.00701138	0.0675111111111	0.0187888888889
0.02307152	0.005305769	0.0635	0.0173
0.04408671	0.008775717	0.0686333333333	0.0177666666667
0.03602991	0.006877838	0.0584111111111	0.0185888888889
0.04222993	0.005731278	0.0615955555556	0.0173444444444
0.0344189	0.005576126	0.0623888888889	0.0173111111111
0.04420926	0.003662891	0.0692888888889	0.0183111111111
0.0466002	0.008408597	0.0674288888889	0.0175111111111
0.04708807	0.007219388	0.0576055555556	0.0182444444444
0.03932882	0.006053592	0.0671722222222	0.0174777777778
0.03135549	0.007510122	0.0685888888889	0.0186111111111
0.04020971	0.01167319	0.0600611111111	0.0188888888889
0.03921808	0.005515187	0.0652777777778	0.0173222222222
0.04547946	0.006616131	0.0691877777778	0.0179222222222
0.03626468	0.006898109	0.0663511111111	0.0173888888889
0.03727179	0.006279611	0.0621266666667	0.0190333333333
0.04230152	0.004369294	0.0691222222222	0.0178777777778
0.04098494	0.009854386	0.06208	0.0173
0.04022709	0.009644191	0.0640544444444	0.0190555555556
0.02878136	0.006477676	0.0683311111111	0.0186888888889
0.02117561	0.006715649	0.0666777777778	0.0189222222222
0.03153071	0.007375422	0.0582777777778	0.0177222222222
0.02987082	0.005689331	0.0575	0.0181
0.041196	0.007748911	0.0637333333333	0.0190666666667
0.03571939	0.008154637	0.0630433333333	0.0172666666667
0.04317628	0.006894155	0.0586	0.0187
0.03229782	0.005474979	0.0652266666667	0.0190333333333
0.04305863	0.00592151	0.0602466666667	0.0189333333333
0.03064579	0.006035901	0.0650111111111	0.0172888888889
0.03763338	0.005444165	0.06103	0.019
0.03989268	0.006440942	0.0689444444444	0.0177555555556
0.05170478	0.007832316	0.0672355555556	0.0174444444444
0.04675761	0.008105933	0.0689155555556	0.0177444444444
0.03221769	0.005513782	0.0573966666667	0.0180333333333
0.03604526	0.009061649	0.0696422222222	0.0181777777778
0.03415119	0.006571572	0.06938	0.0179
0.04375012	0.006242219	0.0599488888889	0.0174111111111
0.0435905	0.004900471	0.0695777777778	0.0180222222222
0.03593391	0.006970181	0.0634255555556	0.0172444444444
0.05624213	0.006779468	0.0693022222222	0.0184777777778
0.03183757	0.007942016	0.0579755555556	0.0177444444444
0.04501986	0.008487551	0.0696933333333	0.0181666666667
0.04374048	0.004633827	0.0603133333333	0.0173666666667
0.04027385	0.01108186	0.0573711111111	0.0179888888889
0.03940882	0.005668094	0.0673666666667	0.0174333333333
0.03714242	0.005234718	0.0589377777778	0.0175222222222
0.04434483	0.004640222	0.0694333333333	0.0178666666667
0.03361405	0.007384976	0.0578711111111	0.0185888888889
0.04362622	0.006859883	0.0679266666667	0.0188333333333
0.02559143	0.00696581	0.0592733333333	0.0174666666667
0.04327527	0.00819367	0.0605466666667	0.0173333333333
0.03664867	0.008449664	0.0673488888889	0.0189111111111
0.04419928	0.00755565	0.0578977777778	0.0186222222222
0.03688259	0.006860262	0.0578488888889	0.0186111111111
0.02320867	0.006546406	0.0585333333333	0.0187666666667
0.04503449	0.003921713	0.0696266666667	0.0184333333333
0.02911577	0.005331945	0.0607666666667	0.0190333333333
0.03464876	0.007727381	0.0570922222222	0.0180777777778
0.03849103	0.006440237	0.0582488888889	0.0176111111111
0.0431851	0.008146074	0.06506	0.0191
0.03992269	0.004164085	0.0625788888889	0.0172111111111
0.0380907	0.008866416	0.0698688888889	0.0183111111111
0.04163981	0.005475071	0.06994	0.0182
0.0433517	0.006455031	0.06946	0.0178
0.03614063	0.0066451	0.06181	0.0191
0.03801129	0.007660024	0.0689722222222	0.0186777777778
0.03834631	0.007336554	0.06386	0.0172
0.04469314	0.006287909	0.06393	0.0172
0.03648632	0.00679873	0.0662311111111	0.0172888888889
0.03634075	0.007260256	0.0602988888889	0.0190111111111
0.03166338	0.005891674	0.0645888888889	0.0172111111111
0.0318964	0.006368674	0.0608222222222	0.0172777777778
0.03801758	0.007927355	0.0647888888889	0.0172111111111
0.04157901	0.004726224	0.0694433333333	0.0177666666667
0.0390918	0.005794092	0.0633111111111	0.0171888888889
0.03958616	0.006326428	0.0605811111111	0.0172888888889
0.03986121	0.005040524	0.0629511111111	0.0171888888889
0.03789131	0.005680701	0.06471	0.0172
0.04575649	0.0106288	0.0658055555556	0.0172444444444
0.0409975	0.007704852	0.0698211111111	0.0178888888889
0.0346235	0.007023665	0.0605644444444	0.0190555555556
0.0406007	0.00457214	0.0700844444444	0.0182555555556
0.0416089	0.00650858	0.0572577777778	0.0178222222222
0.0342065	0.005948689	0.0646111111111	0.0171888888889
0.0368854	0.005946424	0.0594422222222	0.0173777777778
0.03662532	0.008143572	0.0659755555556	0.0172444444444
0.03602011	0.005716967	0.0572966666667	0.0185333333333
0.03764547	0.007635985	0.0568888888889	0.0180111111111
0.03577019	0.007085082	0.0605933333333	0.0172666666667
0.04215743	0.007162685	0.0604422222222	0.0172777777778
0.04211527	0.00878828	0.0687822222222	0.0187777777778
0.0446243	0.006661888	0.0666222222222	0.0172777777778
0.04341679	0.00557143	0.0697155555556	0.0185444444444
0.03546989	0.003795984	0.0618511111111	0.0171888888889
0.03005584	0.003935393	0.0610777777778	0.0172222222222
0.0385363	0.005809	0.0614866666667	0.0191333333333
0.03819048	0.00949	0.0693344444444	0.0176555555556
0.04588783	0.006437964	0.0594122222222	0.0189777777778
0.03991947	0.004154876	0.0627444444444	0.0171555555556
0.04293655	0.007841472	0.0627322222222	0.0191777777778
0.03075325	0.005629184	0.0573777777778	0.0186222222222
0.04283462	0.007064011	0.0620733333333	0.0191666666667
0.03542824	0.005199618	0.0634355555556	0.0171444444444
0.04128316	0.007652316	0.0635711111111	0.0191888888889
0.0264134	0.008769268	0.0619133333333	0.0191666666667
0.04643969	0.009297125	0.0679911111111	0.0173888888889
0.03586404	0.004035248	0.0674177777778	0.0173222222222
0.0516414	0.005428863	0.0618533333333	0.0191666666667
0.03669909	0.005316231	0.0654222222222	0.0171777777778
0.04982048	0.0100183	0.0625911111111	0.0191888888889
0.04731151	0.004511302	0.0683566666667	0.0174333333333
0.04984037	0.006294857	0.0657555555556	0.0191444444444
0.02490944	0.005932042	0.0566188888889	0.0180111111111
0.03526452	0.005492939	0.0685422222222	0.0188777777778
0.03769807	0.005481316	0.0578133333333	0.0175666666667
0.03938075	0.005779952	0.0565466666667	0.0182333333333
0.04712981	0.007439194	0.0703777777778	0.0180222222222
0.03722508	0.006143995	0.0593777777778	0.0173222222222
0.04514854	0.006027696	0.0624666666667	0.0171333333333
0.04002516	0.01042448	0.0617244444444	0.0171555555556
0.03851639	0.006170265	0.0704777777778	0.0181222222222
0.02415289	0.005889063	0.0598933333333	0.0190666666667
0.04278812	0.007609947	0.0658844444444	0.0191555555556
0.03317768	0.005177818	0.0671333333333	0.0172666666667
0.04317493	0.007440579	0.0643777777778	0.0171222222222
0.04305927	0.005554849	0.0673755555556	0.0190444444444
0.04877667	0.01305341	0.0633077777778	0.0192222222222
0.04816873	0.007794009	0.06494	0.0192
0.03739191	0.01005866	0.0567666666667	0.0178333333333
0.03963571	0.008047015	0.0629977777778	0.0192222222222
0.04209673	0.006571907	0.0677588888889	0.0190111111111
0.04066439	0.006269682	0.0701977777778	0.0178222222222
0.03898537	0.005497794	0.0705777777778	0.0182222222222
0.03658026	0.00709409	0.0564466666667	0.0183333333333
0.02245769	0.01062193	0.0566544444444	0.0178555555556
0.04083391	0.01110783	0.0704566666667	0.0179333333333
0.03308084	0.005638699	0.0563222222222	0.0181777777778
0.04501076	0.004681123	0.0656111111111	0.0191888888889
0.0439512	0.01157713	0.0588955555556	0.0173444444444
0.03484106	0.005806537	0.0607222222222	0.0171777777778
0.04144193	0.00893094	0.0702888888889	0.0185111111111
0.03475412	0.00633652	0.0626	0.0171
0.04790334	0.005746418	0.0706844444444	0.0181555555556
0.03853204	0.005646737	0.0637511111111	0.0170888888889
0.03197961	0.007024562	0.0564677777778	0.0184222222222
0.03948837	0.008578347	0.0705366666667	0.0179333333333
0.03757501	0.005928074	0.0707122222222	0.0181777777778
0.03263806	0.006652598	0.0562211111111	0.0181888888889
0.0436103	0.0106045	0.07058	0.0184
0.03623851	0.005157638	0.0562611111111	0.0182888888889
0.03803095	0.004236569	0.0681466666667	0.0173333333333
0.03418988	0.008187512	0.05832	0.0174
0.03616039	0.009909847	0.0562766666667	0.0183333333333
0.02633806	0.007583315	0.0645911111111	0.0170888888889
0.03154108	0.007723684	0.0702744444444	0.0177555555556
0.03338772	0.008164822	0.0621455555556	0.0192444444444
0.04131256	0.004904353	0.0578333333333	0.0174666666667
0.02228382	0.008469781	0.0668255555556	0.0191444444444
0.03592566	0.007292761	0.0561977777778	0.0180222222222
0.0412027	0.003887523	0.07078	0.0183
0.03743424	0.005650506	0.0652666666667	0.0192333333333
0.04411023	0.007960691	0.0636233333333	0.0192666666667
0.03595516	0.00642491	0.0668755555556	0.0191444444444
0.03544323	0.006926438	0.06935	0.0175
0.04062517	0.009395928	0.0562877777778	0.0179222222222
0.02864779	0.005077741	0.0566044444444	0.0177555555556
0.03541238	0.008362496	0.0563111111111	0.0178888888889
0.02995107	0.008057804	0.0561733333333	0.0179666666667
0.03302602	0.01318243	0.0665722222222	0.0191777777778
0.0399815	0.005640098	0.0645733333333	0.0192666666667
0.0492072	0.004483724	0.0637844444444	0.0170555555556
0.03758434	0.006827111	0.0655966666667	0.0192333333333
0.03272288	0.009078638	0.0576933333333	0.0188666666667
0.04973658	0.0092581	0.0709333333333	0.0181666666667
0.04939597	0.009921157	0.06817	0.0173
0.04708131	0.005577657	0.0706411111111	0.0184888888889
0.04375998	0.008219589	0.0678222222222	0.0190777777778
0.04064189	0.006324266	0.0610088888889	0.0171111111111
0.04048611	0.004493606	0.0590333333333	0.0172666666667
0.03422396	0.005700787	0.0637555555556	0.0170444444444
0.04987329	0.007090619	0.0706488888889	0.0185111111111
0.03977888	0.01308403	0.0664766666667	0.0171333333333
0.0332619	0.007995783	0.0659	0.0171
0.03030831	0.006985518	0.0560077777778	0.0180222222222
0.04627978	0.005679637	0.0647422222222	0.0192777777778
0.03606791	0.005212037	0.0621444444444	0.0170555555556
0.03133025	0.004975225	0.0698933333333	0.0187666666667
0.04779978	0.004684872	0.0568	0.0187
0.0452974	0.004811654	0.0710577777778	0.0181222222222
0.038375	0.005608609	0.0688533333333	0.0173666666667
0.04252403	0.007616797	0.0694044444444	0.0174555555556
0.03594705	0.005390701	0.0596111111111	0.0171888888889
0.03131561	0.007783662	0.0567877777778	0.0176222222222
0.03341076	0.008054371	0.0567366666667	0.0176333333333
0.04012853	0.01397529	0.0587833333333	0.0172666666667
0.03090815	0.00775987	0.06984	0.0188
0.04240852	0.006598114	0.06625	0.0171
0.0439287	0.008703866	0.0588444444444	0.0172555555556
0.0377843	0.006351	0.0650255555556	0.0170444444444
0.03601345	0.004508589	0.0560444444444	0.0184555555556
0.04371997	0.003654357	0.0704133333333	0.0176666666667
0.04033986	0.007279797	0.0691555555556	0.0189444444444
0.05260113	0.007292284	0.0697666666667	0.0188333333333
0.02954922	0.00788742	0.0658333333333	0.0170666666667
0.04165389	0.004432572	0.0633188888889	0.0170111111111
0.03666707	0.00427827	0.0589877777778	0.0172222222222
0.03759862	0.006116872	0.0562222222222	0.0185777777778
0.04169589	0.006657914	0.0621977777778	0.0170222222222
0.05464327	0.006168042	0.0672155555556	0.0171444444444
0.0377213	0.006502647	0.06318	0.017
0.0328406	0.009589823	0.0609444444444	0.0170555555556
0.03618547	0.00683115	0.0690955555556	0.0173444444444
0.04367548	0.007329241	0.0713244444444	0.0180555555556
0.02752726	0.007039985	0.0632511111111	0.0169888888889
0.02908472	0.007032729	0.0575555555556	0.0189444444444
0.03509224	0.004277637	0.06462	0.017
0.02898531	0.01398265	0.0619177777778	0.0193222222222
0.03094832	0.007932582	0.0713666666667	0.0182333333333
0.0369746	0.00448475	0.0562511111111	0.0176888888889
0.04181487	0.008736686	0.0684411111111	0.0190888888889
0.0373663	0.004464216	0.06214	0.017
0.031875	0.004695555	0.0667955555556	0.0192444444444
0.04867362	0.005529117	0.0712811111111	0.0183888888889
0.03491473	0.01246744	0.0704211111111	0.0175888888889
0.04140681	0.005413218	0.0624111111111	0.0169888888889
0.01879585	0.007298057	0.0682177777778	0.0191222222222
0.04740082	0.006726506	0.06916	0.019
0.0248668	0.01144811	0.0555244444444	0.0181555555556
0.04701958	0.004155354	0.0638222222222	0.0169777777778
0.04412962	0.004294009	0.0712777777778	0.0184222222222
0.04010821	0.006652678	0.0700611111111	0.0174888888889
0.02950543	0.005217714	0.05548	0.0182
0.0372832	0.007497652	0.06981	0.0189
0.04063032	0.006485467	0.0557555555556	0.0178444444444
0.03917424	0.009262376	0.0559133333333	0.0185666666667
0.0414395	0.008995747	0.0635033333333	0.0169666666667
0.03435341	0.005842098	0.0579266666667	0.0190333333333
0.0415506	0.005032847	0.0661666666667	0.0170333333333
0.02151668	0.004605574	0.0587	0.0172
0.03636706	0.006454496	0.0554188888889	0.0181111111111
0.03586395	0.006184237	0.0617311111111	0.0169888888889
0.03387206	0.007397455	0.07074	0.0187
0.03782912	0.004218878	0.0553988888889	0.0182111111111
0.03682366	0.006225102	0.0568222222222	0.0174777777778
0.04513037	0.008716181	0.0693177777778	0.0173222222222
0.03248769	0.01033259	0.0679922222222	0.0191777777778
0.02418717	0.007114914	0.0554	0.0183
0.03689168	0.007621183	0.0576288888889	0.0190111111111
0.03822486	0.009269709	0.0655111111111	0.0169888888889
0.03487647	0.006782053	0.0655111111111	0.0169888888889
0.04378352	0.006150979	0.0627022222222	0.0193777777778
0.02930953	0.01273891	0.0642844444444	0.0169555555556
0.03505213	0.005788365	0.0578311111111	0.0172888888889
0.04603184	0.008748457	0.0716111111111	0.0182888888889
0.03543704	0.007909359	0.0671822222222	0.0170777777778
0.0312723	0.006806198	0.05532	0.0181
0.0391299	0.006127839	0.0636755555556	0.0169444444444
0.04969849	0.006469446	0.0556955555556	0.0185444444444
0.04177696	0.006783531	0.0690433333333	0.0190666666667
0.03444887	0.006557912	0.066	0.017
0.03202278	0.009360053	0.0711077777778	0.0186222222222
0.03042387	0.01320717	0.0717011111111	0.0181888888889
0.03903103	0.007237076	0.06756	0.0171
0.03729333	0.004973524	0.0577255555556	0.0190444444444
0.02925063	0.006499305	0.0700377777778	0.0174222222222
0.0331115	0.005642644	0.0552444444444	0.0181555555556
0.04703957	0.005085121	0.0600755555556	0.0170444444444
0.04079849	0.007025749	0.0556311111111	0.0177888888889
0.01455347	0.007138254	0.0552322222222	0.0181777777778
0.03508993	0.007360842	0.06402	0.0194
0.03227333	0.008031814	0.0552066666667	0.0181333333333
0.04376583	0.006018491	0.0628066666667	0.0169333333333
0.03576461	0.007757033	0.0642166666667	0.0169333333333
0.03313347	0.006770497	0.0611122222222	0.0169777777778
0.0354305	0.007874433	0.0644	0.0194
0.04184121	0.004482304	0.0707833333333	0.0175666666667
0.029863	0.007349513	0.0623066666667	0.0169333333333
0.03269739	0.003880456	0.0569555555556	0.0189444444444
0.0353743	0.00563765	0.0677111111111	0.0170888888889
0.04241354	0.005473419	0.0718222222222	0.0180777777778
0.04076869	0.006460366	0.0704133333333	0.0174666666667
0.04388832	0.006988397	0.0714133333333	0.0177666666667
0.03043967	0.006832429	0.0559588888889	0.0176111111111
0.04493855	0.007319434	0.0698255555556	0.0173444444444
0.02172867	0.007459236	0.0554755555556	0.0185444444444
0.03322947	0.00642972	0.0716444444444	0.0178555555556
0.03671042	0.007225273	0.0701666666667	0.0189333333333
0.03871185	0.006548523	0.0552555555556	0.0184444444444
0.02727958	0.006236592	0.0562777777778	0.0188222222222
0.03815834	0.009137198	0.07173	0.0179
0.04399253	0.00868661	0.0711466666667	0.0176333333333
0.04186441	0.01069434	0.0719288888889	0.0181111111111
0.03131905	0.007450111	0.0568155555556	0.0189444444444
0.03490122	0.006627515	0.0676533333333	0.0170666666667
0.03954437	0.00517874	0.0570511111111	0.0189888888889
0.04428419	0.008390964	0.0645177777778	0.0194222222222
0.03368501	0.007313416	0.0598488888889	0.0193111111111
0.05393629	0.006866473	0.0709533333333	0.0187666666667
0.03688691	0.008012431	0.0609744444444	0.0169555555556
0.03369202	0.006849448	0.0574244444444	0.0190555555556
0.03450849	0.006623244	0.0566866666667	0.0189333333333
0.04248911	0.01074467	0.0693555555556	0.0172444444444
0.04954588	0.005337608	0.0718755555556	0.0179444444444
0.03605344	0.007612316	0.0551611111111	0.0178888888889
0.04264565	0.005593478	0.0719955555556	0.0182444444444
0.03610291	0.007133359	0.07049	0.0189
0.03812743	0.003872407	0.0630311111111	0.0168888888889
0.03297369	0.006451163	0.0549155555556	0.0181444444444
0.04029679	0.009637061	0.0549177777778	0.0181222222222
0.02737683	0.008367941	0.0713644444444	0.0176555555556
0.03541489	0.006344095	0.0599755555556	0.0193444444444
0.03718161	0.00903198	0.0630844444444	0.0194555555556
0.04547991	0.005014157	0.0599311111111	0.0169888888889
0.03995797	0.0059604	0.0602733333333	0.0169666666667
0.0383636	0.006228917	0.07185	0.0185
0.03683769	0.00514392	0.0721533333333	0.0181666666667
0.03645633	0.006884522	0.0661666666667	0.0169333333333
0.04820048	0.004870054	0.0721622222222	0.0181777777778
0.04422908	0.007749932	0.0590044444444	0.0170555555556
0.03495272	0.007179827	0.0618855555556	0.0194444444444
0.04746264	0.003476894	0.0716577777778	0.0177222222222
0.02664339	0.007126462	0.0670022222222	0.0169777777778
0.046845	0.006311708	0.0664755555556	0.0169444444444
0.04474408	0.008051259	0.0721744444444	0.0180555555556
0.03976066	0.007798572	0.0602444444444	0.0169555555556
0.03857354	0.005659059	0.0571533333333	0.0190666666667
0.04230861	0.01265484	0.0575277777778	0.0191222222222
0.0489985	0.006576446	0.0678766666667	0.0170333333333
0.04227955	0.008412916	0.0699955555556	0.0190444444444
0.03699741	0.004009583	0.0581677777778	0.0171222222222
0.03549483	0.006196171	0.0701	0.0173
0.03486481	0.007423671	0.0683133333333	0.0170666666667
0.04133353	0.009433331	0.0719222222222	0.0177777777778
0.03493786	0.005939544	0.0557988888889	0.0175111111111
0.0393044	0.006628404	0.0636555555556	0.0168444444444
0.03938862	0.005949207	0.0658111111111	0.0168888888889
0.04747825	0.005883558	0.0697077777778	0.0172222222222
0.02418379	0.004858642	0.0547777777778	0.0184222222222
0.04663434	0.00584552	0.0677	0.017
0.02754852	0.007084367	0.0641955555556	0.0168444444444
0.04239656	0.007647585	0.0693233333333	0.0171666666667
0.0304249	0.006423607	0.0546111111111	0.0180888888889
0.02359309	0.006200321	0.05507	0.0186
0.04049982	0.004892613	0.0698955555556	0.0172444444444
0.04188347	0.004965452	0.0723866666667	0.0181333333333
0.04195081	0.01049401	0.0560977777778	0.0174222222222
0.0149827	0.008719383	0.0601266666667	0.0169333333333
0.03438945	0.007714269	0.0694033333333	0.0191666666667
0.04135091	0.006843473	0.063	0.0195
0.04441555	0.006171049	0.0723933333333	0.0182666666667
0.04009456	0.006054433	0.0665277777778	0.0194222222222
0.02718895	0.00766277	0.0558122222222	0.0174777777778
0.03156516	0.006279528	0.0626766666667	0.0168333333333
0.02191624	0.01089794	0.0557455555556	0.0188444444444
0.02884256	0.005089455	0.0563755555556	0.0173444444444
0.03544365	0.0133843	0.0611333333333	0.0194666666667
0.03481725	0.007544591	0.0545288888889	0.0180111111111
0.0401237	0.004120518	0.0701933333333	0.0190666666667
0.04994749	0.005898984	0.0722944444444	0.0184555555556
0.03919152	0.005684799	0.0547588888889	0.0185111111111
0.0408619	0.006278352	0.0648366666667	0.0168333333333
0.04106904	0.007109402	0.0627188888889	0.0195111111111
0.04385344	0.007780693	0.0626888888889	0.0195111111111
0.03715188	0.007377753	0.0544444444444	0.0181555555556
0.02465699	0.008546841	0.0620266666667	0.0168333333333
0.04597954	0.007338114	0.06666	0.0169
0.02218782	0.008783092	0.0551888888889	0.0187111111111
0.02382769	0.01002117	0.0604611111111	0.0168888888889
0.03128606	0.006748554	0.0604555555556	0.0194444444444
0.03418056	0.007870745	0.0552266666667	0.0187333333333
0.02899974	0.005671626	0.0640388888889	0.0168111111111
0.03938575	0.008594852	0.0722577777778	0.0185222222222
0.04353159	0.008279457	0.0699488888889	0.0172111111111
0.04086458	0.006083062	0.0585777777778	0.0170222222222
0.03753718	0.005877384	0.0612355555556	0.0168444444444
0.03016551	0.003430326	0.0612155555556	0.0168444444444
0.04055749	0.005173416	0.0683588888889	0.0170111111111
0.03884787	0.01030623	0.0632666666667	0.0195333333333
0.047149	0.004205473	0.0572433333333	0.0171666666667
0.05108582	0.008140734	0.0715577777778	0.0175222222222
0.03748854	0.01007119	0.0545	0.0179
0.02060339	0.006472165	0.0611155555556	0.0168444444444
0.04695519	0.007906657	0.0712266666667	0.0174333333333
0.04067265	0.005107678	0.0609555555556	0.0168444444444
0.03724499	0.01045012	0.0676	0.0194
0.029371	0.007636755	0.0598366666667	0.0194333333333
0.03198349	0.0148505	0.0603633333333	0.0194666666667
0.05272197	0.006306077	0.0710844444444	0.0189555555556
0.04027406	0.005989713	0.0583777777778	0.0193222222222
0.04355424	0.006421956	0.0659966666667	0.0168333333333
0.03665234	0.008478073	0.0725333333333	0.0178666666667
0.03128347	0.009039153	0.0569111111111	0.0171888888889
0.03618927	0.005442818	0.0606611111111	0.0194888888889
0.04850158	0.005734972	0.0719666666667	0.0187333333333
0.02749563	0.007422777	0.06516	0.0168
0.03437173	0.005474018	0.0543566666667	0.0184333333333
0.05431139	0.009945274	0.07124	0.0174
0.04701661	0.008243702	0.0708388888889	0.0173111111111
0.04733891	0.007808936	0.0724133333333	0.0177666666667
0.02274683	0.005628663	0.0725555555556	0.0178444444444
0.03667536	0.007363569	0.0594288888889	0.0169111111111
0.03560568	0.006244572	0.0564222222222	0.0190777777778
0.03869126	0.0055404	0.0672311111111	0.0168888888889
0.04491934	0.006944999	0.0708	0.0173
0.04451335	0.00704981	0.0679955555556	0.0169444444444
0.04219712	0.005949846	0.0602644444444	0.0168555555556
0.04449189	0.006275884	0.0602444444444	0.0168555555556
0.03793295	0.003820728	0.0657688888889	0.0168111111111
0.03914922	0.005949068	0.0541444444444	0.0182555555556
0.04239536	0.00428111	0.0680355555556	0.0169444444444
0.03598434	0.009065109	0.0578355555556	0.0170444444444
0.04886157	0.005696891	0.0720555555556	0.0187444444444
0.04277602	0.007322471	0.0722444444444	0.0176555555556
0.04490582	0.004681133	0.0717666666667	0.0188333333333
0.03727636	0.005268716	0.0572577777778	0.0192222222222
0.02732908	0.007999972	0.0542366666667	0.0184333333333
0.04175473	0.00692976	0.0719	0.0188
0.04569928	0.004479551	0.0606777777778	0.0168222222222
0.03222696	0.009377441	0.0688888888889	0.0170111111111
0.03436182	0.006028807	0.0646333333333	0.0167666666667
0.0397843	0.005384707	0.0637644444444	0.0167555555556
0.03825698	0.0051007	0.0569655555556	0.0171444444444
0.04217533	0.007880523	0.0726277777778	0.0185222222222
0.02220318	0.004804844	0.0547688888889	0.0176111111111
0.04433679	0.004461544	0.0672833333333	0.0194666666667
0.0474134	0.008376607	0.0729833333333	0.0181666666667
0.03847354	0.008618764	0.0711488888889	0.0190111111111
0.04037842	0.007571844	0.0630155555556	0.0167444444444
0.03719677	0.005864842	0.0630111111111	0.0195888888889
0.03680254	0.005096989	0.0584444444444	0.0169555555556
0.0368887	0.004197675	0.0578888888889	0.0170111111111
0.04780813	0.00687739	0.0675922222222	0.0168777777778
0.05015931	0.005017039	0.0729533333333	0.0179666666667
0.03471733	0.004046931	0.0566333333333	0.0191666666667
0.03307137	0.005452189	0.0557477777778	0.0173222222222
0.04806829	0.006694281	0.0566944444444	0.0171555555556
0.03877232	0.007898761	0.0655233333333	0.0195666666667
0.04562765	0.00485607	0.0622955555556	0.0167444444444
0.03635464	0.006393045	0.0541777777778	0.0185222222222
0.048085	0.006767637	0.0731144444444	0.0181555555556
0.02660435	0.006729623	0.0576388888889	0.0193111111111
0.04875461	0.006337577	0.06652	0.0168
0.03875784	0.00703577	0.0600277777778	0.0168222222222
0.0486476	0.005789244	0.0724277777778	0.0176222222222
0.03393898	0.009603388	0.0542033333333	0.0177666666667
0.04030911	0.006949437	0.0547322222222	0.0187777777778
0.03951443	0.004838213	0.0707888888889	0.0191111111111
0.04128205	0.005758891	0.0719744444444	0.0188555555556
0.04581899	0.005120545	0.0688933333333	0.0169666666667
0.04105968	0.006374017	0.0549211111111	0.0174888888889
0.04138754	0.005659787	0.0691211111111	0.0169888888889
0.03842195	0.0081226	0.0649466666667	0.0167333333333
0.04733756	0.009289216	0.0721377777778	0.0188222222222
0.03559405	0.007319594	0.0643777777778	0.0167222222222
0.04392288	0.006027127	0.0707977777778	0.0191222222222
0.04206096	0.005969454	0.0695666666667	0.0170333333333
0.02550717	0.006623182	0.0717888888889	0.0174111111111
0.03216318	0.006796519	0.0541333333333	0.0177666666667
0.03051416	0.005204986	0.0603555555556	0.0195444444444
0.03481289	0.01056594	0.0678833333333	0.0168666666667
0.03246574	0.004720085	0.0679133333333	0.0168666666667
0.02754386	0.006243355	0.06166	0.0196
0.03793126	0.009331938	0.0699833333333	0.0170666666667
0.03990932	0.005784132	0.0728	0.0177
0.0406676	0.006793912	0.07047	0.0192
0.03731486	0.007538233	0.0626666666667	0.0196333333333
0.04613307	0.01038751	0.0729311111111	0.0185888888889
0.02963024	0.006157634	0.0601722222222	0.0167777777778
0.05359712	0.005434461	0.0732866666667	0.0183333333333
0.04111739	0.005773081	0.0576444444444	0.0193555555556
0.04202352	0.005664615	0.0733344444444	0.0182555555556
0.0345831	0.008425094	0.0723966666667	0.0175333333333
0.0434863	0.006651771	0.0698	0.0193
0.03677711	0.006057318	0.0555511111111	0.0172888888889
0.03849366	0.009315593	0.0727733333333	0.0176666666667
0.04357449	0.005914945	0.0537811111111	0.0178888888889
0.03473158	0.007566047	0.0675888888889	0.0195111111111
0.03206843	0.006996514	0.0559377777778	0.0191222222222
0.02668753	0.00815923	0.0722344444444	0.0188555555556
0.03004893	0.005712298	0.0540488888889	0.0186111111111
0.0501444	0.009680857	0.0666633333333	0.0167666666667
0.04118001	0.007647496	0.07322	0.0179
0.04177169	0.006757275	0.0733644444444	0.0182555555556
0.04026728	0.006632197	0.0629911111111	0.0166888888889
0.03079818	0.007048085	0.0541344444444	0.0186555555556
0.02657762	0.004342309	0.0549177777778	0.0174222222222
0.04336302	0.004547526	0.0706611111111	0.0191888888889
0.02857179	0.007284221	0.0535666666667	0.0182333333333
0.03274067	0.005251525	0.0626111111111	0.0166888888889
0.04258328	0.007034283	0.0726666666667	0.0187333333333
0.02786785	0.004840309	0.06187	0.0167
0.04196783	0.009721656	0.0710466666667	0.0191333333333
0.02235529	0.009417217	0.0610588888889	0.0196111111111
0.0446156	0.008504735	0.0728444444444	0.0176555555556
0.03281596	0.005253744	0.0556555555556	0.0172444444444
0.03540194	0.006251055	0.0622111111111	0.0166888888889
0.03741437	0.005330239	0.0591777777778	0.0168222222222
0.0258832	0.009280533	0.0732444444444	0.0178555555556
0.05009755	0.004876764	0.0725366666667	0.0175333333333
0.03521373	0.007608536	0.07347	0.0181
0.03181825	0.005520358	0.0547666666667	0.0174333333333
0.050367	0.01275646	0.0684633333333	0.0194666666667
0.03869454	0.004386004	0.0563688888889	0.0171111111111
0.03810618	0.005787442	0.0610777777778	0.0196222222222
0.03237435	0.006216536	0.0728666666667	0.0176333333333
0.03438451	0.005235617	0.0721588888889	0.0174111111111
0.03627609	0.006816723	0.0639333333333	0.0196666666667
0.04578043	0.006345515	0.0729844444444	0.0186555555556
0.03685651	0.007512836	0.0713566666667	0.0172333333333
0.03681428	0.006200563	0.0621522222222	0.0166777777778
0.02941313	0.006134147	0.0549222222222	0.0173777777778
0.03792767	0.008167741	0.0534788888889	0.0180111111111
0.04149148	0.004777688	0.0716044444444	0.0190555555556
0.03495411	0.005686899	0.0684222222222	0.0194777777778
0.03181825	0.00659521	0.0551	0.019
0.0429097	0.007450126	0.0733722222222	0.0178777777778
0.0321446	0.005935152	0.0663377777778	0.0167222222222
0.02797867	0.0062357	0.0672333333333	0.0195666666667
0.04065675	0.009033111	0.07085	0.0192
0.02935101	0.005586161	0.0535	0.0184
0.04447169	0.0105196	0.0736033333333	0.0181666666667
0.03161778	0.005527717	0.0591466666667	0.0195333333333
0.0453464	0.00681766	0.07336	0.0185
0.03584567	0.00731496	0.0616044444444	0.0196555555556
0.03264246	0.005681701	0.0536933333333	0.0185666666667
0.03368752	0.005541469	0.0693288888889	0.0194111111111
0.04740143	0.01140793	0.0723188888889	0.0174111111111
0.04040295	0.006657696	0.0662	0.0167
0.03723544	0.008071715	0.0628811111111	0.0196888888889
0.03529986	0.004839221	0.05328	0.0182
0.03066347	0.00620826	0.0564133333333	0.0170666666667
0.04836847	0.006880113	0.0653333333333	0.0196666666667
0.04389675	0.00605596	0.0620844444444	0.0166555555556
0.0419937	0.005794585	0.0648844444444	0.0166555555556
0.04051922	0.006646955	0.0535911111111	0.0177888888889
0.02878267	0.005326786	0.0532666666667	0.0181333333333
0.03710446	0.005751589	0.0711444444444	0.0171555555556
0.03839194	0.00520257	0.0568566666667	0.0193333333333
0.02825081	0.005572374	0.0593433333333	0.0167666666667
0.03682298	0.006539916	0.0692466666667	0.0194333333333
0.03534116	0.009471929	0.0655633333333	0.0196666666667
0.0406199	0.008667538	0.0647155555556	0.0166444444444
0.04380493	0.00621624	0.0612933333333	0.0196666666667
0.04076826	0.008287626	0.0574577777778	0.0169222222222
0.04273818	0.006144351	0.0601677777778	0.0196222222222
0.04549845	0.006351038	0.0682266666667	0.0195333333333
0.03647846	0.006256556	0.0533644444444	0.0184555555556
0.03287484	0.009031553	0.0645166666667	0.0166333333333
0.03504918	0.01230638	0.0600877777778	0.0196222222222
0.05712271	0.008097913	0.0686666666667	0.0168333333333
0.03755216	0.005408103	0.0687955555556	0.0168444444444
0.03806751	0.006822894	0.0719755555556	0.0190444444444
0.03390901	0.005593661	0.0535888888889	0.0186111111111
0.02597255	0.01040467	0.0708855555556	0.0192444444444
0.05228276	0.005063887	0.0737977777778	0.0180222222222
0.04465847	0.0101431	0.0556222222222	0.0191777777778
0.04250388	0.005924748	0.07314	0.0176
0.03497418	0.008118976	0.0686777777778	0.0168222222222
0.04406479	0.005920729	0.0738166666667	0.0183333333333
0.02596602	0.005073633	0.0531555555556	0.0183444444444
0.03681961	0.006532485	0.0646177777778	0.0166222222222
0.04016966	0.006305752	0.0617666666667	0.0166333333333
0.0462212	0.006679204	0.0689555555556	0.0168444444444
0.04611336	0.004553909	0.0709855555556	0.0192444444444
0.02567081	0.006575229	0.0560522222222	0.0170777777778
0.04051418	0.007522286	0.0732666666667	0.0176333333333
0.03598948	0.01027036	0.0546355555556	0.0173444444444
0.04575197	0.01096257	0.0730455555556	0.0175444444444
0.02521918	0.005925787	0.0714833333333	0.0191666666667
0.05149114	0.006239996	0.0704888888889	0.0170111111111
0.03519162	0.008546619	0.0543077777778	0.0174222222222
0.02639618	0.00553207	0.0590222222222	0.0195777777778
0.04314936	0.008922218	0.0679844444444	0.0167555555556
0.04087319	0.005415646	0.0614466666667	0.0166333333333
0.03005597	0.006702209	0.0548644444444	0.0190555555556
0.0382336	0.006337855	0.0695311111111	0.0168888888889
0.03822105	0.01023161	0.0623177777778	0.0197222222222
0.02416017	0.006413598	0.0726688888889	0.0174111111111
0.01436608	0.00743248	0.0530744444444	0.0183555555556
0.05334794	0.005506103	0.0736655555556	0.0185444444444
0.03876738	0.01157823	0.0628466666667	0.0197333333333
0.04070657	0.006825451	0.0739911111111	0.0180888888889
0.04302363	0.006950019	0.0585522222222	0.0167777777778
0.0474321	0.007164423	0.0619088888889	0.0166111111111
0.0401526	0.009259457	0.0624866666667	0.0197333333333
0.04373475	0.006139741	0.0664844444444	0.0166555555556
0.03663533	0.007034533	0.0680511111111	0.0195888888889
0.023216	0.008083214	0.0680555555556	0.0167444444444
0.03687968	0.008005041	0.0680911111111	0.0195888888889
0.03873629	0.007524058	0.0689277777778	0.0195222222222
0.04054213	0.01097743	0.0668433333333	0.0196666666667
0.0375074	0.009584552	0.0541	0.0189
0.0468525	0.006116404	0.0684333333333	0.0195666666667
0.03075994	0.006153468	0.0671222222222	0.0166777777778
0.02848072	0.007185441	0.0571955555556	0.0194444444444
0.03830972	0.007975468	0.0711333333333	0.0170666666667
0.03707833	0.008817474	0.0530255555556	0.0184444444444
0.0466881	0.0060038	0.0677288888889	0.0167111111111
0.02641686	0.01271198	0.0696944444444	0.0194555555556
0.04089312	0.005632339	0.0737311111111	0.0185888888889
0.05069992	0.006075651	0.0733333333333	0.0187666666667
0.04045799	0.008748844	0.07314	0.0175
0.05003238	0.006741952	0.0735833333333	0.0186666666667
0.05676575	0.005009224	0.0670333333333	0.0196666666667
0.03373126	0.0090751	0.0718855555556	0.0191444444444
0.04188287	0.009056436	0.0556355555556	0.0192444444444
0.03960249	0.007552334	0.0561477777778	0.0193222222222
0.04572299	0.004748833	0.0693666666667	0.0168333333333
0.04125206	0.004598311	0.0712333333333	0.0192666666667
0.03181995	0.006959905	0.0539044444444	0.0174555555556
0.02152688	0.008481633	0.0646644444444	0.0197555555556
0.02571854	0.006901919	0.0652411111111	0.0165888888889
0.02333666	0.005079107	0.0537711111111	0.0174888888889
0.04209903	0.009035318	0.0589988888889	0.0167111111111
0.03509238	0.004718029	0.0538644444444	0.0174555555556
0.03511109	0.008408444	0.0572444444444	0.0168555555556
0.04186866	0.005075896	0.0700255555556	0.0194444444444
0.03909548	0.008101604	0.0709788888889	0.0170111111111
0.04471367	0.00791978	0.0723844444444	0.0172555555556
0.04484767	0.008350989	0.0729022222222	0.0173777777778
0.03747706	0.007014233	0.07342	0.0188
0.03196858	0.00686879	0.0527722222222	0.0183777777778
0.03119522	0.01374264	0.06083	0.0166
0.04180741	0.006766175	0.0594533333333	0.0196666666667
0.03922862	0.009850038	0.0540422222222	0.0173777777778
0.04022394	0.005705808	0.0740155555556	0.0185444444444
0.03627474	0.01105176	0.0677422222222	0.0166777777778
0.04846569	0.008613145	0.0742688888889	0.0180111111111
0.03146259	0.008294293	0.0534711111111	0.0187888888889
0.03942322	0.007899481	0.0723077777778	0.0172222222222
0.02367568	0.01038205	0.07411	0.0185
0.03823324	0.006035444	0.0639555555556	0.0165444444444
0.04473705	0.006331719	0.0695777777778	0.0168222222222
0.0389854	0.007838546	0.0616233333333	0.0165666666667
0.03388468	0.007079772	0.0728555555556	0.0173444444444
0.03295833	0.007227979	0.05668	0.0169
0.04124721	0.008572998	0.0691222222222	0.0167777777778
0.04261778	0.00614735	0.0605766666667	0.0197333333333
0.03609011	0.009320351	0.0559455555556	0.0193444444444
0.03028162	0.009076106	0.0607355555556	0.0197444444444
0.03881006	0.01285528	0.0676144444444	0.0166555555556
0.02053191	0.009926116	0.0743144444444	0.0179555555556
0.04595724	0.005280543	0.0731688888889	0.0174111111111
0.0435707	0.004920044	0.05866	0.0167
0.03738591	0.006657639	0.0598688888889	0.0197111111111
0.0340212	0.007851835	0.0560333333333	0.0169666666667
0.03478923	0.0086827	0.0626866666667	0.0165333333333
0.04610405	0.0102984	0.0664455555556	0.0197444444444
0.04425609	0.00943152	0.0732588888889	0.0189111111111
0.04172305	0.006493373	0.0578844444444	0.0167555555556
0.03438782	0.005711956	0.0679333333333	0.0166666666667
0.03319873	0.006449583	0.0577333333333	0.0167666666667
0.03983677	0.007842448	0.0681322222222	0.0166777777778
0.04683688	0.008146533	0.0676555555556	0.0166444444444
0.0368724	0.008893665	0.0723355555556	0.0191444444444
0.02384442	0.01042845	0.0531511111111	0.0175888888889
0.03766797	0.00976729	0.0608133333333	0.0165666666667
0.03254696	0.005282968	0.0625977777778	0.0165222222222
0.03978589	0.007268782	0.0739555555556	0.0176444444444
0.0281846	0.007108074	0.0590444444444	0.0166555555556
0.04214248	0.004016363	0.0664822222222	0.0165777777778
0.03250851	0.008470468	0.0697988888889	0.0168111111111
0.04719301	0.006106202	0.0734644444444	0.0174555555556
0.02928371	0.005372276	0.0656055555556	0.0165444444444
0.03282787	0.005436874	0.0588333333333	0.0166666666667
0.04367134	0.00723907	0.0728222222222	0.0172777777778
0.02336382	0.006569194	0.0672588888889	0.0166111111111
0.04434734	0.006279256	0.0690466666667	0.0167333333333
0.04890593	0.006650574	0.0694333333333	0.0195666666667
0.0342269	0.004827152	0.0523955555556	0.0180444444444
0.03462442	0.005941417	0.0539966666667	0.0190333333333
0.04549082	0.007916457	0.0735733333333	0.0188666666667
0.04855206	0.005322187	0.0741511111111	0.0176888888889
0.03681388	0.009785407	0.0727555555556	0.0172444444444
0.04027391	0.006606799	0.0560777777778	0.0169222222222
0.03642615	0.009660482	0.0663344444444	0.0165555555556
0.02789471	0.007224499	0.0549755555556	0.0192444444444
0.03398832	0.003760963	0.0547066666667	0.0171333333333
0.04517466	0.008106886	0.0733322222222	0.0173777777778
0.03888019	0.006133203	0.0736644444444	0.0188555555556
0.02036022	0.006434059	0.0704222222222	0.0194777777778
0.03758254	0.004917472	0.0739333333333	0.0175666666667
0.03060262	0.007426437	0.0530022222222	0.0175777777778
0.03806091	0.004868702	0.0556022222222	0.0169777777778
0.03195337	0.005928206	0.0527511111111	0.0176888888889
0.04383134	0.004404582	0.0715888888889	0.0170111111111
0.03876874	0.003920093	0.0735566666667	0.0174333333333
0.03892753	0.008747513	0.0721266666667	0.0192333333333
0.04549722	0.005050821	0.0606211111111	0.0197888888889
0.03387021	0.005893709	0.0530244444444	0.0175555555556
0.04682367	0.006689504	0.0743933333333	0.0177666666667
0.03478831	0.003581841	0.0567477777778	0.0168222222222
0.04001826	0.0100531	0.0574911111111	0.0195888888889
0.03981866	0.005345017	0.0627355555556	0.0198444444444
0.05064862	0.00506811	0.0746622222222	0.0183777777778
0.05104279	0.006034457	0.0687622222222	0.0166777777778
0.03858183	0.005404016	0.0665555555556	0.0165444444444
0.03348637	0.006516971	0.0744622222222	0.0177777777778
0.04912903	0.007143385	0.0729355555556	0.0172444444444
0.03831533	0.006647368	0.0747533333333	0.0182666666667
0.04053298	0.007690094	0.0682066666667	0.0166333333333
0.0285092	0.004291924	0.0734333333333	0.0173666666667
0.04031851	0.007071302	0.0639444444444	0.0198555555556
0.03591285	0.009486504	0.0527888888889	0.0176111111111
0.02908038	0.004842531	0.0582333333333	0.0166666666667
0.03084958	0.006494639	0.0661777777778	0.0165222222222
0.02644387	0.01035871	0.0664666666667	0.0165333333333
0.02969036	0.007110792	0.0626644444444	0.0198555555556
0.02397767	0.006354483	0.0543333333333	0.0171666666667
0.04530869	0.007873332	0.0743866666667	0.0186333333333
0.02672608	0.006587311	0.0525577777778	0.0186222222222
0.03707994	0.009002011	0.0724377777778	0.0171222222222
0.04216739	0.007921816	0.0681977777778	0.0166222222222
0.04100299	0.009455385	0.0740266666667	0.0175333333333
0.0506197	0.00954775	0.0656666666667	0.0198333333333
0.03564585	0.01021485	0.07394	0.0175
0.02783433	0.008440267	0.0663677777778	0.0165222222222
0.05467968	0.006363193	0.0747033333333	0.0178666666667
0.0303719	0.006154726	0.0731222222222	0.0190777777778
0.02544114	0.007760204	0.0654955555556	0.0198444444444
0.04943893	0.005143684	0.0718	0.017
0.03920532	0.006425065	0.0610866666667	0.0198333333333
0.03638061	0.006253566	0.0727822222222	0.0171777777778
0.0475875	0.005621288	0.0748577777778	0.0180222222222
0.0375459	0.009593547	0.0741	0.0188
0.04347983	0.003673379	0.0749222222222	0.0181777777778
0.02668336	0.01024872	0.0746344444444	0.0185555555556
0.04413771	0.006229927	0.0605777777778	0.0198222222222
0.03800551	0.01028619	0.0580944444444	0.0166555555556
0.03977219	0.006061252	0.0593933333333	0.0197666666667
0.04920801	0.007275294	0.0748622222222	0.0183777777778
0.04861868	0.006030188	0.0738177777778	0.0174222222222
0.0371862	0.007619371	0.0593433333333	0.0165666666667
0.03540857	0.004831721	0.0529933333333	0.0188666666667
0.04583736	0.007766023	0.06819	0.0166
0.0450068	0.005131481	0.0732933333333	0.0190666666667
0.04044542	0.006151327	0.0673555555556	0.0165444444444
0.01410586	0.008804368	0.0592133333333	0.0165666666667
0.03035327	0.007424387	0.0739844444444	0.0174555555556
0.0183105	0.008016441	0.0745233333333	0.0176666666667
