root_height	pop_size	pi_net	pi_within
0.01396453	0.003165752	0.0290888888889	0.00331111111111
0.01679697	0.002468817	0.0289555555556	0.00344444444444
0.01536249	0.00315376	0.0290444444444	0.00345555555556
0.01955949	0.001118106	0.0296888888889	0.00331111111111
0.02378339	0.004566785	0.0299111111111	0.00338888888889
0.01674054	0.003486542	0.0298888888889	0.00331111111111
0.01761137	0.003082487	0.0300688888889	0.00341111111111
0.01515827	0.00158271	0.0296888888889	0.00351111111111
0.01210511	0.002437137	0.0301333333333	0.00326666666667
0.02370296	0.003311517	0.0296888888889	0.00321111111111
0.01859867	0.004815479	0.0303555555556	0.00344444444444
0.01902917	0.002430144	0.0288444444444	0.00355555555556
0.01819058	0.002706176	0.0302333333333	0.00326666666667
0.01410483	0.002418119	0.0284666666667	0.00353333333333
0.01303909	0.001716436	0.0279111111111	0.00338888888889
0.01536562	0.003945307	0.0281111111111	0.00348888888889
0.01549762	0.00205547	0.0304888888889	0.00331111111111
0.02006247	0.003302726	0.0283555555556	0.00354444444444
0.01746689	0.001329019	0.0285333333333	0.00356666666667
0.01710459	0.002553363	0.0286222222222	0.00317777777778
0.01356374	0.004262598	0.029	0.0036
0.01490177	0.002639051	0.0283333333333	0.00356666666667
0.01753274	0.00279286	0.0284111111111	0.00358888888889
0.01703802	0.001674861	0.0301111111111	0.00358888888889
0.0175033	0.002300115	0.0283333333333	0.00316666666667
0.009409212	0.002948714	0.0297777777778	0.00362222222222
0.02373895	0.002105157	0.0305144444444	0.00355555555556
0.01704284	0.002738299	0.0309111111111	0.00328888888889
0.01038274	0.002034492	0.0279444444444	0.00315555555556
0.01489897	0.003432866	0.0297111111111	0.00308888888889
0.01352822	0.00213592	0.0292222222222	0.00367777777778
0.01933782	0.003474527	0.0285111111111	0.00308888888889
0.0165903	0.002598443	0.0280666666667	0.00363333333333
0.01623514	0.002482136	0.0291111111111	0.00368888888889
0.01514316	0.002740105	0.0273666666667	0.00323333333333
0.02007123	0.002067513	0.0303888888889	0.00311111111111
0.01636265	0.004003226	0.0306777777778	0.00312222222222
0.01709832	0.002657966	0.0311888888889	0.00321111111111
0.01071144	0.002521572	0.0315333333333	0.00336666666667
0.01980107	0.003380031	0.0308666666667	0.00363333333333
0.01221416	0.002729734	0.0269111111111	0.00348888888889
0.01968551	0.001784843	0.0308444444444	0.00365555555556
0.01518211	0.003331942	0.0295555555556	0.00374444444444
0.01694143	0.001941189	0.0316888888889	0.00341111111111
0.01487615	0.002379524	0.0298855555556	0.00374444444444
0.01377325	0.001774891	0.0307333333333	0.00306666666667
0.01899795	0.002066905	0.0266222222222	0.00337777777778
0.01528765	0.003113396	0.0312777777778	0.00312222222222
0.01600509	0.001782186	0.0266888888889	0.00351111111111
0.01122393	0.002785442	0.0265333333333	0.00346666666667
0.01763645	0.002506508	0.0289111111111	0.00378888888889
0.01549054	0.001333384	0.0277777777778	0.00302222222222
0.01886393	0.003240308	0.0300222222222	0.00297777777778
0.01646601	0.003130963	0.0284222222222	0.00297777777778
0.01213274	0.005078781	0.0288	0.0038
0.01054177	0.001752739	0.0291555555556	0.00294444444444
0.023804	0.002856369	0.0321333333333	0.00336666666667
0.01620666	0.001215844	0.0300444444444	0.00295555555556
0.01814699	0.002034093	0.0308444444444	0.00375555555556
0.01704685	0.002493734	0.0268444444444	0.00365555555556
0.0181764	0.001274313	0.0312666666667	0.00303333333333
0.01815102	0.001985895	0.0321777777778	0.00322222222222
0.01970457	0.004051517	0.0312666666667	0.00373333333333
0.01491356	0.001987132	0.0284777777778	0.00292222222222
0.02368002	0.001173727	0.0319888888889	0.00361111111111
0.01798634	0.004073257	0.0324	0.0034
0.02104045	0.004893765	0.0268444444444	0.00305555555556
0.018175	0.002655076	0.0288	0.0029
0.01394309	0.00250008	0.0276444444444	0.00295555555556
0.02207985	0.002840278	0.0322111111111	0.00318888888889
0.01673234	0.003408184	0.0294111111111	0.00288888888889
0.01189489	0.002150147	0.0271	0.003
0.02185165	0.002427946	0.0323111111111	0.00318888888889
0.01585837	0.001954537	0.0302444444444	0.00385555555556
0.01368828	0.001356853	0.0289422222222	0.00287777777778
0.01634976	0.00367394	0.0261111111111	0.00318888888889
0.01604307	0.001195256	0.0304888888889	0.00291111111111
0.02190327	0.002894699	0.0306666666667	0.00383333333333
0.01550487	0.002431742	0.0274888888889	0.00381111111111
0.01121625	0.003843442	0.0290333333333	0.00286666666667
0.0175841	0.00158704	0.0294111111111	0.00388888888889
0.009719861	0.001844353	0.0300222222222	0.00287777777778
0.02365483	0.003439419	0.0316555555556	0.00374444444444
0.0174527	0.002072034	0.0326888888889	0.00341111111111
0.01896807	0.002535008	0.0318888888889	0.00371111111111
0.01708977	0.001987056	0.0282222222222	0.00287777777778
0.01626166	0.002833602	0.0294	0.0039
0.01493774	0.003052294	0.0314	0.0038
0.01320723	0.003758369	0.0285	0.0039
0.0199295	0.002678073	0.0310866666667	0.00383333333333
0.02063818	0.003987783	0.0327777777778	0.00332222222222
0.01487374	0.004405056	0.0326666666667	0.00323333333333
0.01418481	0.002564041	0.0256444444444	0.00345555555556
0.02074111	0.003559569	0.0285888888889	0.00391111111111
0.02283471	0.003891527	0.0298888888889	0.00391111111111
0.008677494	0.00185476	0.0257555555556	0.00354444444444
0.01867266	0.003371821	0.0291777777778	0.00392222222222
0.01664514	0.002990782	0.0328	0.0035
0.02321892	0.002560566	0.0328777777778	0.00332222222222
0.01988064	0.002557888	0.0309333333333	0.00386666666667
0.01331783	0.001551078	0.0255333333333	0.00346666666667
0.01584732	0.001314802	0.0283777777778	0.00282222222222
0.02135651	0.002587075	0.0309111111111	0.00388888888889
0.01850593	0.003122717	0.0287555555556	0.00394444444444
0.01412714	0.002366842	0.0284888888889	0.00281111111111
0.01052579	0.004833879	0.0253111111111	0.00338888888889
0.02035842	0.00185306	0.0306666666667	0.00283333333333
0.02056391	0.00296255	0.0327666666667	0.00363333333333
0.01582018	0.001714415	0.0253111111111	0.00328888888889
0.01183948	0.001847129	0.0254444444444	0.00355555555556
0.01656988	0.002731173	0.032	0.0038
0.01625698	0.001459273	0.0255111111111	0.00358888888889
0.02734323	0.001354214	0.0327888888889	0.00311111111111
0.02161486	0.002397015	0.0318666666667	0.00383333333333
0.01937149	0.002003017	0.0256	0.0031
0.02485548	0.001486494	0.0285222222222	0.00277777777778
0.01598783	0.004147727	0.0332333333333	0.00326666666667
0.02920837	0.004080906	0.0293111111111	0.00398888888889
0.01605043	0.004428168	0.0324444444444	0.00375555555556
0.02040744	0.002576604	0.0322444444444	0.00295555555556
0.02044219	0.001995971	0.0320666666667	0.00383333333333
0.01689617	0.002860409	0.0319111111111	0.00288888888889
0.0163023	0.001562932	0.0264444444444	0.00385555555556
0.01175388	0.002931511	0.0301444444444	0.00275555555556
0.01517912	0.00307296	0.02496	0.0034
0.02046955	0.001415234	0.0334888888889	0.00341111111111
0.02022155	0.001892531	0.0302444444444	0.00275555555556
0.01609972	0.001533051	0.0259333333333	0.00296666666667
0.02163949	0.003998106	0.0328888888889	0.00371111111111
0.02107752	0.0030533	0.0335333333333	0.00336666666667
0.01657303	0.001954635	0.0252555555556	0.00364444444444
0.01853478	0.001981441	0.0318444444444	0.00285555555556
0.02128459	0.005752041	0.0329777777778	0.00372222222222
0.01689754	0.002919761	0.0317277777778	0.00392222222222
0.02110447	0.003961676	0.0304888888889	0.00401111111111
0.01785737	0.001852144	0.0277	0.004
0.01850717	0.003064641	0.0248111111111	0.00348888888889
0.01178072	0.002499073	0.0295555555556	0.00404444444444
0.01611875	0.002821758	0.0259888888889	0.00291111111111
0.01842931	0.001301966	0.0253066666667	0.00303333333333
0.01323038	0.001560107	0.0288444444444	0.00405555555556
0.01080014	0.003703585	0.0270222222222	0.00397777777778
0.02229278	0.004292315	0.0324333333333	0.00386666666667
0.02129347	0.002403246	0.0308666666667	0.00273333333333
0.01814107	0.002268499	0.0297333333333	0.00406666666667
0.01791046	0.004116338	0.0286533333333	0.00406666666667
0.0122169	0.004967165	0.0335666666667	0.00363333333333
0.02282774	0.001976013	0.0268222222222	0.00277777777778
0.01432077	0.003821329	0.0275666666667	0.00403333333333
0.01348922	0.002698466	0.0337111111111	0.00358888888889
0.0190261	0.003570467	0.0254444444444	0.00295555555556
0.01837107	0.003238043	0.0256555555556	0.00384444444444
0.01277812	0.00430511	0.0247	0.0036
0.01413359	0.003377516	0.0295111111111	0.00408888888889
0.01276375	0.002691899	0.0250466666667	0.00303333333333
0.01851506	0.002232695	0.0330177777778	0.00382222222222
0.01774968	0.002252301	0.0334666666667	0.00303333333333
0.01899999	0.002701918	0.0340577777778	0.00342222222222
0.01827729	0.001918645	0.0296	0.0041
0.01658807	0.003603402	0.0335688888889	0.00371111111111
0.01371593	0.002086883	0.0299644444444	0.00265555555556
0.01721059	0.003483444	0.0300444444444	0.00265555555556
0.01849058	0.00200552	0.0304111111111	0.00408888888889
0.01710266	0.004001469	0.0290888888889	0.00411111111111
0.02015399	0.002844113	0.0301	0.0041
0.01919722	0.001988636	0.0269666666667	0.00403333333333
0.01662914	0.004363731	0.0253555555556	0.00384444444444
0.01717469	0.003981504	0.0304	0.0041
0.01467312	0.003838971	0.0340222222222	0.00357777777778
0.01676764	0.00270444	0.0342222222222	0.00337777777778
0.01825147	0.002810911	0.0328	0.0039
0.01384389	0.002407606	0.0260444444444	0.00395555555556
0.0156367	0.001642693	0.0264	0.004
0.01326056	0.003604436	0.0331244444444	0.00385555555556
0.01775263	0.001682912	0.0329333333333	0.00286666666667
0.02018477	0.003494703	0.0300777777778	0.00412222222222
0.02071098	0.00197141	0.0336	0.003
0.01609184	0.003591953	0.0318666666667	0.00273333333333
0.02461548	0.002330633	0.0332666666667	0.00383333333333
0.02443862	0.003957652	0.0342888888889	0.00331111111111
0.0147206	0.001644708	0.0339311111111	0.00308888888889
0.01649396	0.002304335	0.0343222222222	0.00337777777778
0.01921569	0.001494925	0.0306555555556	0.00264444444444
0.01517879	0.001800475	0.0244444444444	0.00365555555556
0.02205765	0.002474333	0.0271222222222	0.00407777777778
0.01849818	0.002884726	0.0241777777778	0.00352222222222
0.01264883	0.002842869	0.0342444444444	0.00355555555556
0.02204682	0.002801114	0.0329955555556	0.00284444444444
0.01259238	0.002613814	0.0248111111111	0.00378888888889
0.02044253	0.003562405	0.0304666666667	0.00413333333333
0.021716	0.003329757	0.0315222222222	0.00267777777778
0.01730691	0.002781226	0.0320866666667	0.00403333333333
0.01467452	0.002823745	0.0258222222222	0.00397777777778
0.01185217	0.002263462	0.0258222222222	0.00397777777778
0.01784151	0.004471045	0.0316222222222	0.00407777777778
0.01755955	0.002090837	0.0268222222222	0.00267777777778
0.01703701	0.00351673	0.0247333333333	0.00296666666667
0.0251655	0.001899043	0.0338444444444	0.00375555555556
0.01832466	0.002127296	0.0338888888889	0.00301111111111
0.02066657	0.001657257	0.0328888888889	0.00281111111111
0.01400401	0.002169377	0.0243111111111	0.00308888888889
0.01118661	0.001690367	0.0243111111111	0.00308888888889
0.01660098	0.002891902	0.0343111111111	0.00358888888889
0.01377191	0.001533806	0.0253777777778	0.00392222222222
0.01404671	0.001857757	0.0256	0.0028
0.0146344	0.003737668	0.0310777777778	0.00412222222222
0.01574533	0.001367863	0.0254888888889	0.00281111111111
0.01641758	0.00231868	0.0257222222222	0.00277777777778
0.01403142	0.002872108	0.0264	0.0027
0.01928479	0.003096371	0.0298222222222	0.00417777777778
0.01990079	0.001676954	0.0335111111111	0.00288888888889
0.0227097	0.002367271	0.0339633333333	0.00376666666667
0.01473364	0.002902476	0.0284222222222	0.00417777777778
0.01752125	0.001923264	0.0238222222222	0.00327777777778
0.01859244	0.00179523	0.0288111111111	0.00418888888889
0.01704907	0.003755821	0.0312666666667	0.00413333333333
0.01832224	0.002206921	0.0317744444444	0.00265555555556
0.02301064	0.002417046	0.0332666666667	0.00393333333333
0.01879292	0.002768507	0.0240444444444	0.00365555555556
0.01649507	0.002898039	0.0294	0.0042
0.01451233	0.002439656	0.0237333333333	0.00346666666667
0.01884146	0.004962779	0.0286	0.0042
0.01497885	0.003903181	0.0286	0.0042
0.02191186	0.002389791	0.0321111111111	0.00408888888889
0.01580429	0.001685916	0.0346	0.0036
0.02015404	0.004145467	0.0348222222222	0.00337777777778
0.01611183	0.004004856	0.0334777777778	0.00392222222222
0.01252009	0.002554605	0.0240444444444	0.00305555555556
0.02177664	0.001359565	0.0339777777778	0.00382222222222
0.01414896	0.002194357	0.0238777777778	0.00312222222222
0.01038099	0.004331174	0.0236	0.0034
0.01921289	0.002708755	0.0348222222222	0.00347777777778
0.017462	0.002902369	0.0328666666667	0.00273333333333
0.02130266	0.002878768	0.0295777777778	0.00422222222222
0.0185986	0.001111039	0.0259333333333	0.00406666666667
0.01925449	0.003641584	0.0263888888889	0.00411111111111
0.01380903	0.002080686	0.0260511111111	0.00408888888889
0.02506893	0.00345047	0.0346444444444	0.00365555555556
0.01798261	0.002096198	0.0247777777778	0.00392222222222
0.01807459	0.002549249	0.0313222222222	0.00257777777778
0.01149238	0.002146867	0.0315111111111	0.00258888888889
0.02378968	0.003828259	0.0342444444444	0.00295555555556
0.01058288	0.006541772	0.035	0.0034
0.01455842	0.002404254	0.035	0.0034
0.01716838	0.001841438	0.0331555555556	0.00274444444444
0.01230404	0.00175955	0.0241333333333	0.00296666666667
0.009679835	0.00235505	0.0258222222222	0.00267777777778
0.01841231	0.002325626	0.0347666666667	0.00363333333333
0.01558946	0.002748868	0.0263577777778	0.00262222222222
0.01778902	0.002581486	0.0325	0.0041
0.01562471	0.001317248	0.0244222222222	0.00287777777778
0.01379991	0.003285995	0.0262666666667	0.00413333333333
0.0165185	0.002353662	0.029	0.0025
0.01476363	0.003085463	0.0281555555556	0.00424444444444
0.01980773	0.004008021	0.0348666666667	0.00363333333333
0.01728722	0.00298089	0.0351	0.0033
0.02357011	0.002438853	0.0331777777778	0.00272222222222
0.01779057	0.003393526	0.0246888888889	0.00281111111111
0.02125804	0.003872144	0.0320344444444	0.00415555555556
0.01592453	0.001401849	0.0233333333333	0.00346666666667
0.01904682	0.002158119	0.0259777777778	0.00412222222222
0.0232818	0.002300717	0.0337111111111	0.00278888888889
0.01114816	0.004345027	0.0261555555556	0.00414444444444
0.02102303	0.003092213	0.0326888888889	0.00411111111111
0.01426476	0.004076221	0.0308555555556	0.00424444444444
0.01542701	0.001770638	0.0294222222222	0.00247777777778
0.02074489	0.002968614	0.0352	0.0035
0.02213329	0.00355777	0.0288222222222	0.00427777777778
0.02409967	0.005054828	0.0344777777778	0.00382222222222
0.01080732	0.001927095	0.0233333333333	0.00316666666667
0.01763847	0.003071908	0.0334777777778	0.00402222222222
0.0205912	0.002538757	0.0332444444444	0.00405555555556
0.01218526	0.003388718	0.0258666666667	0.00413333333333
0.02021828	0.005365287	0.0325777777778	0.00262222222222
0.01358516	0.002600127	0.0314666666667	0.00253333333333
0.0113327	0.002052528	0.0232444444444	0.00355555555556
0.01598928	0.002633879	0.0295111111111	0.00428888888889
0.01706892	0.001842751	0.0323111111111	0.00258888888889
0.02201392	0.003588521	0.0344888888889	0.00291111111111
0.02635186	0.001210249	0.034	0.0028
0.0234196	0.003312571	0.0352222222222	0.00357777777778
0.02042986	0.00300955	0.0332222222222	0.00267777777778
0.0164938	0.006312224	0.0317777777778	0.00422222222222
0.01775044	0.00255493	0.0286	0.0043
0.01878713	0.001884425	0.0353666666667	0.00353333333333
0.02273654	0.002501276	0.0351222222222	0.00307777777778
0.02231856	0.002671527	0.0328666666667	0.00413333333333
0.01979009	0.003401998	0.0353555555556	0.00354444444444
0.01590913	0.002351475	0.0305333333333	0.00246666666667
0.01775411	0.002885265	0.0261333333333	0.00256666666667
0.01113669	0.002787522	0.0236888888889	0.00381111111111
0.02824574	0.001127234	0.0282	0.0043
0.02315767	0.003656736	0.0354666666667	0.00343333333333
0.01835244	0.002693532	0.0307111111111	0.00428888888889
0.0163355	0.0009480318	0.0350888888889	0.00371111111111
0.0206329	0.001835849	0.0347666666667	0.00293333333333
0.02096716	0.003368284	0.0348444444444	0.00295555555556
0.02177263	0.002262168	0.0352777777778	0.00312222222222
0.01984695	0.003280628	0.03052	0.0043
0.01945312	0.002507819	0.0308911111111	0.00428888888889
0.01958848	0.003017296	0.0347777777778	0.00292222222222
0.01597635	0.001457825	0.0355555555556	0.00344444444444
0.0159258	0.003971248	0.0259111111111	0.00418888888889
0.01808809	0.004210559	0.0344888888889	0.00391111111111
0.01971104	0.002205695	0.0350333333333	0.00376666666667
0.01871878	0.002317321	0.0302677777778	0.00432222222222
0.0162217	0.001430571	0.0312111111111	0.00428888888889
0.01808875	0.001868345	0.0249111111111	0.00408888888889
0.02112511	0.003199649	0.03104	0.0043
0.01190346	0.003747343	0.0228666666667	0.00353333333333
0.02341466	0.003586853	0.0356488888889	0.00331111111111
0.01483517	0.002416942	0.0229333333333	0.00316666666667
0.01596104	0.00193993	0.0351888888889	0.00301111111111
0.01301557	0.002785222	0.0354666666667	0.00313333333333
0.02003135	0.003271583	0.0356777777778	0.00342222222222
0.01751289	0.001689471	0.0355888888889	0.00321111111111
0.01704141	0.002994618	0.0332666666667	0.00413333333333
0.01313789	0.002765547	0.0340666666667	0.00273333333333
0.02205793	0.002164433	0.0347333333333	0.00286666666667
0.01154844	0.003393475	0.0261666666667	0.00423333333333
0.02457354	0.002147162	0.0353444444444	0.00305555555556
0.01074503	0.003201451	0.023	0.0031
0.02619719	0.00331744	0.0334888888889	0.00411111111111
0.0154325	0.003575961	0.0298888888889	0.00241111111111
0.02063897	0.002382271	0.0339555555556	0.00404444444444
0.01126604	0.002381119	0.0349777777778	0.00292222222222
0.01507179	0.002667039	0.0230222222222	0.00307777777778
0.01709978	0.002656981	0.0357111111111	0.00348888888889
0.01552059	0.003964622	0.0344333333333	0.00396666666667
0.01975507	0.002638658	0.0301555555556	0.00434444444444
0.02021743	0.001288704	0.0260666666667	0.00423333333333
0.01257719	0.001712463	0.0333666666667	0.00413333333333
0.01698966	0.002643608	0.0346577777778	0.00392222222222
0.0230137	0.004696642	0.0350888888889	0.00381111111111
0.01572819	0.00274888	0.0248888888889	0.00411111111111
0.01587615	0.001841809	0.0250888888889	0.00261111111111
0.02110956	0.004308198	0.0345333333333	0.00396666666667
0.01662316	0.004634613	0.0289333333333	0.00436666666667
0.01446515	0.00253842	0.0229333333333	0.00306666666667
0.02064389	0.004591991	0.0332333333333	0.00416666666667
0.01571964	0.003652081	0.0280444444444	0.00435555555556
0.02089445	0.002100567	0.0351777777778	0.00382222222222
0.01210861	0.003119421	0.0265111111111	0.00428888888889
0.0215092	0.003420521	0.0275555555556	0.00434444444444
0.01666963	0.003720768	0.0347777777778	0.00282222222222
0.01289959	0.001121545	0.0239333333333	0.00276666666667
0.01217832	0.001498948	0.0294222222222	0.00237777777778
0.01805089	0.0030016	0.0351555555556	0.00384444444444
0.0182722	0.001730115	0.0359333333333	0.00336666666667
0.01192092	0.003650677	0.0312666666667	0.00433333333333
0.01569851	0.002860137	0.0225	0.0034
0.01268719	0.002215001	0.0270666666667	0.00433333333333
0.01477164	0.002891353	0.0257555555556	0.00424444444444
0.01563535	0.003109233	0.0264	0.0043
0.0199545	0.002432621	0.0318888888889	0.00431111111111
0.01473382	0.003271104	0.0243022222222	0.00407777777778
0.01539418	0.002678987	0.0325111111111	0.00248888888889
0.01976657	0.002347478	0.036	0.0033
0.0235159	0.00229883	0.0309333333333	0.00436666666667
0.01860994	0.006299581	0.0314355555556	0.00434444444444
0.01540024	0.003876298	0.0242222222222	0.00267777777778
0.02379694	0.001890588	0.0356	0.003
0.01766827	0.00161769	0.0284444444444	0.00235555555556
0.01590422	0.00283464	0.0257111111111	0.00248888888889
0.02013633	0.002320638	0.0352	0.0039
0.01147731	0.002028732	0.0223555555556	0.00324444444444
0.02024872	0.00193109	0.0360888888889	0.00351111111111
0.02000325	0.002267747	0.0361111111111	0.00348888888889
0.02416436	0.005866913	0.0296888888889	0.00441111111111
0.01785875	0.001262028	0.0325333333333	0.00246666666667
0.02447143	0.002110014	0.0357666666667	0.00303333333333
0.01682908	0.002874975	0.036	0.0036
0.02077759	0.00385858	0.0359666666667	0.00363333333333
0.02107137	0.002510748	0.0361777777778	0.00332222222222
0.01954619	0.002100251	0.0359555555556	0.00364444444444
0.02673989	0.003996377	0.0335911111111	0.00418888888889
0.02443955	0.002559717	0.0336111111111	0.00418888888889
0.01979885	0.002248458	0.0360444444444	0.00315555555556
0.0154023	0.003015007	0.0357444444444	0.00375555555556
0.01429813	0.002225279	0.0320777777778	0.00242222222222
0.02177672	0.004293153	0.0361444444444	0.00355555555556
0.01495276	0.002157744	0.0327111111111	0.00428888888889
0.01647591	0.004221035	0.0264555555556	0.00434444444444
0.02539386	0.001657242	0.0352888888889	0.00391111111111
0.01958274	0.00135031	0.0362788888889	0.00341111111111
0.01193999	0.002394821	0.0229333333333	0.00386666666667
0.0257721	0.003399419	0.0351233333333	0.00396666666667
0.0140727	0.002139399	0.0278666666667	0.00233333333333
0.01222599	0.003157524	0.0234888888889	0.00401111111111
0.01743866	0.003056706	0.0286355555556	0.00444444444444
0.01328903	0.00267564	0.0245333333333	0.00256666666667
0.02402783	0.003795855	0.0359444444444	0.00375555555556
0.01516241	0.005575935	0.0268111111111	0.00438888888889
0.0278539	0.002189643	0.0329	0.0043
0.02188339	0.003919211	0.0246	0.0042
0.01676489	0.00279488	0.0358444444444	0.00295555555556
0.01756431	0.001659083	0.0334	0.0025
0.02531788	0.001545184	0.0361	0.0037
0.01799872	0.001443426	0.0267333333333	0.00236666666667
0.01944525	0.002416601	0.0331211111111	0.00428888888889
0.01948528	0.002645038	0.0362888888889	0.00361111111111
0.03058025	0.002068417	0.0354777777778	0.00392222222222
0.0124713	0.003537819	0.0257777777778	0.00242222222222
0.01490048	0.002680111	0.0219555555556	0.00334444444444
0.02014548	0.001822575	0.0364622222222	0.00347777777778
0.01639964	0.002430437	0.0324044444444	0.00435555555556
0.0161243	0.003734165	0.0364	0.0032
0.01656362	0.004001969	0.0274666666667	0.00443333333333
0.02441062	0.001853511	0.0292333333333	0.00446666666667
0.01991922	0.002765734	0.0290333333333	0.00446666666667
0.01943519	0.004401194	0.0324444444444	0.00435555555556
0.0187304	0.001900348	0.0364922222222	0.00327777777778
0.01565831	0.00245977	0.0350666666667	0.00403333333333
0.0204168	0.002709355	0.0362944444444	0.00365555555556
0.01311943	0.002220948	0.0256666666667	0.00433333333333
0.01287169	0.003201362	0.0256666666667	0.00433333333333
0.01101309	0.003783659	0.02279	0.0039
0.01847676	0.002033194	0.0299333333333	0.00446666666667
0.01623555	0.002076748	0.0248444444444	0.00425555555556
0.01592019	0.002740201	0.0357111111111	0.00388888888889
0.01048566	0.002371881	0.0254777777778	0.00432222222222
0.01638879	0.002722324	0.0351777777778	0.00402222222222
0.01697416	0.004353234	0.0293222222222	0.00227777777778
0.01424432	0.00192671	0.0342111111111	0.00418888888889
0.01414078	0.002865833	0.0273555555556	0.00444444444444
0.01847987	0.003042861	0.0348	0.0041
0.02617567	0.002140251	0.0354633333333	0.00396666666667
0.01515951	0.002370699	0.032	0.0044
0.01774837	0.002573274	0.0298222222222	0.00227777777778
0.02339868	0.002346324	0.0354222222222	0.00277777777778
0.02089386	0.002215631	0.0366288888889	0.00331111111111
0.02162921	0.002027516	0.0282822222222	0.00447777777778
0.01477853	0.003772794	0.0219777777778	0.00362222222222
0.01613982	0.002815247	0.0307333333333	0.00446666666667
0.02381061	0.001592385	0.0281222222222	0.00447777777778
0.01107903	0.001494888	0.0229422222222	0.00277777777778
0.01630787	0.003698607	0.0346355555556	0.00414444444444
0.01121313	0.004073583	0.0249111111111	0.00428888888889
0.0124993	0.002573256	0.0244888888889	0.00251111111111
0.02616079	0.002591485	0.0356444444444	0.00395555555556
0.0200124	0.003968253	0.0356888888889	0.00281111111111
0.01871888	0.003412791	0.0337933333333	0.00426666666667
0.0113142	0.00235554	0.0310333333333	0.00446666666667
0.01556228	0.002536013	0.0366222222222	0.00317777777778
0.01448538	0.00121003	0.0259333333333	0.00236666666667
0.01387889	0.002896195	0.0233222222222	0.00267777777778
0.021206	0.002906693	0.0267555555556	0.00444444444444
0.01294166	0.002495403	0.0300444444444	0.00225555555556
0.02305933	0.001652813	0.0339333333333	0.00426666666667
0.0203658	0.004624384	0.0341555555556	0.00424444444444
0.02078411	0.003242031	0.0305	0.0045
0.01563281	0.002158317	0.0345	0.0042
0.0167179	0.003141967	0.0278	0.0045
0.01113494	0.00141416	0.0319555555556	0.00444444444444
0.01747206	0.003166538	0.0356911111111	0.00398888888889
0.008120386	0.003777373	0.0313222222222	0.00447777777778
0.02053643	0.004410382	0.0366222222222	0.00367777777778
0.01355009	0.002724684	0.0219555555556	0.00374444444444
0.01819014	0.003423797	0.0364888888889	0.00301111111111
0.01716368	0.002056375	0.0349288888889	0.00261111111111
0.01562003	0.003092474	0.0266	0.0023
0.02124005	0.002487753	0.0353022222222	0.00407777777778
0.02357367	0.003011596	0.0365055555556	0.00374444444444
0.02473461	0.001428472	0.0368666666667	0.00323333333333
0.01771007	0.001164339	0.0335777777778	0.00242222222222
0.02765804	0.001917543	0.0369333333333	0.00326666666667
0.01583954	0.001854758	0.0275555555556	0.00224444444444
0.01587176	0.002444667	0.0322	0.0023
0.02265833	0.001197063	0.0335	0.0024
0.02290793	0.002120272	0.0328888888889	0.00441111111111
0.01482675	0.003357276	0.0244888888889	0.00431111111111
0.01149155	0.002850098	0.0217555555556	0.00374444444444
0.02012228	0.003319629	0.0349233333333	0.00256666666667
0.02115479	0.003099898	0.0310777777778	0.00452222222222
0.02538211	0.001808713	0.0365555555556	0.00294444444444
0.01716559	0.00479544	0.0350222222222	0.00417777777778
0.01389226	0.004903516	0.0216666666667	0.00303333333333
0.01554354	0.002684711	0.0361555555556	0.00394444444444
0.01970789	0.00314994	0.0349	0.0042
0.0199269	0.005865872	0.0367666666667	0.00373333333333
0.01992955	0.004338354	0.0353777777778	0.00412222222222
0.01571569	0.00416291	0.0254777777778	0.00442222222222
0.01727878	0.004120438	0.0357444444444	0.00405555555556
0.0202248	0.001931833	0.0370888888889	0.00321111111111
0.01786689	0.005078777	0.0348888888889	0.00421111111111
0.01707085	0.005174975	0.036	0.004
0.01697279	0.002460546	0.036	0.004
0.01917111	0.00140142	0.0341555555556	0.00244444444444
0.01366561	0.003524043	0.0214	0.0036
0.01989191	0.002893983	0.035	0.0042
0.02011562	0.002577067	0.0368888888889	0.00371111111111
0.01724276	0.003740417	0.0278444444444	0.00455555555556
0.007617399	0.00266974	0.0244888888889	0.00241111111111
0.02638073	0.00175007	0.0372222222222	0.00327777777778
0.0257425	0.002810084	0.0370777777778	0.00312222222222
0.01792041	0.0007247459	0.0288222222222	0.00217777777778
0.02326947	0.002934685	0.0363666666667	0.00393333333333
0.02037374	0.003113526	0.0264555555556	0.00224444444444
0.02388488	0.004362578	0.0345333333333	0.00246666666667
0.01868654	0.003311364	0.0302222222222	0.00457777777778
0.01687321	0.002786515	0.0348	0.0025
0.02138033	0.002489423	0.0354444444444	0.00415555555556
0.0197175	0.0007178603	0.0373377777778	0.00342222222222
0.01272697	0.002811498	0.0249555555556	0.00234444444444
0.01925454	0.002151699	0.0325111111111	0.00448888888889
0.01919304	0.003105099	0.0341555555556	0.00434444444444
0.01250975	0.003379433	0.0371777777778	0.00312222222222
0.02166093	0.002386854	0.0358	0.0041
0.02210864	0.004009794	0.0311133333333	0.00456666666667
0.01488104	0.002071216	0.0294444444444	0.00215555555556
0.01928513	0.003599281	0.0347011111111	0.00428888888889
0.01289553	0.002464736	0.0227677777778	0.00262222222222
0.02314067	0.002561701	0.0336888888889	0.00441111111111
0.02062634	0.00320277	0.0352888888889	0.00421111111111
0.01976795	0.004821713	0.0374555555556	0.00344444444444
0.01644462	0.003518057	0.0370222222222	0.00377777777778
0.01909889	0.001363683	0.0350888888889	0.00251111111111
0.01443189	0.00273186	0.0214888888889	0.00381111111111
0.01514027	0.00163233	0.0214888888889	0.00381111111111
0.007860298	0.003426037	0.0218466666667	0.00393333333333
0.01698021	0.003807391	0.0344666666667	0.00433333333333
0.01490505	0.003315353	0.0222555555556	0.00404444444444
0.01918747	0.003041257	0.0365444444444	0.00395555555556
0.01883904	0.004687651	0.0275111111111	0.00458888888889
0.01997522	0.001937565	0.0351555555556	0.00424444444444
0.02075482	0.003279425	0.0374666666667	0.00323333333333
0.01517016	0.002663349	0.0371111111111	0.00298888888889
0.01776633	0.002472618	0.0255111111111	0.00448888888889
0.02046166	0.002056694	0.0375333333333	0.00336666666667
0.01757378	0.002596026	0.0366666666667	0.00393333333333
0.01415226	0.004304414	0.0217666666667	0.00393333333333
0.01189917	0.001600216	0.0211111111111	0.00308888888889
0.02063269	0.001475117	0.0368	0.0039
0.01893245	0.001035672	0.0286666666667	0.00213333333333
0.01101183	0.001875228	0.0220666666667	0.00273333333333
0.01391239	0.00276248	0.0347888888889	0.00431111111111
0.0147774	0.002317332	0.0218	0.0028
0.0238267	0.004274591	0.0271111111111	0.00458888888889
0.01545317	0.003125575	0.0359777777778	0.00412222222222
0.01647146	0.002906089	0.0240333333333	0.00436666666667
0.01050292	0.004124969	0.0288666666667	0.00463333333333
0.01972597	0.001489714	0.037	0.0029
0.0125698	0.0020731	0.0219777777778	0.00402222222222
0.01103738	0.002971837	0.0207777777778	0.00332222222222
0.01835416	0.003662972	0.035	0.0043
0.01821803	0.0033668	0.0223677777778	0.00412222222222
0.02642578	0.002680032	0.0360777777778	0.00412222222222
0.01571095	0.002837528	0.0328866666667	0.00223333333333
0.01492	0.003743533	0.0332	0.0045
0.01842774	0.001233993	0.0234555555556	0.00244444444444
0.01696967	0.002916837	0.0264222222222	0.00457777777778
0.01690991	0.001990408	0.0320222222222	0.00217777777778
0.01560923	0.002281976	0.037	0.0039
0.01774042	0.00105681	0.0377555555556	0.00334444444444
0.0244517	0.002036592	0.0371444444444	0.00385555555556
0.016638	0.00189979	0.0311377777778	0.00462222222222
0.02779486	0.003342908	0.03515	0.0043
0.01498884	0.002571151	0.0367	0.004
0.02060335	0.0007162957	0.0360888888889	0.00261111111111
0.02020218	0.002371603	0.0378	0.0034
0.0169497	0.00361535	0.0313777777778	0.00462222222222
0.01479646	0.002044645	0.0350666666667	0.00243333333333
0.02271923	0.002423029	0.0377777777778	0.00322222222222
0.01394655	0.003270656	0.0297633333333	0.00466666666667
0.01262681	0.001739765	0.0260222222222	0.00457777777778
0.01997498	0.003459273	0.0326333333333	0.00456666666667
0.02305057	0.00208443	0.0371444444444	0.00285555555556
0.02260737	0.001602699	0.0356	0.0025
0.02301883	0.001547858	0.0368444444444	0.00275555555556
0.01341866	0.002796185	0.0208888888889	0.00301111111111
0.02897203	0.002583816	0.0378122222222	0.00357777777778
0.01922049	0.003193366	0.0346	0.0044
0.0116546	0.003128168	0.0258222222222	0.00217777777778
0.02480207	0.002178189	0.0377333333333	0.00366666666667
0.02229996	0.003696338	0.0378888888889	0.00321111111111
0.02265539	0.002074912	0.0356333333333	0.00426666666667
0.01875107	0.002673061	0.0222333333333	0.00416666666667
0.01841521	0.002560266	0.0379777777778	0.00332222222222
0.02078601	0.00261375	0.0379155555556	0.00354444444444
0.01264446	0.005405236	0.0308333333333	0.00466666666667
0.012946	0.002725746	0.0260444444444	0.00215555555556
0.02332719	0.001549426	0.0380044444444	0.00345555555556
0.01616476	0.004704675	0.0205677777778	0.00362222222222
0.01100877	0.002239008	0.0206	0.0031
0.01859453	0.00437	0.0323555555556	0.00214444444444
0.01956559	0.001200364	0.0349111111111	0.00438888888889
0.01516683	0.003400721	0.0236	0.0044
0.02915252	0.003201464	0.0377777777778	0.00372222222222
0.01490616	0.00220441	0.0377111111111	0.00298888888889
0.01149411	0.003449699	0.0243333333333	0.00226666666667
0.01584879	0.002458161	0.0204444444444	0.00315555555556
0.01986201	0.001792309	0.0311222222222	0.00207777777778
0.0159201	0.003339322	0.0294888888889	0.00471111111111
0.02152953	0.002960125	0.0328	0.0046
0.01991734	0.002115747	0.0309111111111	0.00468888888889
0.02500139	0.003229268	0.0379133333333	0.00306666666667
0.01931792	0.002441434	0.0381333333333	0.00326666666667
0.01534209	0.002584333	0.0245777777778	0.00452222222222
0.01665603	0.00212589	0.0306244444444	0.00205555555556
0.02106903	0.003161942	0.0381555555556	0.00324444444444
0.01021076	0.004855553	0.0291777777778	0.00472222222222
0.01442167	0.003718126	0.0374888888889	0.00391111111111
0.01684937	0.003444972	0.0343111111111	0.00448888888889
0.02223606	0.003482592	0.0340888888889	0.00451111111111
0.01908462	0.002022679	0.0306888888889	0.00471111111111
0.01491438	0.004593692	0.0282577777778	0.00472222222222
0.01594982	0.002574425	0.0335333333333	0.00456666666667
0.01538471	0.001524707	0.0226044444444	0.00245555555556
0.0152227	0.00345394	0.0302377777778	0.00472222222222
0.02002411	0.001926835	0.0347	0.0023
0.01668639	0.002784776	0.0343	0.0045
0.02329206	0.003640619	0.0272	0.0047
0.01986479	0.001472433	0.0382888888889	0.00331111111111
0.02588499	0.002681987	0.0382011111111	0.00358888888889
0.02127216	0.002389251	0.0382666666667	0.00323333333333
0.02992838	0.004569816	0.0382	0.0036
0.02761185	0.003037743	0.0382444444444	0.00355555555556
0.01372498	0.002369217	0.0310888888889	0.00471111111111
0.01650589	0.003913881	0.0356555555556	0.00434444444444
0.01575477	0.003061667	0.0340666666667	0.00453333333333
0.01312772	0.002065618	0.0203333333333	0.00306666666667
0.01220048	0.003118202	0.0204066666667	0.00373333333333
0.0125753	0.003477944	0.0228444444444	0.00435555555556
0.02374056	0.001317089	0.0383444444444	0.00345555555556
0.0158331	0.002396587	0.0252888888889	0.00461111111111
0.01983952	0.003860745	0.0380888888889	0.00371111111111
0.01734439	0.002129735	0.0361222222222	0.00247777777778
0.02075658	0.004270285	0.0383777777778	0.00332222222222
0.02260645	0.006909867	0.03336	0.0046
0.01922656	0.002403796	0.0367333333333	0.00416666666667
0.02238899	0.003501345	0.0327555555556	0.00464444444444
0.01470017	0.003745684	0.0217222222222	0.00417777777778
0.01701035	0.003083263	0.0201111111111	0.00358888888889
0.02203166	0.003006116	0.0365888888889	0.00421111111111
0.01887628	0.004072334	0.0263111111111	0.00468888888889
0.02142349	0.00249696	0.0359777777778	0.00432222222222
0.02196739	0.002576904	0.0383111111111	0.00308888888889
0.01541276	0.002053476	0.0292933333333	0.00476666666667
0.02237314	0.004689365	0.0299333333333	0.00476666666667
0.02003654	0.004889733	0.0380888888889	0.00381111111111
0.0168983	0.001648939	0.0319555555556	0.00204444444444
0.02041322	0.003840072	0.0351744444444	0.00445555555556
0.01665385	0.003729761	0.0360466666667	0.00433333333333
0.01997651	0.003104151	0.0356	0.0044
0.01705177	0.005122533	0.0356	0.0044
0.01779031	0.001527642	0.0263555555556	0.00204444444444
0.02007066	0.003263692	0.0371777777778	0.00412222222222
0.01885791	0.00160983	0.0385111111111	0.00358888888889
0.02100127	0.004338813	0.0344555555556	0.00454444444444
0.0137895	0.005008091	0.0226222222222	0.00437777777778
0.01043168	0.002014476	0.0282222222222	0.00197777777778
0.01679562	0.003420901	0.0282222222222	0.00477777777778
0.01637406	0.003784159	0.0377111111111	0.00398888888889
0.01692398	0.004089562	0.0374222222222	0.00407777777778
0.02434424	0.0007522253	0.0280222222222	0.00197777777778
0.01897561	0.002227725	0.0309333333333	0.00476666666667
0.0251991	0.001857769	0.0347666666667	0.00223333333333
0.01157289	0.00228917	0.0278222222222	0.00477777777778
0.02564083	0.002782224	0.0383333333333	0.00376666666667
0.0130362	0.005352751	0.0387222222222	0.00337777777778
0.03066319	0.002356714	0.0379777777778	0.00282222222222
0.01912274	0.0024866	0.0294	0.0048
0.02401723	0.002661891	0.0373888888889	0.00411111111111
0.02111184	0.00411819	0.0338777777778	0.00462222222222
0.02339933	0.003241385	0.0376555555556	0.00404444444444
0.02063058	0.003123897	0.0371222222222	0.00417777777778
0.02479929	0.002862959	0.03859	0.0031
0.01015888	0.001096516	0.0251111111111	0.00208888888889
0.02858536	0.002173489	0.0362555555556	0.00434444444444
0.02173487	0.003757889	0.0384444444444	0.00375555555556
0.02291047	0.002729325	0.0362	0.0024
0.01054243	0.001364104	0.0208	0.0027
0.0180158	0.002292283	0.0266444444444	0.00475555555556
0.01826152	0.00273642	0.0340888888889	0.00461111111111
0.01983866	0.003599663	0.0219555555556	0.00244444444444
0.02653572	0.003922927	0.0387444444444	0.00355555555556
0.02398581	0.002265554	0.0382222222222	0.00387777777778
0.01918106	0.002480061	0.0327888888889	0.00471111111111
0.02113354	0.002778648	0.0374888888889	0.00411111111111
0.02157632	0.002642586	0.0383777777778	0.00382222222222
0.02270478	0.002666671	0.0283888888889	0.00481111111111
0.02113527	0.003197549	0.0382	0.0039
0.02139301	0.003800471	0.0388444444444	0.00345555555556
0.02208174	0.002368407	0.0332311111111	0.00468888888889
0.01280876	0.002148128	0.0293777777778	0.00482222222222
0.02322565	0.002609208	0.0375555555556	0.00264444444444
0.01539421	0.003164464	0.0260555555556	0.00474444444444
0.02052368	0.004189108	0.0377333333333	0.00406666666667
0.0169302	0.004073684	0.0319333333333	0.00476666666667
0.02193757	0.002219863	0.0381666666667	0.00393333333333
0.02321576	0.00280131	0.0388222222222	0.00357777777778
0.01912635	0.002841784	0.0330888888889	0.00471111111111
0.0229136	0.003567888	0.0384666666667	0.00383333333333
0.01991563	0.004312619	0.0263133333333	0.00476666666667
0.01795614	0.004765679	0.0327777777778	0.00202222222222
0.02681053	0.00190926	0.0389777777778	0.00342222222222
0.02022644	0.005566424	0.0324444444444	0.00475555555556
0.01433129	0.002211459	0.0386222222222	0.00377777777778
0.02717041	0.002356737	0.0349111111111	0.00218888888889
0.02299549	0.004604855	0.0388111111111	0.00308888888889
0.01888055	0.00203407	0.0379666666667	0.00403333333333
0.02208448	0.001963291	0.0374222222222	0.00257777777778
0.01208211	0.002391879	0.0389555555556	0.00354444444444
0.01956579	0.002781181	0.03156	0.0048
0.0239121	0.000964064	0.0368444444444	0.00245555555556
0.01901411	0.002702871	0.0361888888889	0.00441111111111
0.01727462	0.003101853	0.0244	0.0021
0.02104459	0.003225845	0.0385777777778	0.00382222222222
0.01478388	0.003570493	0.03778	0.0041
0.01649485	0.00117636	0.0338222222222	0.00207777777778
0.01917975	0.003108543	0.0390666666667	0.00333333333333
0.01744044	0.003580338	0.0283555555556	0.00484444444444
0.02110351	0.004228692	0.0379333333333	0.00406666666667
0.03043035	0.002825314	0.0387111111111	0.00378888888889
0.02046618	0.005235237	0.0377577777778	0.00412222222222
0.02111003	0.00356677	0.03908	0.0035
0.01837691	0.003912549	0.0260422222222	0.00477777777778
0.01347104	0.004221555	0.0390444444444	0.00355555555556
0.02186835	0.002631371	0.0346888888889	0.00461111111111
0.01253044	0.002956459	0.0260222222222	0.00477777777778
0.02647375	0.002653513	0.0389222222222	0.00367777777778
0.02733446	0.004284509	0.0359333333333	0.00446666666667
0.02989199	0.002658025	0.0391111111111	0.00328888888889
0.01946791	0.002800938	0.0332666666667	0.00473333333333
0.01277356	0.002046588	0.0209888888889	0.00421111111111
0.01423468	0.003677136	0.0208222222222	0.00417777777778
0.0173652	0.004669668	0.0309555555556	0.00484444444444
0.02219074	0.002828814	0.0324111111111	0.00478888888889
0.02200159	0.002756092	0.0356888888889	0.00451111111111
0.01529906	0.001263913	0.0316666666667	0.00193333333333
0.01933023	0.001850351	0.0316666666667	0.00193333333333
0.01221196	0.002756179	0.0215666666667	0.00433333333333
0.02733954	0.002185365	0.0391111111111	0.00358888888889
0.02035619	0.002543993	0.0391333333333	0.00356666666667
0.02064583	0.002378393	0.0344	0.0021
0.02477036	0.002229721	0.0377111111111	0.00258888888889
0.02149037	0.003826159	0.0390111111111	0.00368888888889
0.02024484	0.001543125	0.0382888888889	0.00401111111111
0.01391891	0.003060986	0.0377333333333	0.00416666666667
0.01835996	0.004294163	0.0381333333333	0.00406666666667
0.01595352	0.003306989	0.0328222222222	0.00477777777778
0.0165386	0.003208904	0.0221555555556	0.00444444444444
0.02485986	0.002302245	0.0392111111111	0.00318888888889
0.007077536	0.003572724	0.0191555555556	0.00344444444444
0.01815486	0.001695479	0.0369555555556	0.00434444444444
0.01532949	0.002032604	0.0232111111111	0.00458888888889
0.01702176	0.004185226	0.0392666666667	0.00323333333333
0.02045692	0.00336244	0.0388	0.0029
0.01596402	0.002841367	0.0391111111111	0.00368888888889
0.02157563	0.003917619	0.0386888888889	0.00391111111111
0.0207394	0.001638474	0.0316888888889	0.00191111111111
0.01106666	0.002118768	0.0203555555556	0.00264444444444
0.01622851	0.003246087	0.0357555555556	0.00454444444444
0.02346174	0.001879487	0.0363333333333	0.00446666666667
0.01981982	0.002420625	0.0392888888889	0.00361111111111
0.0113861	0.004169927	0.0334133333333	0.00476666666667
0.01864134	0.001837394	0.0391111111111	0.00298888888889
0.01476953	0.002303358	0.0266	0.0019
0.0183486	0.002890534	0.0339666666667	0.00473333333333
0.01820779	0.003558695	0.0352888888889	0.00461111111111
0.01746475	0.004059641	0.0391333333333	0.00376666666667
0.01880406	0.003194421	0.0381777777778	0.00412222222222
0.01677695	0.003137691	0.0390377777778	0.00382222222222
0.0194976	0.00265391	0.0386	0.004
0.01515499	0.003349144	0.0324666666667	0.00483333333333
0.02194651	0.00565655	0.0334222222222	0.00477777777778
0.02374035	0.002023417	0.0376444444444	0.00425555555556
0.02425357	0.001026328	0.0370222222222	0.00437777777778
0.01476361	0.002976262	0.0285888888889	0.00491111111111
0.02219025	0.002927436	0.0384888888889	0.00271111111111
0.01954538	0.003443622	0.0394666666667	0.00323333333333
0.02289992	0.003336889	0.0380222222222	0.00417777777778
0.02364411	0.003912701	0.0395155555556	0.00344444444444
0.02253639	0.002524574	0.0302888888889	0.00491111111111
0.02174222	0.002516869	0.0268222222222	0.00487777777778
0.01163168	0.006022208	0.01951	0.0039
0.01261339	0.001823811	0.0394444444444	0.00315555555556
0.01645678	0.00366016	0.0257666666667	0.00483333333333
0.0177214	0.003197933	0.0395333333333	0.00326666666667
0.01185918	0.002040629	0.0188888888889	0.00331111111111
0.02752614	0.003335576	0.0390222222222	0.00287777777778
0.01917174	0.004326234	0.0374888888889	0.00431111111111
0.02051596	0.002670814	0.0377111111111	0.00248888888889
0.02326768	0.002298603	0.0392	0.0038
0.02606264	0.002355422	0.0335111111111	0.00478888888889
0.02342013	0.001802017	0.0386888888889	0.00401111111111
0.02337908	0.001411122	0.0358222222222	0.00457777777778
0.0220053	0.00600983	0.0304577777778	0.00492222222222
0.01529221	0.004480606	0.0245333333333	0.00476666666667
0.01869578	0.004227536	0.0391777777778	0.00292222222222
0.01924521	0.001214677	0.0393111111111	0.00298888888889
0.01456717	0.002731505	0.0335	0.0048
0.02576913	0.003440701	0.0338222222222	0.00477777777778
0.02420589	0.001373878	0.0389777777778	0.00282222222222
0.02220131	0.001907811	0.0389555555556	0.00394444444444
0.01864996	0.00218574	0.0393222222222	0.00297777777778
0.01913697	0.003702163	0.0386444444444	0.00405555555556
0.01728413	0.003884964	0.0302366666667	0.00493333333333
0.02470527	0.002971457	0.0396777777778	0.00342222222222
0.008505859	0.002608005	0.0255888888889	0.00191111111111
0.0125291	0.003201068	0.0197555555556	0.00404444444444
0.01561113	0.003055992	0.0304666666667	0.00493333333333
0.009244124	0.001267186	0.0290888888889	0.00181111111111
0.02159709	0.002522515	0.0395222222222	0.00367777777778
0.008052982	0.00274698	0.0191666666667	0.00383333333333
0.01888521	0.003630734	0.0375666666667	0.00433333333333
0.008582224	0.001477358	0.0263333333333	0.00186666666667
0.01752946	0.004210761	0.0311777777778	0.00492222222222
0.01534423	0.003754355	0.0382	0.0042
0.01665007	0.003516369	0.0220666666667	0.00453333333333
0.008985411	0.002988371	0.0186888888889	0.00341111111111
0.009223776	0.003055054	0.0186888888889	0.00341111111111
0.02744687	0.003485937	0.0388166666667	0.00403333333333
0.02671923	0.003191282	0.0384	0.0026
0.01056123	0.003743207	0.0270666666667	0.00183333333333
0.02075053	0.003372933	0.0388366666667	0.00403333333333
0.01837931	0.005131304	0.0264	0.0049
0.02503857	0.001947776	0.0365888888889	0.00451111111111
0.02725412	0.003051454	0.0346666666667	0.00473333333333
0.01131058	0.002801957	0.0205222222222	0.00427777777778
0.02215841	0.002076023	0.0351511111111	0.00468888888889
0.02236261	0.002985927	0.0371777777778	0.00442222222222
0.02445783	0.003927124	0.0367	0.0045
0.02464848	0.002042736	0.0398	0.0035
0.00590407	0.003377936	0.0218777777778	0.00452222222222
0.01235683	0.002494164	0.0275555555556	0.00494444444444
0.02360848	0.004193073	0.0398222222222	0.00327777777778
0.01813297	0.002838734	0.0353222222222	0.00467777777778
0.02143745	0.002730631	0.0329333333333	0.00486666666667
0.02608727	0.003295079	0.0384222222222	0.00417777777778
0.02152414	0.002113774	0.0394	0.0029
0.02056093	0.003068168	0.0390444444444	0.00275555555556
0.02364828	0.003114947	0.0396555555556	0.00304444444444
0.02101862	0.003340977	0.0394355555556	0.00384444444444
0.01776764	0.002407119	0.0271555555556	0.00494444444444
0.02361666	0.001823503	0.0398666666667	0.00323333333333
0.02599665	0.002161392	0.0397111111111	0.00368888888889
0.02097113	0.004349151	0.0381111111111	0.00248888888889
0.01578142	0.002658363	0.0373377777778	0.00442222222222
0.02097803	0.003713159	0.0333444444444	0.00485555555556
0.01510942	0.002718292	0.0288222222222	0.00497777777778
0.02529095	0.001868573	0.0398444444444	0.00315555555556
0.02316637	0.0030843	0.0389444444444	0.00405555555556
0.02342299	0.001822396	0.0335555555556	0.00484444444444
0.01707734	0.004226071	0.0355222222222	0.00467777777778
0.02193009	0.002130508	0.0393555555556	0.00284444444444
0.01477828	0.00397831	0.0258	0.0049
0.01415005	0.001798784	0.0354333333333	0.00206666666667
0.02034819	0.003193852	0.0380811111111	0.00428888888889
0.02226906	0.002011518	0.0377111111111	0.00238888888889
0.008951922	0.004056871	0.0244777777778	0.00482222222222
0.01874841	0.003940563	0.0324888888889	0.00491111111111
0.01913134	0.00198349	0.0259555555556	0.00184444444444
0.02156657	0.004306512	0.0209	0.0044
0.02480875	0.002039115	0.0390666666667	0.00403333333333
0.02054977	0.003057892	0.0333333333333	0.00486666666667
0.009826111	0.003373623	0.0305522222222	0.00497777777778
0.01737654	0.00159744	0.0287333333333	0.00176666666667
0.02274259	0.004670861	0.0297111111111	0.00498888888889
0.02654866	0.002208213	0.0395777777778	0.00292222222222
0.02342501	0.002111713	0.0395111111111	0.00288888888889
0.02601414	0.002601534	0.0367666666667	0.00453333333333
0.01965414	0.001558766	0.0374666666667	0.00233333333333
0.01445356	0.004292516	0.0238222222222	0.00477777777778
0.02676002	0.002377677	0.0389333333333	0.00266666666667
0.02142497	0.002730831	0.0376	0.0044
0.01493449	0.00383756	0.0190888888889	0.00281111111111
0.01799174	0.002430358	0.0366444444444	0.00455555555556
0.02024859	0.00432031	0.0326888888889	0.00491111111111
0.01506919	0.003312586	0.0352577777778	0.00472222222222
0.02071304	0.003186619	0.0353688888889	0.00471111111111
0.01483981	0.004609318	0.0324777777778	0.00492222222222
0.009099691	0.005029655	0.0313333333333	0.00496666666667
0.0153453	0.002958208	0.0214	0.0045
0.01310448	0.003171989	0.0357022222222	0.00467777777778
0.02072058	0.00276851	0.0304333333333	0.00176666666667
0.02248514	0.005212443	0.0280111111111	0.00498888888889
0.02016838	0.002908852	0.0379555555556	0.00434444444444
0.02247309	0.004879587	0.0332111111111	0.00488888888889
0.01594222	0.004367853	0.0266344444444	0.00495555555556
0.01373813	0.004651461	0.0379755555556	0.00434444444444
0.02473036	0.002396756	0.0367444444444	0.00455555555556
0.02144859	0.001524233	0.0319444444444	0.00495555555556
0.01391599	0.003312589	0.0309111111111	0.00498888888889
0.01901635	0.00266946	0.0400888888889	0.00321111111111
0.01456618	0.003274924	0.0240777777778	0.00482222222222
0.01037912	0.002605877	0.0299555555556	0.00174444444444
0.02097024	0.002300549	0.0354777777778	0.00472222222222
0.02220285	0.001089882	0.0376666666667	0.00233333333333
0.02747051	0.00208502	0.0394222222222	0.00397777777778
0.01952983	0.003007771	0.0397777777778	0.00382222222222
0.01271297	0.001694423	0.0183777777778	0.00312222222222
0.01868969	0.001302297	0.0348333333333	0.00196666666667
0.01161704	0.001279146	0.0211333333333	0.00226666666667
0.02739651	0.002746162	0.0397111111111	0.00288888888889
0.01840548	0.003346591	0.0232444444444	0.00475555555556
0.01140511	0.002769746	0.0195444444444	0.00415555555556
0.02615095	0.003271238	0.0261444444444	0.00495555555556
0.01614506	0.002282023	0.0195244444444	0.00415555555556
0.01828538	0.003499661	0.0395555555556	0.00394444444444
0.01975825	0.002024168	0.0395555555556	0.00394444444444
0.02488503	0.004610818	0.0386777777778	0.00422222222222
0.01041023	0.001871392	0.0186366666667	0.00383333333333
0.02374987	0.001597799	0.0385888888889	0.00251111111111
0.01213494	0.003115237	0.0205111111111	0.00438888888889
0.01117607	0.003759354	0.0199333333333	0.00426666666667
0.01572181	0.002096787	0.0212777777778	0.00452222222222
0.0106201	0.002073181	0.01848	0.003
0.01852878	0.002347337	0.0300666666667	0.00173333333333
0.02458632	0.00176944	0.0365555555556	0.00214444444444
0.02541139	0.003037763	0.0367333333333	0.00216666666667
0.0161588	0.003866298	0.0389333333333	0.00416666666667
0.0199876	0.001471363	0.0396888888889	0.00391111111111
0.02431226	0.001204823	0.0384	0.0043
0.01765873	0.002279594	0.0352333333333	0.00476666666667
0.02430607	0.004327105	0.0352333333333	0.00476666666667
0.01321567	0.003259022	0.0401777777778	0.00362222222222
0.0215057	0.002220876	0.0401777777778	0.00362222222222
0.02082022	0.002055662	0.0293777777778	0.00172222222222
0.0172898	0.003914767	0.0391555555556	0.00264444444444
0.02258864	0.0039266	0.0402333333333	0.00356666666667
0.02060978	0.002959905	0.0315	0.005
0.02317441	0.00323418	0.0375222222222	0.00447777777778
0.01858566	0.001549669	0.0311555555556	0.00174444444444
0.0273892	0.001692251	0.0348255555556	0.00194444444444
0.01927437	0.003235151	0.0356666666667	0.00473333333333
0.01692158	0.003038795	0.0344655555556	0.00484444444444
0.0223511	0.002020896	0.0402	0.0031
0.03159238	0.005071323	0.0394	0.0027
0.01831146	0.003116186	0.0385	0.0043
0.02523251	0.004063055	0.0382444444444	0.00435555555556
0.02342347	0.00308442	0.0403666666667	0.00343333333333
0.01955231	0.002096438	0.0340822222222	0.00487777777778
0.01864891	0.003045944	0.0393111111111	0.00408888888889
0.01955894	0.003202502	0.0378666666667	0.00443333333333
0.01220707	0.004218706	0.0208222222222	0.00447777777778
0.01318438	0.00284306	0.03993	0.0029
0.01970822	0.003121335	0.0375	0.0045
0.01942806	0.001526336	0.0393	0.0041
0.02444468	0.004363678	0.0396	0.004
0.0171529	0.003239542	0.0403088888889	0.00361111111111
0.01620897	0.001786144	0.0302888888889	0.00171111111111
0.02614551	0.002372955	0.0391444444444	0.00415555555556
0.01791345	0.00450103	0.0401777777778	0.00302222222222
0.01222606	0.002843961	0.0229333333333	0.00476666666667
0.01793445	0.003449205	0.0218555555556	0.00464444444444
0.03001252	0.001213876	0.0385555555556	0.00244444444444
0.0112996	0.002830324	0.0310666666667	0.00503333333333
0.02038034	0.003995052	0.0332555555556	0.00494444444444
0.02270963	0.002202684	0.0296	0.0017
0.02524959	0.00236503	0.0398666666667	0.00283333333333
0.0150287	0.002040666	0.0335666666667	0.00493333333333
0.02669873	0.001563273	0.0392444444444	0.00415555555556
0.01940622	0.003498532	0.0304444444444	0.00505555555556
0.02029468	0.002148696	0.0332444444444	0.00495555555556
0.02468247	0.002731047	0.0404155555556	0.00314444444444
0.01422959	0.002901525	0.0215777777778	0.00462222222222
0.01700942	0.00301893	0.0249555555556	0.00494444444444
0.01854332	0.003103167	0.0375777777778	0.00452222222222
0.01851305	0.002835538	0.0212222222222	0.00457777777778
0.01347754	0.002376248	0.0179111111111	0.00348888888889
0.02093123	0.002286143	0.0309644444444	0.00505555555556
0.01052312	0.002745214	0.0195333333333	0.00426666666667
0.01922284	0.002542758	0.0361777777778	0.00472222222222
0.01275839	0.002014893	0.0347111111111	0.00188888888889
0.02215592	0.00274953	0.0348444444444	0.00485555555556
0.02104509	0.002161953	0.0404222222222	0.00307777777778
0.01417507	0.00346351	0.0323888888889	0.00501111111111
0.02028277	0.00213854	0.0296222222222	0.00507777777778
0.02133254	0.002032987	0.0405444444444	0.00355555555556
0.01892053	0.002390508	0.0367444444444	0.00465555555556
0.02108796	0.001944178	0.0286222222222	0.00167777777778
0.01510378	0.00230497	0.0277333333333	0.00506666666667
0.01652965	0.001487428	0.0284222222222	0.00507777777778
0.01851121	0.005781228	0.0358333333333	0.00476666666667
0.01798472	0.004050019	0.0393333333333	0.00416666666667
0.01563808	0.00273031	0.0261777777778	0.00502222222222
0.01522289	0.003958085	0.0302222222222	0.00507777777778
0.02361305	0.002472656	0.0397666666667	0.00403333333333
0.02481898	0.002659171	0.0389733333333	0.00426666666667
0.02172888	0.00178932	0.0397777777778	0.00272222222222
0.01736976	0.002694109	0.0393222222222	0.00417777777778
0.01738053	0.003221953	0.0397866666667	0.00403333333333
0.02192071	0.003031	0.0390888888889	0.00251111111111
0.01938815	0.001289299	0.0376777777778	0.00222222222222
0.01839512	0.002105927	0.0306222222222	0.00167777777778
0.02513426	0.003545274	0.0406	0.0036
0.02090332	0.004380782	0.0405222222222	0.00367777777778
0.01628134	0.003677405	0.0284111111111	0.00508888888889
0.01896616	0.002704783	0.0375033333333	0.00456666666667
0.01777247	0.003171052	0.0309222222222	0.00507777777778
0.01992672	0.003516317	0.0347111111111	0.00488888888889
0.01556489	0.001803845	0.0184111111111	0.00278888888889
0.01609225	0.002046367	0.0354666666667	0.00193333333333
0.01922603	0.00152081	0.0404222222222	0.00377777777778
0.02427793	0.003397496	0.0400222222222	0.00277777777778
0.0143049	0.004867343	0.02902	0.0051
0.01028278	0.00350057	0.0195777777778	0.00432222222222
0.01594765	0.004394857	0.0277111111111	0.00508888888889
0.0182937	0.003963567	0.0284	0.0051
