root_height	pop_size	pi_net	pi_within
0.08028354	0.01213644	0.196893333333	0.0121666666667
0.05887743	0.004893339	0.196511111111	0.0117888888889
0.09477188	0.007571958	0.195065555556	0.0123444444444
0.1124576	0.006026238	0.194188888889	0.0120111111111
0.1116578	0.003903791	0.196433333333	0.0116666666667
0.1053517	0.005411258	0.194265555556	0.0122444444444
0.1164384	0.006571068	0.199075555556	0.0118444444444
0.1213735	0.007790195	0.198234444444	0.0124555555556
0.1124499	0.006416277	0.197815555556	0.0116444444444
0.1254862	0.006303971	0.199877777778	0.0121222222222
0.1191574	0.006341951	0.200005555556	0.0120444444444
0.114354	0.00903748	0.194355555556	0.0124444444444
0.1184904	0.006208948	0.199305555556	0.0124444444444
0.1077702	0.003395129	0.194911111111	0.0115888888889
0.1117085	0.006826821	0.196197777778	0.0115222222222
0.09954592	0.01384143	0.200682222222	0.0118777777778
0.0900974	0.008486865	0.196855555556	0.0114444444444
0.126362	0.004936479	0.192566666667	0.0122333333333
0.1256948	0.004056477	0.197448888889	0.0127111111111
0.1164258	0.003876248	0.200555555556	0.0117444444444
0.1162134	0.004877625	0.195171111111	0.0126888888889
0.07811966	0.008203272	0.198943333333	0.0126666666667
0.1312579	0.004643374	0.196354444444	0.0127555555556
0.1232136	0.005551064	0.197122222222	0.0113777777778
0.09961925	0.004989015	0.192635555556	0.0117444444444
0.1415428	0.004072884	0.199222222222	0.0114777777778
0.09920438	0.006023465	0.200922222222	0.0123777777778
0.1233465	0.005615951	0.192053333333	0.0120666666667
0.1317926	0.005789707	0.192444444444	0.0117555555556
0.1186488	0.008657728	0.201474444444	0.0121555555556
0.1032692	0.003036436	0.192097777778	0.0123222222222
0.1277807	0.006043761	0.201871111111	0.0121888888889
0.1086625	0.005274977	0.191977777778	0.0124222222222
0.1018531	0.005960803	0.193575555556	0.0113444444444
0.12873	0.005263889	0.202321111111	0.0122888888889
0.1020246	0.005830465	0.202486666667	0.0119333333333
0.1249389	0.002939234	0.192897777778	0.0127222222222
0.1037009	0.005094634	0.192922222222	0.0113777777778
0.1150271	0.005402095	0.196873333333	0.0129666666667
0.0990775	0.004483282	0.194628888889	0.0112111111111
0.1325459	0.006177835	0.199971111111	0.0112888888889
0.1226735	0.005880515	0.203	0.0121
0.1029862	0.005687676	0.193988888889	0.0129111111111
0.07946976	0.005567685	0.191952222222	0.0126777777778
0.131729	0.005338476	0.202513333333	0.0116666666667
0.1044481	0.00916248	0.19039	0.0122
0.09700946	0.004822046	0.190944444444	0.0116555555556
0.1098705	0.008157905	0.203077777778	0.0122222222222
0.107743	0.006675004	0.196666666667	0.0130333333333
0.1026216	0.009653003	0.19126	0.0115
0.1286164	0.004651596	0.203427777778	0.0120222222222
0.115903	0.003079028	0.190688888889	0.0125111111111
0.07805005	0.004369721	0.193955555556	0.0111444444444
0.129751	0.004805934	0.2025	0.0115
0.1272687	0.004251514	0.201811111111	0.0127888888889
0.09350012	0.009747231	0.191581111111	0.0127888888889
0.1233401	0.003964548	0.189922222222	0.0117777777778
0.09214709	0.006180437	0.189911111111	0.0123888888889
0.1167293	0.007481006	0.203887777778	0.0119222222222
0.1087563	0.006609003	0.199	0.0131
0.1066731	0.005926956	0.197334444444	0.0131555555556
0.1201083	0.003599056	0.203155555556	0.0115444444444
0.1212343	0.007246268	0.203988888889	0.0119111111111
0.1235397	0.003183863	0.204011111111	0.0122888888889
0.1217238	0.006881443	0.1918	0.0129
0.09168994	0.006884057	0.192444444444	0.0111555555556
0.1038384	0.00579932	0.190933333333	0.0113666666667
0.1229873	0.003706366	0.201933333333	0.0128666666667
0.0969841	0.007145848	0.202466666667	0.0113333333333
0.1104309	0.004224242	0.201777777778	0.0112222222222
0.1027004	0.004062679	0.192133333333	0.0129666666667
0.122557	0.00349248	0.200021111111	0.0130888888889
0.1247823	0.005997701	0.189396666667	0.0117333333333
0.1287993	0.005921982	0.202944444444	0.0127555555556
0.08122337	0.005799102	0.188787777778	0.0121222222222
0.09550917	0.005578773	0.188833333333	0.0118666666667
0.1052232	0.005856001	0.196893333333	0.0108666666667
0.1018679	0.007076473	0.190222222222	0.0127777777778
0.125523	0.005893473	0.192344444444	0.0110555555556
0.1318462	0.006789646	0.201522222222	0.0110777777778
0.08365495	0.005623569	0.188566666667	0.0120333333333
0.09877273	0.00607121	0.188622222222	0.0118777777778
0.1118763	0.007047975	0.204797777778	0.0118222222222
0.1230083	0.003439914	0.194633333333	0.0108666666667
0.09960875	0.005150754	0.195235555556	0.0108444444444
0.1104291	0.006317702	0.204454444444	0.0125555555556
0.1087753	0.004175916	0.188355555556	0.0121444444444
0.1105449	0.00406987	0.199513333333	0.0108666666667
0.1230884	0.004042187	0.188255555556	0.0119444444444
0.119055	0.006086402	0.204477777778	0.0126222222222
0.09431352	0.005200996	0.188734444444	0.0125555555556
0.08027639	0.008688221	0.193533333333	0.0108666666667
0.09993085	0.006343087	0.188053333333	0.0119666666667
0.1181224	0.005160009	0.188033333333	0.0119666666667
0.1099081	0.005217703	0.205222222222	0.0123777777778
0.09779307	0.00658413	0.190121111111	0.0111888888889
0.1263531	0.005266702	0.203415555556	0.0129444444444
0.100371	0.005261271	0.195771111111	0.0133888888889
0.09370312	0.004753768	0.190702222222	0.0110777777778
0.07833196	0.008850006	0.187826666667	0.0122333333333
0.1131081	0.003635026	0.188555555556	0.0126444444444
0.0914056	0.006943573	0.204175555556	0.0128444444444
0.1094015	0.004926506	0.202073333333	0.0131666666667
0.09686953	0.004446735	0.187711111111	0.0118888888889
0.1307477	0.005611151	0.204568888889	0.0128111111111
0.1276083	0.005745896	0.201255555556	0.0108444444444
0.107806	0.006949339	0.202311111111	0.0131888888889
0.1069776	0.006935668	0.203333333333	0.0110666666667
0.06183562	0.01293169	0.2061	0.0122
0.1011769	0.009642376	0.1899	0.0111
0.1260429	0.004312435	0.199288888889	0.0107111111111
0.1260204	0.00479516	0.187538888889	0.0124111111111
0.127418	0.003504897	0.201933333333	0.0108666666667
0.1189779	0.006190797	0.200258888889	0.0107111111111
0.1264838	0.002671413	0.188655555556	0.0112444444444
0.1103445	0.00517713	0.189266666667	0.0130333333333
0.08287292	0.007292381	0.191337777778	0.0108222222222
0.0682729	0.01375834	0.203708888889	0.0110111111111
0.1227884	0.008132869	0.187153333333	0.0116666666667
0.1001883	0.007676662	0.186688888889	0.0121111111111
0.1239084	0.005904932	0.199497777778	0.0106222222222
0.1258129	0.005263296	0.202944444444	0.0108555555556
0.1210329	0.004968691	0.200664444444	0.0106555555556
0.108174	0.007188373	0.186503333333	0.0119666666667
0.06243924	0.005726841	0.192724444444	0.0106555555556
0.104709	0.006161694	0.188051111111	0.0128888888889
0.1139655	0.006172161	0.1868	0.0116
0.04183313	0.006638469	0.1932	0.0106
0.1008045	0.004534391	0.1929	0.0106
0.1347193	0.004793762	0.206961111111	0.0124888888889
0.123544	0.004976926	0.202873333333	0.0107666666667
0.1266388	0.006170034	0.2037	0.0133
0.1104753	0.007197254	0.188018888889	0.0111111111111
0.1263695	0.005145776	0.20035	0.0136
0.1025244	0.006937579	0.185854444444	0.0120555555556
0.1114843	0.009827419	0.192433333333	0.0105666666667
0.09669904	0.005322782	0.2061	0.0112
0.08648164	0.005697976	0.185817777778	0.0123222222222
0.1446088	0.005630032	0.204973333333	0.0109666666667
0.1178731	0.003746409	0.198077777778	0.0104222222222
0.1103141	0.005545057	0.192907777778	0.0136222222222
0.1247761	0.003091835	0.205193333333	0.0131666666667
0.07534302	0.004136816	0.186451111111	0.0113888888889
0.101476	0.003928462	0.190655555556	0.0106444444444
0.1199993	0.002656954	0.188931111111	0.0132888888889
0.1275279	0.006426292	0.204644444444	0.0108555555556
0.1044506	0.007061031	0.186486666667	0.0113333333333
0.1386445	0.005082323	0.20788	0.0124
0.1309287	0.00475102	0.205885555556	0.0110444444444
0.1037008	0.005243917	0.187955555556	0.0109444444444
0.1239265	0.004357907	0.207877777778	0.0125222222222
0.09942656	0.006170443	0.18523	0.0119
0.1379105	0.004290907	0.200577777778	0.0104222222222
0.1295719	0.005195894	0.208436666667	0.0122333333333
0.1091648	0.005833467	0.202953333333	0.0105666666667
0.1027691	0.004806504	0.186008888889	0.0128111111111
0.1314158	0.006153405	0.190888888889	0.0136111111111
0.1308954	0.004220795	0.20858	0.0122
0.1299585	0.005060279	0.207702222222	0.0113777777778
0.1127809	0.003536233	0.191533333333	0.0104666666667
0.1227669	0.004831097	0.194377777778	0.0103222222222
0.1071154	0.003311141	0.201188888889	0.0104111111111
0.1161791	0.005828757	0.197002222222	0.0102777777778
0.09613816	0.002583048	0.185186666667	0.0115333333333
0.1315604	0.004336877	0.203077777778	0.0105222222222
0.1018129	0.007717209	0.206301111111	0.0131888888889
0.111856	0.005688944	0.204524444444	0.0106555555556
0.1077113	0.008592537	0.207462222222	0.0111777777778
0.1358365	0.005588478	0.209144444444	0.0120555555556
0.1133341	0.004753037	0.201355555556	0.0103444444444
0.0676057	0.007032902	0.186088888889	0.0111111111111
0.1120682	0.00507612	0.207662222222	0.0111777777778
0.0986195	0.005426157	0.192388888889	0.0138111111111
0.09811441	0.006903173	0.192066666667	0.0103333333333
0.1043493	0.005124088	0.184242222222	0.0118777777778
0.1067574	0.005072948	0.199446666667	0.0102333333333
0.1214904	0.0047755	0.207286666667	0.0110333333333
0.1151916	0.005616357	0.1842	0.0123
0.09764029	0.00431338	0.185623333333	0.0129666666667
0.1202455	0.003810664	0.184011111111	0.0121888888889
0.1070552	0.007459844	0.184235555556	0.0124444444444
0.09775936	0.01071943	0.186077777778	0.0131222222222
0.1000187	0.008531722	0.201222222222	0.0102777777778
0.1043851	0.006090131	0.193617777778	0.0139222222222
0.1282768	0.006197175	0.195233333333	0.0139666666667
0.08993976	0.008142534	0.185112222222	0.0128777777778
0.08762181	0.007465458	0.184311111111	0.0115888888889
0.1029707	0.008457052	0.184148888889	0.0125111111111
0.1086292	0.007476213	0.186122222222	0.0131777777778
0.09842198	0.00722955	0.185376666667	0.0111333333333
0.1262208	0.008485478	0.208978888889	0.0127111111111
0.125964	0.009581368	0.196458888889	0.0140111111111
0.1318639	0.004448904	0.203961111111	0.0136888888889
0.09620428	0.006309669	0.190757777778	0.0103222222222
0.07852205	0.009957931	0.190222222222	0.0137777777778
0.1192537	0.00399272	0.193053333333	0.0101666666667
0.1233531	0.009320655	0.194257777778	0.0101222222222
0.09730178	0.00675347	0.185477777778	0.0110222222222
0.1227104	0.005180139	0.1996	0.014
0.1297397	0.008445832	0.208711111111	0.0111888888889
0.1054593	0.005929772	0.183411111111	0.0118888888889
0.09065107	0.01349475	0.209754444444	0.0125555555556
0.1216815	0.006826033	0.187235555556	0.0106444444444
0.111071	0.006546162	0.191706666667	0.0139333333333
0.1050547	0.004625256	0.190017777778	0.0103222222222
0.1247949	0.005898185	0.208628888889	0.0130111111111
0.1112258	0.002453592	0.193457777778	0.0140222222222
0.09981054	0.00260823	0.1998	0.0101
0.1204678	0.007904547	0.199122222222	0.0100777777778
0.1204363	0.005659104	0.195355555556	0.0100444444444
0.1076576	0.005300448	0.191435555556	0.0139444444444
0.1070804	0.007579442	0.192111111111	0.0139888888889
0.128391	0.006552875	0.202477777778	0.0139222222222
0.1096513	0.005979882	0.189688888889	0.0103111111111
0.1091513	0.007588725	0.183411111111	0.0115888888889
0.0831958	0.004751423	0.184322222222	0.0111777777778
0.09220338	0.01007741	0.210177777778	0.0116222222222
0.1295829	0.004775069	0.185564444444	0.0108555555556
0.1186661	0.005554411	0.205311111111	0.0136888888889
0.1249575	0.005426466	0.184345555556	0.0111444444444
0.08511654	0.007049902	0.1834	0.0115
0.1089911	0.006026388	0.194778888889	0.0100111111111
0.1227032	0.005711924	0.204168888889	0.0103111111111
0.08725823	0.004346536	0.190025555556	0.0102444444444
0.1358737	0.005765093	0.2052	0.0104
0.08757518	0.005084701	0.198475555556	0.0141444444444
0.09381415	0.006016763	0.185305555556	0.0108444444444
0.1179886	0.004488261	0.185144444444	0.0108555555556
0.1017389	0.005224662	0.207166666667	0.0106333333333
0.1406081	0.006276136	0.210566666667	0.0125333333333
0.10829	0.008893996	0.193526666667	0.0141333333333
0.08658236	0.00616514	0.193496666667	0.0141333333333
0.09840167	0.006662258	0.209788888889	0.0129111111111
0.1093814	0.007648573	0.203808888889	0.0139111111111
0.1069934	0.004966125	0.200196666667	0.0141333333333
0.09899919	0.00973858	0.210922222222	0.0122777777778
0.1272936	0.004964351	0.207583333333	0.0106666666667
0.1277277	0.005506026	0.2104	0.0114
0.1035882	0.003105868	0.186444444444	0.0105555555556
0.1169546	0.005520877	0.185488888889	0.0107111111111
0.08748672	0.007326201	0.198597777778	0.00992222222222
0.08348979	0.01102793	0.184965555556	0.0133444444444
0.1301832	0.006079433	0.211231111111	0.0118888888889
0.1041994	0.006492749	0.202811111111	0.0100888888889
0.1157202	0.004399273	0.188644444444	0.0102555555556
0.1026277	0.006629838	0.182922222222	0.0127777777778
0.1173768	0.009211263	0.197951111111	0.00988888888889
0.08875896	0.006976199	0.204366666667	0.0139333333333
0.1280459	0.006681432	0.207738888889	0.0135111111111
0.1250376	0.007128079	0.195922222222	0.00987777777778
0.1247677	0.005953718	0.206033333333	0.0137666666667
0.1039899	0.005260361	0.188273333333	0.0138666666667
0.1268254	0.006400825	0.210111111111	0.0129888888889
0.1038112	0.006651288	0.191973333333	0.0141666666667
0.1246535	0.00557602	0.189911111111	0.0100888888889
0.0907717	0.004624246	0.181831111111	0.0120888888889
0.1016809	0.005665461	0.185581111111	0.0105888888889
0.09961275	0.005561102	0.185428888889	0.0106111111111
0.09367138	0.005137882	0.184711111111	0.0133888888889
0.1351426	0.003810966	0.207655555556	0.0105444444444
0.1149571	0.00534826	0.191255555556	0.0141444444444
0.1088874	0.006343951	0.186044444444	0.0136555555556
0.1184201	0.003030577	0.189238888889	0.0101111111111
0.1258037	0.007752222	0.211808888889	0.0119111111111
0.09804933	0.006014207	0.186733333333	0.0103666666667
0.1045964	0.004902725	0.182451111111	0.0112888888889
0.1097104	0.004629654	0.186441111111	0.0103888888889
0.1035568	0.008344197	0.194567777778	0.0143222222222
0.1394526	0.005198164	0.210011111111	0.0131888888889
0.1161257	0.004916523	0.204955555556	0.0101444444444
0.09384428	0.004409349	0.187355555556	0.0102444444444
0.1234744	0.003316102	0.212111111111	0.0119888888889
0.1145016	0.004923358	0.186343333333	0.0103666666667
0.1078103	0.003818095	0.195062222222	0.00977777777778
0.1113185	0.005181543	0.2067	0.0103
0.1326549	0.004347312	0.210935555556	0.0111444444444
0.1342476	0.005396872	0.211902222222	0.0115777777778
0.1289029	0.006106185	0.20378	0.01
0.1222042	0.005158515	0.204257777778	0.0100222222222
0.09745141	0.006874498	0.181761111111	0.0113888888889
0.1333233	0.007332334	0.210708888889	0.0110111111111
0.08506489	0.005139613	0.182955555556	0.0109444444444
0.08478037	0.009696503	0.181196666667	0.0117333333333
0.1118403	0.007369366	0.182285555556	0.0111444444444
0.03700989	0.01051378	0.181233333333	0.0116666666667
0.1306008	0.004945887	0.202866666667	0.0142333333333
0.1022137	0.006703317	0.182473333333	0.0130666666667
0.108304	0.006367214	0.183327777778	0.0108222222222
0.09842226	0.005657934	0.19442	0.0144
0.138158	0.008615702	0.211448888889	0.0112111111111
0.1131276	0.004323946	0.200333333333	0.00976666666667
0.1119178	0.005689425	0.197366666667	0.0144333333333
0.1257479	0.005745898	0.203726666667	0.00993333333333
0.1176882	0.008735817	0.212568888889	0.0123111111111
0.1072315	0.003580611	0.188044444444	0.0100555555556
0.10249	0.004975316	0.188397777778	0.0100222222222
0.09665343	0.005753745	0.185171111111	0.0103888888889
0.1137877	0.005453581	0.207483333333	0.0102666666667
0.09666768	0.00456773	0.197744444444	0.00965555555556
0.1082706	0.003210817	0.181588888889	0.0112111111111
0.1065793	0.009951166	0.197055555556	0.00964444444444
0.1133187	0.005720004	0.185873333333	0.0138666666667
0.1277342	0.00500003	0.210188888889	0.0107111111111
0.142137	0.004248581	0.206358888889	0.0101111111111
0.1079681	0.007169481	0.18088	0.0126
0.08536218	0.006036315	0.181882222222	0.0110777777778
0.08522144	0.006199202	0.19647	0.0145
0.09248905	0.0067323	0.21265	0.0115
0.09884213	0.004649823	0.182031111111	0.0109888888889
0.1023013	0.008220223	0.195888888889	0.0145111111111
0.1161819	0.01101253	0.213128888889	0.0120111111111
0.1201271	0.006057652	0.213164444444	0.0121555555556
0.1160105	0.006072044	0.21263	0.0114
0.1092124	0.006301433	0.191266666667	0.00973333333333
0.09723024	0.002928742	0.18054	0.0126
0.1015636	0.007760811	0.183778888889	0.0105111111111
0.0951062	0.006986729	0.20255	0.0144
0.1036938	0.00591292	0.212888888889	0.0127111111111
0.1412475	0.004284952	0.212962222222	0.0126777777778
0.1075656	0.007370835	0.201692222222	0.00967777777778
0.1409228	0.004888804	0.212688888889	0.0113111111111
0.07402897	0.004770458	0.179983333333	0.0121666666667
0.1235694	0.007294832	0.181102222222	0.0129777777778
0.1241975	0.006078932	0.20296	0.0144
0.1018557	0.006568154	0.180877777778	0.0112222222222
0.1132285	0.00751354	0.180113333333	0.0116666666667
0.1107841	0.004184362	0.195484444444	0.00955555555556
0.124426	0.005397004	0.213167777778	0.0126222222222
0.09436125	0.006011851	0.179893333333	0.0119666666667
0.09498541	0.006609553	0.182918888889	0.0106111111111
0.1016527	0.01056253	0.18108	0.0111
0.09645736	0.006110685	0.180264444444	0.0114555555556
0.1122611	0.003796507	0.181124444444	0.0110555555556
0.1201976	0.003655595	0.212577777778	0.0111222222222
0.1091426	0.005962851	0.182268888889	0.0107111111111
0.1041564	0.005378295	0.185151111111	0.0101888888889
0.1080854	0.007626715	0.183231111111	0.0104888888889
0.09529654	0.0063168	0.180717777778	0.0130222222222
0.1251566	0.006696861	0.213656666667	0.0115333333333
0.1111174	0.007439627	0.205823333333	0.0142666666667
0.1083206	0.007735984	0.212444444444	0.0131555555556
0.1198822	0.005941955	0.211723333333	0.0133666666667
0.1253874	0.004064491	0.204733333333	0.00976666666667
0.09234284	0.004920859	0.17945	0.0123
0.0869677	0.006679572	0.187402222222	0.00987777777778
0.123696	0.006402971	0.2081	0.0101
0.0759742	0.007518825	0.207655555556	0.0100444444444
0.1013288	0.006600354	0.179828888889	0.0114111111111
0.1081002	0.007406949	0.189524444444	0.0144555555556
0.08688534	0.006100442	0.179177777778	0.0120222222222
0.101512	0.005150761	0.180795555556	0.0109444444444
0.1321475	0.005199619	0.213293333333	0.0111666666667
0.0899756	0.004914854	0.181711111111	0.0106888888889
0.09383423	0.006502678	0.181804444444	0.0106555555556
0.08405185	0.004142918	0.179074444444	0.0119555555556
0.1311556	0.007220268	0.21046	0.0104
0.1180507	0.007625784	0.179084444444	0.0118555555556
0.1104119	0.005862902	0.190933333333	0.00956666666667
0.1158558	0.004183369	0.193413333333	0.00946666666667
0.06900304	0.00694249	0.179644444444	0.0113555555556
0.1117278	0.005744935	0.18617	0.0142
0.1176363	0.006819723	0.183552222222	0.0102777777778
0.08604736	0.004884404	0.180637777778	0.0109222222222
0.1051195	0.00605049	0.204324444444	0.00965555555556
0.1321255	0.005887858	0.205346666667	0.00973333333333
0.1174914	0.003815841	0.195088888889	0.00941111111111
0.1213448	0.0056949	0.180111111111	0.0110888888889
0.1329105	0.00603361	0.214551111111	0.0122888888889
0.09480839	0.006494779	0.17997	0.013
0.1293696	0.003848994	0.203511111111	0.00958888888889
0.1262521	0.004679559	0.182273333333	0.0104666666667
0.1233648	0.003289355	0.19945	0.0094
0.0943307	0.005381571	0.182693333333	0.0137666666667
0.1131555	0.003869707	0.190255555556	0.00954444444444
0.1392671	0.003812987	0.214763333333	0.0122666666667
0.11075	0.00381035	0.200457777778	0.00942222222222
0.11711	0.004148392	0.213591111111	0.0110888888889
0.1196613	0.00595563	0.189306666667	0.0145333333333
0.09406313	0.009489971	0.190587777778	0.00952222222222
0.09070853	0.005867234	0.184351111111	0.0100888888889
0.1238234	0.007261573	0.209795555556	0.0139444444444
0.1006034	0.007726724	0.205314444444	0.0144555555556
0.1153359	0.00446798	0.195644444444	0.00935555555556
0.1126475	0.009187439	0.2027	0.0095
0.1276319	0.009810689	0.19225	0.0147
0.1206271	0.005223845	0.214655555556	0.0125444444444
0.1366789	0.003000696	0.214944444444	0.0120555555556
0.05682891	0.006155494	0.178803333333	0.0125666666667
0.1309318	0.005633685	0.203894444444	0.00955555555556
0.1062053	0.006375324	0.179915555556	0.0131444444444
0.1254056	0.008582173	0.209597777778	0.0140222222222
0.09298886	0.006068429	0.178953333333	0.0113666666667
0.1065855	0.003522689	0.179164444444	0.0112555555556
0.09289329	0.00552013	0.186851111111	0.0143888888889
0.1120103	0.003138873	0.1885	0.0096
0.09640886	0.005348637	0.178968888889	0.0113111111111
0.1247885	0.003802788	0.214622222222	0.0113777777778
0.1166392	0.004254709	0.186622222222	0.0143777777778
0.113238	0.005478604	0.178218888889	0.0121111111111
0.1129274	0.008483168	0.197246666667	0.0148333333333
0.1141755	0.007553239	0.192612222222	0.0147777777778
0.1102846	0.00404389	0.17898	0.0129
0.1144842	0.005066727	0.209151111111	0.00998888888889
0.1000546	0.004453389	0.202836666667	0.00943333333333
0.1225939	0.003761948	0.180562222222	0.0106777777778
0.08224674	0.005427707	0.178502222222	0.0114777777778
0.1305302	0.004116931	0.205577777778	0.0145222222222
0.07592142	0.005954294	0.185955555556	0.0143444444444
0.08709785	0.007054303	0.1801	0.0108
0.1288897	0.008047199	0.191385555556	0.0147444444444
0.1079996	0.00320979	0.188494444444	0.00955555555556
0.1309409	0.006740143	0.215462222222	0.0121777777778
0.1024382	0.009349377	0.179155555556	0.0130444444444
0.09938178	0.007432792	0.197693333333	0.00926666666667
0.09033992	0.003237635	0.178077777778	0.0124222222222
0.1076231	0.004901677	0.186338888889	0.0144111111111
0.1161845	0.007106464	0.178345555556	0.0114444444444
0.123125	0.00458867	0.21534	0.0116
0.08538675	0.007915286	0.196855555556	0.00924444444444
0.1216819	0.004349634	0.199173333333	0.00926666666667
0.1275492	0.004194073	0.205275555556	0.00954444444444
0.1252438	0.005544147	0.212137777778	0.0104222222222
0.1264894	0.005461906	0.210864444444	0.0139555555556
0.1147417	0.007251297	0.177766666667	0.0120333333333
0.1233942	0.005019321	0.213233333333	0.0134666666667
0.1236112	0.006232844	0.206106666667	0.0145333333333
0.1060271	0.007826736	0.185513333333	0.00976666666667
0.1017511	0.004375434	0.182635555556	0.0101444444444
0.0770498	0.006463332	0.198197777778	0.00922222222222
0.09288577	0.008971618	0.1829	0.0101
0.09934425	0.01408005	0.196777777778	0.0149222222222
0.09341822	0.008610364	0.188642222222	0.00947777777778
0.09779072	0.007045383	0.179332222222	0.0108777777778
0.1229072	0.00937145	0.206951111111	0.0144888888889
0.07736077	0.007743137	0.179177777778	0.0132222222222
0.101991	0.00503242	0.1964	0.0092
0.09829577	0.004714751	0.1795	0.0108
0.1396012	0.004540386	0.213822222222	0.0133777777778
0.1287001	0.005855121	0.215457777778	0.0127222222222
0.1002769	0.005081613	0.179651111111	0.0133888888889
0.0980937	0.003117893	0.183055555556	0.0100444444444
0.09225153	0.003930595	0.177903333333	0.0126666666667
0.1250132	0.005906258	0.193728888889	0.0149111111111
0.1080968	0.006870474	0.182548888889	0.0101111111111
0.1253763	0.007879402	0.212	0.0103
0.1128466	0.005115365	0.192033333333	0.00926666666667
0.1043436	0.008314326	0.187033333333	0.00956666666667
0.1240434	0.005312744	0.208255555556	0.00974444444444
0.1402143	0.004219961	0.214845555556	0.0110444444444
0.1055551	0.007566876	0.184982222222	0.0143777777778
0.1077448	0.004115937	0.200328888889	0.00921111111111
0.1256347	0.008481079	0.213157777778	0.0136222222222
0.09951525	0.003882545	0.179333333333	0.0107666666667
0.09922243	0.007879054	0.1798	0.0135
0.1378405	0.004276157	0.214888888889	0.0110111111111
0.07805146	0.006505805	0.177212222222	0.0120777777778
0.1301054	0.004109884	0.215062222222	0.0130777777778
0.1000476	0.003960531	0.180302222222	0.0104777777778
0.08116382	0.007599293	0.193622222222	0.00917777777778
0.1089305	0.004603211	0.183488888889	0.00991111111111
0.1348445	0.004731902	0.214903333333	0.0109666666667
0.1159823	0.009325749	0.209683333333	0.0142666666667
0.1043738	0.007436313	0.186977777778	0.00952222222222
0.1186076	0.003510601	0.207231111111	0.00958888888889
0.09614349	0.006367256	0.185433333333	0.00966666666667
0.1038083	0.004042537	0.178327777778	0.0110222222222
0.0815761	0.008483712	0.215844444444	0.0113555555556
0.08270929	0.009267998	0.182844444444	0.0141555555556
0.07545938	0.005450599	0.177422222222	0.0126777777778
0.1242368	0.005093388	0.210811111111	0.00998888888889
0.08460191	0.004541766	0.177146666667	0.0116333333333
0.1072591	0.002523915	0.185195555556	0.00964444444444
0.1044665	0.008136291	0.180256666667	0.0137333333333
0.098224	0.003641054	0.182003333333	0.0100666666667
0.1256426	0.006761988	0.215011111111	0.0108888888889
0.104158	0.007205026	0.176854444444	0.0118555555556
0.1411878	0.00838502	0.2119	0.014
0.1275923	0.004878628	0.214722222222	0.0107777777778
0.1139504	0.004679549	0.199378888889	0.00911111111111
0.1300113	0.003480082	0.212555555556	0.0102444444444
0.1079289	0.005441553	0.193377777778	0.00912222222222
0.07957979	0.006045984	0.176715555556	0.0120444444444
0.1150112	0.004157686	0.215266666667	0.0109333333333
0.05515207	0.007195711	0.1876	0.0094
0.1122876	0.00682645	0.17913	0.0135
0.13356	0.006687596	0.2152	0.0109
0.1075909	0.007121735	0.177422222222	0.0128777777778
0.09275529	0.005623221	0.177435555556	0.0112444444444
0.1280797	0.003570072	0.216615555556	0.0116444444444
0.1104858	0.003812994	0.213244444444	0.0103555555556
0.1065685	0.005234729	0.181611111111	0.0100888888889
0.09342947	0.006896266	0.19998	0.0091
0.1032194	0.005542629	0.198413333333	0.0150666666667
0.1059474	0.005574582	0.176593333333	0.0119666666667
0.1283447	0.003288524	0.193651111111	0.00908888888889
0.100607	0.004516452	0.176577777778	0.0119222222222
0.1284722	0.003273341	0.209388888889	0.00971111111111
0.1032609	0.005287593	0.176565555556	0.0118444444444
0.07594522	0.007209404	0.17671	0.0125
0.1111905	0.01427974	0.207698888889	0.0146111111111
0.1108731	0.006453856	0.193833333333	0.00906666666667
0.1134582	0.006444009	0.2009	0.0091
0.09111691	0.006964553	0.17644	0.012
0.1061593	0.006842984	0.1975	0.0151
0.07631705	0.005268177	0.182124444444	0.00995555555556
0.0990583	0.00520939	0.18551	0.0146
0.1229063	0.006080008	0.187988888889	0.0148111111111
0.1646383	0.01298566	0.213511111111	0.0137888888889
0.1081726	0.005113258	0.18694	0.0094
0.09503499	0.005639554	0.177177777778	0.0129222222222
0.1105674	0.007767135	0.18444	0.0145
0.105719	0.00657941	0.2153	0.0108
0.1249425	0.007572146	0.200044444444	0.00905555555556
0.110098	0.01358983	0.188422222222	0.00927777777778
0.1239101	0.007444677	0.193244444444	0.00905555555556
0.1247243	0.004190363	0.215331111111	0.0107888888889
0.138408	0.004050677	0.216888888889	0.0126111111111
0.1061563	0.008775304	0.216093333333	0.0110666666667
0.10095	0.003486448	0.179135555556	0.0136444444444
0.1078956	0.004890087	0.185561111111	0.00948888888889
0.1123796	0.005220388	0.2021	0.0091
0.1100541	0.005412958	0.216308888889	0.0111111111111
0.1337276	0.00490725	0.216911111111	0.0126888888889
0.1148237	0.003752998	0.191166666667	0.0150333333333
0.09394109	0.005795351	0.188777777778	0.00922222222222
0.1160701	0.005394937	0.189713333333	0.0149666666667
0.1037789	0.005946959	0.176277777778	0.0116222222222
0.1059165	0.005183053	0.176062222222	0.0120777777778
0.1270898	0.003995157	0.211411111111	0.00988888888889
0.1377538	0.005829202	0.217445555556	0.0121444444444
0.09039848	0.005817366	0.176185555556	0.0116444444444
0.1010484	0.006861638	0.188477777778	0.00922222222222
0.09245126	0.008821597	0.179415555556	0.0103444444444
0.1303879	0.003212233	0.209113333333	0.00956666666667
0.09905651	0.006914207	0.177492222222	0.0108777777778
0.1247775	0.004921284	0.198623333333	0.0151666666667
0.1143366	0.006544392	0.214866666667	0.0105333333333
0.1034003	0.00379771	0.191364444444	0.00905555555556
0.09102894	0.004903534	0.178531111111	0.0135888888889
0.1141537	0.004558712	0.217082222222	0.0113777777778
0.1072859	0.007158997	0.182386666667	0.0143333333333
0.1077424	0.007672809	0.184324444444	0.00955555555556
0.1231041	0.004986627	0.196455555556	0.00894444444444
0.1083127	0.006138796	0.206971111111	0.0147888888889
0.1038823	0.007345761	0.182715555556	0.00974444444444
0.102668	0.006244205	0.175826666667	0.0122333333333
0.1217084	0.008452505	0.193723333333	0.0151666666667
0.1040051	0.005967689	0.178251111111	0.0105888888889
0.1401466	0.004727606	0.217433333333	0.0115666666667
0.127806	0.004730295	0.216566666667	0.0110333333333
0.1193786	0.00599042	0.190051111111	0.00908888888889
0.09363323	0.005732797	0.180022222222	0.0139777777778
0.09027165	0.006935832	0.175977777778	0.0126222222222
0.1134484	0.004562291	0.199655555556	0.00894444444444
0.07129836	0.01191254	0.181988888889	0.00981111111111
0.1081593	0.003743369	0.203433333333	0.00906666666667
0.1085388	0.003403095	0.186611111111	0.00928888888889
0.1029083	0.005439589	0.20914	0.0095
0.1069896	0.006874044	0.17628	0.0129
0.101692	0.007929055	0.202388888889	0.00901111111111
0.1183201	0.007309131	0.191544444444	0.0151555555556
0.1080912	0.002239966	0.182895555556	0.00964444444444
0.1287745	0.003927831	0.217775555556	0.0115444444444
0.1073788	0.007862225	0.179387777778	0.0139222222222
0.07201036	0.004486329	0.199788888889	0.00891111111111
0.09912011	0.005805568	0.178222222222	0.0104777777778
0.1045374	0.007189525	0.178017777778	0.0105222222222
0.09258833	0.005553404	0.186957777778	0.00922222222222
0.0858523	0.004804237	0.175377777778	0.0118222222222
0.09739707	0.00713614	0.175637777778	0.0126222222222
0.1280653	0.01224009	0.199355555556	0.0152444444444
0.1257649	0.008012859	0.215828888889	0.0106111111111
0.1205453	0.007683963	0.193466666667	0.0152333333333
0.104784	0.004001505	0.190922222222	0.00897777777778
0.06566093	0.01281792	0.179236666667	0.0139333333333
0.1025418	0.00339599	0.182433333333	0.00966666666667
0.1123173	0.00274511	0.191244444444	0.00895555555556
0.09724085	0.004424241	0.178266666667	0.0137333333333
0.09472512	0.007098309	0.178044444444	0.0104555555556
0.0871052	0.004706067	0.175771111111	0.0112888888889
0.09574915	0.00511952	0.175577777778	0.0127222222222
0.07912519	0.004888875	0.175633333333	0.0113666666667
0.1132039	0.004259009	0.207444444444	0.00925555555556
0.1069602	0.004003338	0.175333333333	0.0115666666667
0.1074811	0.004862633	0.175073333333	0.0120666666667
0.09322616	0.005873858	0.21668	0.0108
0.1055887	0.00527431	0.1806	0.0099
0.1036191	0.005748485	0.180315555556	0.00994444444444
0.1265735	0.004680003	0.212211111111	0.00978888888889
0.1103004	0.004583974	0.195377777778	0.00882222222222
0.1151261	0.006042224	0.191177777778	0.00892222222222
0.09897362	0.004653906	0.176648888889	0.0108111111111
0.09673174	0.004852436	0.175686666667	0.0112333333333
0.1201683	0.004032389	0.218422222222	0.0117777777778
0.1064056	0.004371571	0.182611111111	0.00958888888889
0.0977804	0.004533592	0.190555555556	0.00894444444444
0.09647904	0.006485269	0.177022222222	0.0106777777778
0.1029991	0.003915785	0.186602222222	0.00917777777778
0.1089557	0.008306942	0.175055555556	0.0124444444444
0.1001996	0.004491054	0.203255555556	0.00894444444444
0.1132207	0.003965053	0.176144444444	0.0109555555556
0.07705278	0.008865472	0.174843333333	0.0121666666667
0.1243289	0.00859698	0.214848888889	0.0139111111111
0.09765866	0.004084627	0.175655555556	0.0111444444444
0.1225552	0.002066434	0.205355555556	0.00904444444444
0.1255062	0.004500635	0.192425555556	0.00884444444444
0.1082587	0.003655178	0.189011111111	0.00898888888889
0.1011974	0.01227566	0.180383333333	0.0142666666667
0.129437	0.004616139	0.213022222222	0.0142777777778
0.1001427	0.00418956	0.199988888889	0.00881111111111
0.09868662	0.00744596	0.198292222222	0.00877777777778
0.09612519	0.007718682	0.1788	0.014
0.1300209	0.004545911	0.215	0.0102
0.1022047	0.004225841	0.1846	0.0093
0.09564998	0.008061497	0.183731111111	0.00938888888889
0.112176	0.008233357	0.195133333333	0.0153666666667
0.09699973	0.003917236	0.175051111111	0.0113888888889
0.1226157	0.004352512	0.194833333333	0.00876666666667
0.08190972	0.005977075	0.1746	0.0123
0.0940729	0.006312212	0.175677777778	0.0131222222222
0.1026647	0.006307688	0.180602222222	0.00977777777778
0.1053501	0.006251978	0.177471111111	0.0103888888889
0.08395117	0.0049723	0.1764	0.0107
0.12494	0.002058879	0.2081	0.0092
0.09403276	0.007605251	0.17476	0.0115
0.1013281	0.006335193	0.174477777778	0.0123222222222
0.1034138	0.004535794	0.182895555556	0.00944444444444
0.0989296	0.005921112	0.174688888889	0.0115111111111
0.1120731	0.003495599	0.187306666667	0.00903333333333
0.09645022	0.002798608	0.1852	0.0092
0.1233536	0.007625757	0.207566666667	0.00913333333333
0.09789302	0.01071025	0.18376	0.0148
0.09226656	0.008520443	0.174451111111	0.0116888888889
0.1299247	0.006193056	0.176915555556	0.0136444444444
0.111555	0.006406137	0.174676666667	0.0114333333333
0.1166451	0.004234015	0.18305	0.0094
0.1045092	0.00542948	0.177744444444	0.0102555555556
0.09158178	0.005001276	0.176264444444	0.0106555555556
0.09006965	0.006215714	0.186604444444	0.00905555555556
0.09423783	0.003054819	0.174226666667	0.0118333333333
0.1147392	0.006844218	0.216311111111	0.0103888888889
0.1120437	0.007231652	0.216155555556	0.0103444444444
0.1362212	0.007344235	0.21912	0.0116
0.1244431	0.003553819	0.200706666667	0.00873333333333
0.1014275	0.005273627	0.176743333333	0.0104666666667
0.1050716	0.004177227	0.186255555556	0.00904444444444
0.1259664	0.005206534	0.218227777778	0.0132222222222
0.08910238	0.006216551	0.176465555556	0.0136444444444
0.1240055	0.004634598	0.1881	0.0089
0.1086614	0.005866173	0.183077777778	0.00932222222222
0.1288031	0.005388887	0.20078	0.0087
0.1195101	0.004745263	0.196215555556	0.00864444444444
0.1041423	0.0054914	0.180037777778	0.00972222222222
0.1062435	0.007426541	0.182544444444	0.0147555555556
0.1305667	0.008536051	0.214822222222	0.0141777777778
0.1170832	0.005417767	0.196166666667	0.00863333333333
0.0961903	0.00418918	0.189177777778	0.00882222222222
0.09347814	0.006394518	0.175134444444	0.0132555555556
0.1233145	0.006041897	0.198246666667	0.00863333333333
0.09763638	0.003452213	0.186733333333	0.00896666666667
0.09711047	0.007438996	0.174966666667	0.0109333333333
0.0833968	0.004971877	0.174784444444	0.0131555555556
0.04693234	0.008303437	0.174053333333	0.0127666666667
0.1372191	0.003276161	0.219188888889	0.0112111111111
0.09600714	0.005168247	0.177455555556	0.0101444444444
0.068801	0.009595444	0.173557777778	0.0121222222222
0.147253	0.00668862	0.206548888889	0.0152111111111
0.107934	0.006211586	0.1957	0.0086
0.08767236	0.006312625	0.186541111111	0.0151888888889
0.08651357	0.003964507	0.173625555556	0.0124444444444
0.1273508	0.003127513	0.209811111111	0.00918888888889
0.1002361	0.004020802	0.176988888889	0.0139111111111
0.1347037	0.003633904	0.208791111111	0.00908888888889
0.09735958	0.003103083	0.180026666667	0.00963333333333
0.100853	0.005559005	0.175166666667	0.0107333333333
0.1095864	0.003729178	0.219255555556	0.0111444444444
0.07972894	0.005555208	0.178073333333	0.0141666666667
0.1058005	0.006407786	0.185566666667	0.0151333333333
0.1226569	0.003621446	0.206411111111	0.00888888888889
0.07963106	0.003570439	0.179133333333	0.00976666666667
0.08636225	0.008672883	0.173726666667	0.0127333333333
0.09669533	0.009556769	0.17779	0.01
0.09792267	0.003984341	0.181955555556	0.00934444444444
0.08811264	0.005419675	0.177831111111	0.00998888888889
0.100261	0.00449753	0.191244444444	0.00865555555556
0.1015132	0.004293529	0.173308888889	0.0118111111111
0.09923421	0.00502613	0.173244444444	0.0120555555556
0.09820141	0.005288458	0.197644444444	0.00855555555556
0.02622739	0.007259466	0.173641111111	0.0113888888889
0.1308167	0.008543268	0.217311111111	0.0137888888889
0.102022	0.003602759	0.203531111111	0.00868888888889
0.1020717	0.005857552	0.173143333333	0.0122666666667
0.1064036	0.003273106	0.185272222222	0.00897777777778
0.08132633	0.005924249	0.173344444444	0.0115555555556
0.1040128	0.006007142	0.173928888889	0.0130111111111
0.1111665	0.005314891	0.17914	0.0097
0.1153523	0.009588772	0.219527777778	0.0130222222222
0.1232774	0.01355639	0.219633333333	0.0129666666667
0.1000728	0.004734294	0.193193333333	0.00856666666667
0.1239229	0.01001492	0.215618888889	0.0142111111111
0.09706835	0.005158022	0.180288888889	0.00951111111111
0.09990102	0.004859138	0.174225555556	0.0109444444444
0.1039642	0.004306933	0.1875	0.0088
0.1063804	0.004825771	0.187933333333	0.00876666666667
0.08444033	0.00591641	0.175288888889	0.0136111111111
0.1226008	0.006156547	0.219101111111	0.0132888888889
0.09986328	0.005184062	0.184266666667	0.00903333333333
0.1013899	0.006840815	0.176911111111	0.0100888888889
0.1277495	0.005511067	0.172888888889	0.0121111111111
0.09885237	0.004047803	0.1747	0.0107
0.1037461	0.003415711	0.184288888889	0.0151111111111
0.115159	0.003082521	0.205266666667	0.00873333333333
0.1237433	0.007237204	0.175024444444	0.0135555555556
0.09112667	0.008224586	0.17286	0.0122
0.08162555	0.006815637	0.178944444444	0.0144555555556
0.1270312	0.004432447	0.213104444444	0.00945555555556
0.1002815	0.002537728	0.189444444444	0.00865555555556
0.07347389	0.007114624	0.173111111111	0.0126888888889
0.09973647	0.008480466	0.173027777778	0.0126222222222
0.1014949	0.006749465	0.188844444444	0.0154555555556
0.07496201	0.008163532	0.193277777778	0.0156222222222
0.1225661	0.004992525	0.214211111111	0.00958888888889
0.1239889	0.004990345	0.213433333333	0.00946666666667
0.1350274	0.00515009	0.215244444444	0.00975555555556
0.1082097	0.008313653	0.211844444444	0.00925555555556
0.1027249	0.006849022	0.172844444444	0.0115555555556
0.134662	0.002913336	0.213611111111	0.00948888888889
0.1106725	0.005259988	0.214615555556	0.00964444444444
0.1017235	0.004661896	0.173651111111	0.0109888888889
0.09902124	0.004939913	0.1804	0.0094
0.09443104	0.002336586	0.177533333333	0.00986666666667
0.1041004	0.005086136	0.208301111111	0.00888888888889
0.1066957	0.002585403	0.192148888889	0.00851111111111
0.1012307	0.004717974	0.180755555556	0.00934444444444
0.08947699	0.006099843	0.172542222222	0.0122777777778
0.1028693	0.004911681	0.173082222222	0.0112777777778
0.1112806	0.003722136	0.1878	0.0087
0.1361643	0.005894602	0.207984444444	0.00885555555556
0.1039117	0.004978646	0.198844444444	0.00845555555556
0.1266828	0.006821971	0.195215555556	0.00844444444444
0.09713661	0.005296039	0.201658888889	0.00851111111111
0.09296442	0.005096291	0.17256	0.0117
0.1629576	0.005395054	0.220055555556	0.0110444444444
0.09636279	0.007711148	0.183588888889	0.00901111111111
0.1355132	0.002746532	0.221066666667	0.0120333333333
0.1316151	0.003569583	0.200203333333	0.00846666666667
0.1227241	0.006119796	0.19526	0.0157
0.0934009	0.004593898	0.180175555556	0.0147444444444
0.1177797	0.002733482	0.197677777778	0.00842222222222
0.1314734	0.004003006	0.207302222222	0.00877777777778
0.06921345	0.008449333	0.174822222222	0.0136777777778
0.09924623	0.004757871	0.180091111111	0.00938888888889
0.1012596	0.006395954	0.182644444444	0.0150555555556
0.09906481	0.005382597	0.175793333333	0.0101666666667
0.09311322	0.003303718	0.1722	0.0122
0.1121582	0.005085631	0.191602222222	0.00847777777778
0.1407286	0.005918667	0.221312222222	0.0119777777778
0.1075036	0.005300302	0.218844444444	0.0104555555556
0.1234478	0.004267422	0.217666666667	0.0101333333333
0.110276	0.005950874	0.175555555556	0.0139444444444
0.09135301	0.008117124	0.173222222222	0.0131777777778
0.09965386	0.006039996	0.177433333333	0.00976666666667
0.1020068	0.006876617	0.183444444444	0.00895555555556
0.07916205	0.005847317	0.172655555556	0.0112444444444
0.1309307	0.006803241	0.217346666667	0.0100333333333
0.1335974	0.00659965	0.212528888889	0.0149111111111
0.07813263	0.007254803	0.207408888889	0.0154111111111
0.09255365	0.005560591	0.199871111111	0.00838888888889
0.1058701	0.004516119	0.183826666667	0.0152333333333
0.1060785	0.005283857	0.189277777778	0.00852222222222
0.1014923	0.004592166	0.172022222222	0.0124777777778
0.09025403	0.007487554	0.1915	0.0157
0.1269365	0.005054633	0.208362222222	0.00877777777778
0.09366541	0.005806672	0.173362222222	0.0107777777778
0.09298581	0.004910291	0.174233333333	0.0104666666667
0.1335294	0.004246624	0.213577777778	0.00932222222222
0.08759775	0.006459244	0.171988888889	0.0116111111111
0.07483132	0.007893698	0.172955555556	0.0109444444444
0.1028919	0.004578565	0.199044444444	0.00835555555556
0.1169644	0.005231782	0.188255555556	0.00854444444444
0.08282478	0.005515621	0.182891111111	0.0151888888889
0.08632566	0.006255995	0.173025555556	0.0108444444444
0.1246411	0.004858602	0.193475555556	0.00834444444444
0.09651131	0.004402591	0.194697777778	0.00832222222222
0.09078262	0.007853579	0.178166666667	0.00953333333333
0.08107475	0.00608855	0.182311111111	0.00898888888889
0.08370788	0.004934259	0.172924444444	0.0108555555556
0.08854556	0.01145059	0.186291111111	0.0154888888889
0.09416954	0.004207317	0.173311111111	0.0106888888889
0.08736021	0.007430418	0.173691111111	0.0135888888889
0.09386281	0.004803674	0.172433333333	0.0110666666667
0.09553097	0.005599682	0.1771	0.0097
0.1234726	0.006353302	0.195626666667	0.0158333333333
0.111439	0.004144255	0.194488888889	0.00831111111111
0.1065305	0.006207306	0.187725555556	0.00854444444444
0.09358742	0.006989698	0.171666666667	0.0116333333333
0.1284949	0.007118322	0.220134444444	0.0106555555556
0.1057993	0.00475905	0.171848888889	0.0127111111111
0.1550951	0.007924095	0.219478888889	0.0137111111111
0.1023212	0.004510437	0.183777777778	0.00882222222222
0.09543658	0.00657194	0.177488888889	0.00961111111111
0.1339735	0.004775639	0.220733333333	0.0108666666667
0.09484739	0.003158026	0.172671111111	0.0108888888889
0.09720308	0.006053233	0.178526666667	0.00943333333333
0.1442191	0.005882235	0.219276666667	0.0103333333333
0.0991919	0.005009917	0.172411111111	0.0109888888889
0.1120351	0.003880122	0.186188888889	0.00861111111111
0.09486468	0.007000648	0.184677777778	0.00872222222222
0.09204531	0.003961827	0.177522222222	0.00957777777778
0.1260372	0.003636981	0.214111111111	0.00928888888889
0.1073306	0.004705644	0.181477777778	0.00902222222222
0.09730146	0.00554367	0.176894444444	0.0144555555556
0.1099246	0.004325301	0.182166666667	0.00893333333333
0.1285793	0.004622132	0.221288888889	0.0131111111111
0.09196361	0.006246132	0.171351111111	0.0124888888889
0.1265458	0.00414442	0.199433333333	0.00826666666667
0.1239594	0.00695727	0.181166666667	0.00903333333333
0.1285026	0.005739556	0.208997777778	0.0154222222222
0.1074387	0.006397156	0.200442222222	0.00827777777778
0.07592836	0.006830056	0.171511111111	0.0113888888889
0.09514835	0.005970196	0.192511111111	0.00828888888889
0.1342519	0.007974007	0.220776666667	0.0107333333333
0.09137955	0.007698708	0.171188888889	0.0117111111111
0.1120076	0.004114668	0.191388888889	0.00831111111111
0.09507987	0.0059497	0.172772222222	0.0106777777778
0.1438765	0.004098593	0.218966666667	0.0101333333333
0.1057957	0.005954146	0.216772222222	0.0144777777778
0.1028208	0.00453704	0.197377777778	0.00822222222222
0.08583012	0.00569633	0.170987777778	0.0121222222222
0.09089283	0.006501242	0.176644444444	0.00965555555556
0.0857609	0.0103465	0.20312	0.0158
0.1294127	0.005135407	0.192433333333	0.00826666666667
0.08641553	0.007931638	0.177024444444	0.0145555555556
0.1141286	0.00731114	0.196127777778	0.0159222222222
0.0965038	0.003570464	0.199636666667	0.00823333333333
0.1074639	0.005360269	0.172622222222	0.0106777777778
0.08970754	0.005364539	0.172726666667	0.0106333333333
0.1295993	0.004591338	0.222573333333	0.0118666666667
0.06412971	0.009334	0.171955555556	0.0109444444444
0.152065	0.005745569	0.221066666667	0.0107333333333
0.07279453	0.007341393	0.17332	0.0104
0.1057851	0.002800427	0.183204444444	0.00875555555556
0.09949569	0.005650148	0.171084444444	0.0114555555556
0.126672	0.004682746	0.214644444444	0.00925555555556
0.1247747	0.008591709	0.2175	0.0144
0.1230902	0.0032034	0.200966666667	0.00823333333333
0.08921116	0.004269894	0.176578888889	0.00961111111111
0.09200877	0.008711119	0.171111111111	0.0113888888889
0.1111409	0.003926953	0.186833333333	0.00846666666667
0.1316117	0.003568201	0.218066666667	0.00983333333333
0.08043978	0.00789891	0.174061111111	0.0139888888889
0.1038864	0.004923152	0.172236666667	0.0107333333333
0.09389526	0.007255758	0.172322222222	0.0106777777778
0.08386554	0.008801834	0.207517777778	0.0156222222222
0.1002829	0.008356712	0.179233333333	0.0149666666667
0.1162346	0.005128911	0.172477777778	0.0135222222222
0.1066535	0.003991742	0.2074	0.0085
0.1225655	0.00452175	0.192077777778	0.00822222222222
0.09784728	0.003285343	0.182975555556	0.00874444444444
0.08046154	0.005241138	0.202853333333	0.00826666666667
0.07921037	0.006149613	0.170666666667	0.0117333333333
0.133716	0.004599572	0.222736666667	0.0116333333333
0.1032218	0.004768839	0.198633333333	0.00816666666667
0.09323038	0.00545912	0.193351111111	0.00818888888889
0.09949525	0.005443678	0.203555555556	0.0158444444444
0.0901854	0.005978656	0.1727	0.0105
0.1076448	0.003029637	0.1924	0.0082
0.09125241	0.005256945	0.187722222222	0.00837777777778
0.1077566	0.006364495	0.176555555556	0.00954444444444
0.1065087	0.004103414	0.179377777778	0.0150222222222
0.129669	0.004985586	0.211815555556	0.00884444444444
0.09921174	0.003669426	0.2043	0.0083
0.08102771	0.007671828	0.17078	0.0114
0.07460363	0.005940124	0.194315555556	0.00814444444444
0.1209654	0.003998596	0.217133333333	0.00956666666667
0.1265704	0.002923146	0.200144444444	0.00815555555556
0.1344463	0.003526057	0.216711111111	0.00948888888889
0.09661519	0.007669021	0.179928888889	0.0151111111111
0.1029911	0.00401238	0.180646666667	0.00893333333333
0.1030105	0.003645903	0.180444444444	0.00895555555556
0.1055164	0.003678386	0.1742	0.01
0.1327925	0.007735275	0.217855555556	0.0144444444444
0.09967681	0.003671725	0.178652222222	0.00917777777778
0.1138831	0.003181786	0.181911111111	0.00878888888889
0.103746	0.004947709	0.175291111111	0.0143888888889
0.1276599	0.003237583	0.198877777778	0.00812222222222
0.09568805	0.007296203	0.186055555556	0.00844444444444
0.102426	0.005482956	0.170933333333	0.0111666666667
0.1283284	0.005205187	0.217058888889	0.0146111111111
0.1063087	0.004166031	0.184555555556	0.00854444444444
0.09561962	0.005322617	0.170377777778	0.0125222222222
0.1033813	0.00253813	0.189866666667	0.00823333333333
0.1242746	0.005156789	0.20574	0.0158
0.09442735	0.003809917	0.170186666667	0.0122333333333
0.09987246	0.00654686	0.212977777778	0.00892222222222
0.12847	0.0067002	0.220897777778	0.0137222222222
0.1112391	0.007929631	0.1951	0.0081
0.1013889	0.003991477	0.1826	0.0087
0.1020135	0.004753945	0.172642222222	0.0103777777778
0.1053789	0.005232228	0.191473333333	0.00816666666667
0.09976709	0.005043183	0.189606666667	0.00823333333333
0.1054001	0.007836832	0.170184444444	0.0117555555556
0.1224362	0.001543235	0.187677777778	0.00832222222222
0.09801324	0.006527537	0.208726666667	0.0156333333333
0.08225093	0.01007168	0.20134	0.016
0.1258068	0.004183959	0.222517777778	0.0131222222222
0.08724804	0.008183907	0.1713	0.0133
0.1351368	0.003859618	0.214522222222	0.00907777777778
0.1205675	0.004289772	0.222766666667	0.0111333333333
0.1004183	0.004147301	0.190422222222	0.00817777777778
0.1006266	0.006826029	0.169984444444	0.0122555555556
0.130229	0.006492542	0.223555555556	0.0119444444444
0.09680261	0.007843018	0.175684444444	0.0145555555556
0.09449778	0.003172552	0.171103333333	0.0108666666667
0.1007592	0.004534053	0.185266666667	0.00843333333333
0.1438323	0.003401355	0.214455555556	0.00904444444444
0.1004514	0.004332822	0.176722222222	0.00937777777778
0.1318579	0.006198992	0.213418888889	0.00891111111111
0.08305186	0.004049285	0.182111111111	0.00868888888889
0.08873268	0.005473026	0.171033333333	0.0108666666667
0.1239247	0.004783428	0.215925555556	0.00924444444444
0.08435747	0.005917988	0.1711	0.0133
0.09758283	0.006847592	0.171733333333	0.0105666666667
0.09941546	0.006026968	0.177088888889	0.00931111111111
0.1232272	0.00555974	0.22136	0.0137
0.1009709	0.006057243	0.1736	0.01
0.09494697	0.01442934	0.174055555556	0.0142444444444
0.1359056	0.003665372	0.213311111111	0.00888888888889
0.1256003	0.007207288	0.222777777778	0.0110222222222
0.08617975	0.0131086	0.169876666667	0.0124333333333
0.0936204	0.004665034	0.188577777778	0.00822222222222
0.09408458	0.003601403	0.171506666667	0.0106333333333
0.09469538	0.004584484	0.183444444444	0.00855555555556
0.08195798	0.008855856	0.178602222222	0.00907777777778
0.1249647	0.003212027	0.217933333333	0.00956666666667
0.09515875	0.005479861	0.169933333333	0.0125666666667
0.1251411	0.006445109	0.190004444444	0.00815555555556
0.1076356	0.002081245	0.174155555556	0.00984444444444
0.08727794	0.004006801	0.171934444444	0.0104555555556
0.09525299	0.006379651	0.178524444444	0.0150555555556
0.08506857	0.004445025	0.176471111111	0.00938888888889
0.09572706	0.01244369	0.177488888889	0.0149111111111
0.0946148	0.00327633	0.185602222222	0.00837777777778
0.1330657	0.007895638	0.210333333333	0.00856666666667
0.1052926	0.003434011	0.180537777778	0.00882222222222
0.125191	0.003825096	0.217817777778	0.00952222222222
0.08727116	0.004441238	0.189644444444	0.00815555555556
0.08158632	0.007260774	0.169633333333	0.0118666666667
0.09121991	0.005680952	0.172526666667	0.0102333333333
0.127416	0.002675981	0.197288888889	0.00801111111111
0.1162243	0.007583118	0.197438888889	0.00801111111111
0.1016888	0.004012533	0.171966666667	0.0137333333333
0.09663716	0.006018858	0.174711111111	0.00968888888889
0.1243873	0.003440156	0.199177777778	0.00802222222222
0.1097253	0.006790991	0.205288888889	0.00821111111111
0.1061698	0.004854075	0.179517777778	0.00892222222222
0.1017293	0.005839286	0.169844444444	0.0114555555556
0.09317178	0.003634658	0.183155555556	0.00854444444444
0.09836456	0.007474972	0.222744444444	0.0132555555556
0.1030227	0.004968369	0.169766666667	0.0115333333333
0.1450483	0.006976568	0.223935555556	0.0119444444444
0.09574314	0.006584541	0.177277777778	0.00922222222222
0.108859	0.00310338	0.171068888889	0.0107111111111
0.1007782	0.007577132	0.202222222222	0.00807777777778
0.0937115	0.004712441	0.175386666667	0.00953333333333
0.0833133	0.005402634	0.172366666667	0.0102333333333
0.09265936	0.004047399	0.175122222222	0.00957777777778
0.07749351	0.005530346	0.169455555556	0.0119444444444
0.1034911	0.004890202	0.169621111111	0.0115888888889
0.1271483	0.0143621	0.178884444444	0.0151555555556
0.1076688	0.006011343	0.171177777778	0.0106222222222
0.08812299	0.007117293	0.175064444444	0.0145555555556
0.09655942	0.006167212	0.171904444444	0.0103555555556
0.09142645	0.004349441	0.176	0.0094
0.1082474	0.003582574	0.1936	0.008
0.08377272	0.004518682	0.169437777778	0.0117222222222
0.09070929	0.004683369	0.169588888889	0.0115111111111
0.09714336	0.005956371	0.183522222222	0.00847777777778
0.09884064	0.007918091	0.171377777778	0.0136222222222
0.09702514	0.005509373	0.172844444444	0.0100555555556
0.1170028	0.006524536	0.209555555556	0.00844444444444
0.1141017	0.008308519	0.223855555556	0.0114444444444
0.1046081	0.00389483	0.187378888889	0.00821111111111
0.07239058	0.005783822	0.183855555556	0.00844444444444
0.1047756	0.005709938	0.1696	0.0127
0.1228187	0.00836199	0.2202	0.0142
0.101541	0.004149363	0.181	0.0087
0.0979931	0.003378038	0.180666666667	0.00873333333333
0.1114194	0.00542134	0.198493333333	0.00796666666667
0.0922105	0.005678167	0.170883333333	0.0106666666667
0.1396588	0.004837059	0.220958888889	0.0140111111111
0.1508082	0.005028974	0.224211111111	0.0118888888889
0.09529445	0.005873066	0.17363	0.0143
0.09911996	0.009229889	0.1721	0.0139
0.08968295	0.005283055	0.169788888889	0.0112111111111
0.133722	0.003740599	0.219711111111	0.00978888888889
0.09148329	0.006986061	0.171033333333	0.0135666666667
0.1189612	0.003079165	0.203144444444	0.00805555555556
0.08053779	0.007550248	0.190966666667	0.00803333333333
0.1412816	0.00773975	0.221302222222	0.0101777777778
