root_height	pop_size	pi_net	pi_within
0.01539789	0.006758866	0.0334444444444	0.0131555555556
0.02337611	0.007919296	0.0331777777778	0.0131222222222
0.01428013	0.006683502	0.0336566666667	0.0131333333333
0.01561298	0.004149167	0.0334444444444	0.0130555555556
0.02650616	0.003589746	0.0339577777778	0.0131222222222
0.02033388	0.006522746	0.0327988888889	0.0131111111111
0.02702372	0.008035985	0.0326777777778	0.0131222222222
0.02313034	0.0066855	0.0333288888889	0.0130111111111
0.01689814	0.007769651	0.0329777777778	0.0132222222222
0.03281741	0.004626639	0.0336444444444	0.0132555555556
0.02070719	0.004486149	0.0333144444444	0.0129555555556
0.02139126	0.004988272	0.0324288888889	0.0132111111111
0.02586838	0.003499603	0.0343666666667	0.0132333333333
0.01706435	0.00615319	0.0330055555556	0.0129444444444
0.02328283	0.005101267	0.0347244444444	0.0131555555556
0.02050783	0.004939062	0.03206	0.0131
0.01663519	0.009942597	0.0346888888889	0.0130111111111
0.02057152	0.007712685	0.0341166666667	0.0133333333333
0.02050993	0.005260982	0.0334222222222	0.0128777777778
0.02139056	0.006167235	0.0320111111111	0.0129888888889
0.02010448	0.003862648	0.0341111111111	0.0128888888889
0.02432065	0.005651159	0.0320533333333	0.0129666666667
0.02764301	0.008880552	0.0320522222222	0.0132777777778
0.02170763	0.01001238	0.0317577777778	0.0132222222222
0.01941242	0.005572741	0.0316288888889	0.0132111111111
0.0292391	0.006009811	0.03376	0.0134
0.02560185	0.006915226	0.0342422222222	0.0133777777778
0.02303103	0.003962959	0.03502	0.0133
0.02040066	0.00367921	0.0322533333333	0.0133666666667
0.02191495	0.007471038	0.0313777777778	0.0131222222222
0.01937931	0.005997667	0.0353311111111	0.0129888888889
0.02541613	0.006668251	0.0354688888889	0.0132111111111
0.02311946	0.005254734	0.0347333333333	0.0128666666667
0.03532789	0.004309354	0.0349111111111	0.0128888888889
0.01734559	0.005662603	0.0356188888889	0.0131111111111
0.02560233	0.003459414	0.0348644444444	0.0128555555556
0.02721863	0.007634068	0.0354844444444	0.0129555555556
0.02681828	0.004745261	0.0319888888889	0.0134111111111
0.0214276	0.003203519	0.0321888888889	0.0128111111111
0.02292688	0.007337071	0.03187	0.0134
0.01506836	0.003067143	0.0324111111111	0.0127888888889
0.01952551	0.005744879	0.0359111111111	0.0131888888889
0.02169317	0.005450319	0.0322422222222	0.0127777777778
0.024874	0.005699048	0.03126	0.0129
0.02188607	0.006296427	0.0328888888889	0.0135111111111
0.02306031	0.005198345	0.0316777777778	0.0128222222222
0.02833141	0.005242582	0.0360777777778	0.0131222222222
0.02535798	0.005928135	0.0356866666667	0.0133333333333
0.01412275	0.008325027	0.0312533333333	0.0133666666667
0.0202494	0.00907203	0.0311355555556	0.0133444444444
0.02215084	0.00774924	0.0349022222222	0.0127777777778
0.02743204	0.004507751	0.0360111111111	0.0129888888889
0.02226851	0.01001941	0.0310188888889	0.0129111111111
0.01646911	0.007625064	0.03323	0.0127
0.0218033	0.007466612	0.0356822222222	0.0133777777778
0.01960588	0.0053133	0.0329	0.0127
0.01276806	0.007497876	0.0306822222222	0.0129777777778
0.025397	0.004971097	0.0358322222222	0.0128777777778
0.02797489	0.008147535	0.03138	0.0128
0.02164885	0.007690874	0.0318355555556	0.0127444444444
0.01971459	0.006336282	0.0325444444444	0.0135555555556
0.02185923	0.007357419	0.0331433333333	0.0126666666667
0.02730263	0.007779486	0.0360122222222	0.0128777777778
0.02527352	0.007232728	0.0303622222222	0.0130777777778
0.01488105	0.004956348	0.0303777777778	0.0132222222222
0.02190524	0.005053596	0.0354422222222	0.0134777777778
0.02393698	0.005948312	0.0303	0.0132
0.0222151	0.005467755	0.0323333333333	0.0135666666667
0.01832812	0.007181528	0.0322722222222	0.0126777777778
0.01783498	0.005022639	0.0322622222222	0.0126777777778
0.0235907	0.004017597	0.03345	0.0136
0.02168614	0.004702724	0.0341144444444	0.0126555555556
0.02093639	0.005682069	0.0363577777778	0.0129222222222
0.02242777	0.003689523	0.0315777777778	0.0135222222222
0.01806967	0.004773835	0.0301966666667	0.0130333333333
0.02901412	0.006901236	0.0349644444444	0.0135555555556
0.02407823	0.004232871	0.03428	0.0136
0.03244433	0.004494137	0.0357222222222	0.0134777777778
0.02478605	0.004944972	0.0365411111111	0.0132888888889
0.016833	0.004805955	0.0305222222222	0.0133777777778
0.02224661	0.003321178	0.0367555555556	0.0130444444444
0.01448336	0.004789544	0.0300288888889	0.0131111111111
0.02195602	0.006347359	0.0324088888889	0.0136111111111
0.02230752	0.004862305	0.0318533333333	0.0126666666667
0.02498147	0.005511223	0.0327166666667	0.0136333333333
0.02522433	0.005764809	0.0365422222222	0.0128777777778
0.01681955	0.006889553	0.0307133333333	0.0134666666667
0.01198624	0.004775249	0.0369555555556	0.0130444444444
0.01983561	0.004869418	0.0322666666667	0.0136333333333
0.02479449	0.005160627	0.03048	0.0128
0.02546067	0.006443435	0.0365555555556	0.0128444444444
0.02933231	0.006253264	0.0365755555556	0.0128444444444
0.02454416	0.009833266	0.0370555555556	0.0130444444444
0.01445603	0.007326783	0.0356133333333	0.0135666666667
0.01939262	0.004708566	0.0367944444444	0.0133555555556
0.01846818	0.00486401	0.0335822222222	0.0136777777778
0.02161058	0.005158727	0.0368977777778	0.0133222222222
0.01766237	0.005733461	0.0308666666667	0.0135333333333
0.02277418	0.007728248	0.0346244444444	0.0136555555556
0.02408423	0.00416202	0.0364833333333	0.0134666666667
0.02246654	0.005438468	0.0328111111111	0.0136888888889
0.02214319	0.006515713	0.0327644444444	0.0125555555556
0.02158129	0.005899702	0.0370955555556	0.0129444444444
0.02044264	0.005235055	0.0308444444444	0.0135555555556
0.02574579	0.007122386	0.0365533333333	0.0134666666667
0.02233032	0.007118511	0.0305777777778	0.0135222222222
0.02213684	0.003969385	0.0295677777778	0.0130222222222
0.01947483	0.004553425	0.03269	0.0137
0.01822425	0.004312141	0.0342	0.0137
0.02996074	0.007193938	0.0368877777778	0.0134222222222
0.02172236	0.007877033	0.0297533333333	0.0133666666667
0.01819262	0.006832247	0.0333577777778	0.0137222222222
0.02809487	0.00696349	0.0307122222222	0.0126777777778
0.01926029	0.007888104	0.0331777777778	0.0137222222222
0.02185717	0.007563577	0.0361422222222	0.0126777777778
0.01728358	0.008704214	0.0356877777778	0.0126222222222
0.02579608	0.005779984	0.0296155555556	0.0133444444444
0.01077827	0.00688983	0.0329666666667	0.0137333333333
0.02887826	0.008753187	0.0298177777778	0.0134222222222
0.0218096	0.004594542	0.0346288888889	0.0137111111111
0.01838271	0.007550878	0.0292944444444	0.0131555555556
0.02258027	0.006120772	0.0349155555556	0.0125444444444
0.02651726	0.004821209	0.0335555555556	0.0137444444444
0.02305733	0.006173645	0.0336255555556	0.0137444444444
0.03226311	0.003257388	0.0356111111111	0.0125888888889
0.02236288	0.006405174	0.0292344444444	0.0131555555556
0.02352488	0.005680208	0.0368211111111	0.0134888888889
0.02063612	0.006152137	0.0294666666667	0.0133333333333
0.01754298	0.003995025	0.0358588888889	0.0126111111111
0.02023539	0.007847037	0.0348888888889	0.0137111111111
0.01680876	0.006487725	0.03028	0.0127
0.01719331	0.005516443	0.0318688888889	0.0137111111111
0.02601847	0.005876217	0.0372177777778	0.0128222222222
0.03153627	0.00609608	0.0360488888889	0.0126111111111
0.02515638	0.00222021	0.0370833333333	0.0134666666667
0.0186314	0.004984077	0.0310733333333	0.0136666666667
0.02525229	0.007392876	0.0328933333333	0.0137666666667
0.02299564	0.007723666	0.02988	0.0135
0.02289546	0.006135241	0.0365933333333	0.0135666666667
0.01733856	0.007243161	0.0294444444444	0.0128555555556
0.02609974	0.003494056	0.0297022222222	0.0127777777778
0.01762146	0.002739028	0.0342222222222	0.0124777777778
0.01481317	0.007347837	0.0337933333333	0.0124666666667
0.02903136	0.004738198	0.0309333333333	0.0136666666667
0.02593542	0.008498235	0.0317666666667	0.0137333333333
0.02325442	0.006578146	0.0355555555556	0.0125444444444
0.02515432	0.006476425	0.03758	0.0129
0.02782998	0.01047068	0.0356911111111	0.0136888888889
0.02765315	0.008004226	0.0375955555556	0.0133444444444
0.01637543	0.006933323	0.0370755555556	0.0127444444444
0.01593872	0.005692208	0.0358622222222	0.0136777777778
0.02408772	0.007113763	0.0326133333333	0.0124666666667
0.02540744	0.005482028	0.0334911111111	0.0137888888889
0.02454502	0.006091283	0.0289388888889	0.0131111111111
0.02065442	0.006323348	0.02894	0.0131
0.02092511	0.004221638	0.0291755555556	0.0133444444444
0.01821145	0.003783845	0.0370888888889	0.0135111111111
0.02457458	0.007213783	0.0349644444444	0.0137555555556
0.02335335	0.004265543	0.0370577777778	0.0135222222222
0.02796561	0.005218521	0.03164	0.0125
0.02074837	0.003441157	0.0336555555556	0.0124444444444
0.02504944	0.004233667	0.02912	0.0129
0.02081472	0.006246514	0.0370977777778	0.0127222222222
0.02390634	0.005239413	0.0369855555556	0.0135444444444
0.01322959	0.003853585	0.0366166666667	0.0126333333333
0.0229825	0.005106263	0.0328488888889	0.0138111111111
0.02390515	0.004335105	0.0357577777778	0.0137222222222
0.0281932	0.003865866	0.0363333333333	0.0136666666667
0.02421909	0.006192625	0.0374044444444	0.0127555555556
0.02042449	0.004672499	0.0287777777778	0.0130222222222
0.01784215	0.003754805	0.0319211111111	0.0137888888889
0.01734269	0.005202236	0.0303933333333	0.0136666666667
0.02174201	0.005526268	0.0372555555556	0.0135444444444
0.02384467	0.007382603	0.0375922222222	0.0127777777778
0.02278874	0.007892047	0.0337866666667	0.0138333333333
0.02272798	0.004294349	0.0381877777778	0.0132222222222
0.0254651	0.008939788	0.0372422222222	0.0126777777778
0.02021704	0.003701714	0.0313333333333	0.0124666666667
0.01456633	0.004528318	0.02877	0.0129
0.01549673	0.003138122	0.0368555555556	0.0136444444444
0.02844876	0.009144664	0.0383122222222	0.0131777777778
0.01422663	0.01077567	0.0378555555556	0.0134444444444
0.01770406	0.006363583	0.0380244444444	0.0128555555556
0.01997226	0.004861095	0.0327711111111	0.0123888888889
0.0210942	0.003478325	0.0307	0.0125
0.0206039	0.004378317	0.0383944444444	0.0131555555556
0.0263112	0.00440289	0.0376666666667	0.0127333333333
0.01656229	0.005822419	0.0371888888889	0.0136111111111
0.01985014	0.007277777	0.0344111111111	0.0123888888889
0.02064119	0.007866798	0.0285666666667	0.0129333333333
0.02687239	0.004388327	0.0380177777778	0.0128222222222
0.02701037	0.007245269	0.0382777777778	0.0133222222222
0.02310882	0.007256854	0.0283822222222	0.0130777777778
0.02206922	0.004259621	0.0359133333333	0.0124666666667
0.02253847	0.005985758	0.0298444444444	0.0136555555556
0.0230912	0.00808034	0.0303377777778	0.0125222222222
0.01937287	0.004700335	0.0297555555556	0.0136444444444
0.02459537	0.004629199	0.0346644444444	0.0138555555556
0.0245267	0.004226899	0.0337133333333	0.0123666666667
0.02527413	0.007061413	0.0284333333333	0.0132666666667
0.02229969	0.004892204	0.0323222222222	0.0123777777778
0.02594005	0.007238268	0.0382055555556	0.0128444444444
0.01973509	0.005655241	0.0376711111111	0.0126888888889
0.02697527	0.005188322	0.0376222222222	0.0126777777778
0.03126387	0.004945659	0.0355677777778	0.0138222222222
0.02256314	0.005055964	0.0339311111111	0.0138888888889
0.02387753	0.005440043	0.0385811111111	0.0130888888889
0.02554562	0.00565657	0.0304444444444	0.0137555555556
0.01919562	0.007897429	0.0282777777778	0.0130222222222
0.02402032	0.004921333	0.0373777777778	0.0136222222222
0.02632436	0.005362009	0.0376333333333	0.0126666666667
0.02639793	0.00452515	0.0383111111111	0.0133888888889
0.02411303	0.006015323	0.0378788888889	0.0127111111111
0.02527143	0.005543538	0.03068	0.0138
0.02003303	0.007029658	0.0286722222222	0.0134777777778
0.01674393	0.005611654	0.0345555555556	0.0123444444444
0.02405773	0.005459713	0.0341688888889	0.0139111111111
0.02622509	0.008581113	0.0386844444444	0.0132555555556
0.03033203	0.00546491	0.0387666666667	0.0131333333333
0.02699923	0.005956173	0.0335677777778	0.0123222222222
0.02593811	0.005676061	0.0386077777778	0.0129222222222
0.0278803	0.00455197	0.0344366666667	0.0123333333333
0.01995022	0.00568555	0.0326977777778	0.0123222222222
0.02334406	0.005845331	0.0386866666667	0.0129333333333
0.01839118	0.004309233	0.0384888888889	0.0134111111111
0.0262814	0.006610882	0.0335188888889	0.0123111111111
0.01586659	0.007259424	0.0284611111111	0.0127888888889
0.02052509	0.004698064	0.0361777777778	0.0138222222222
0.02757959	0.008195321	0.0343777777778	0.0139222222222
0.01171863	0.005827754	0.0388	0.013
0.02926635	0.00635052	0.0320466666667	0.0123333333333
0.02540941	0.006658641	0.0381777777778	0.0127222222222
0.01822362	0.004955718	0.0322577777778	0.0139222222222
0.01925247	0.007392407	0.0312822222222	0.0138777777778
0.02599294	0.003997331	0.0360555555556	0.0138444444444
0.03025162	0.006825677	0.0384844444444	0.0134555555556
0.02556216	0.005760006	0.0389355555556	0.0130444444444
0.01993552	0.004776634	0.0341155555556	0.0139444444444
0.0191231	0.003864081	0.0299222222222	0.0124777777778
0.01753912	0.005178933	0.0322266666667	0.0139333333333
0.0248279	0.005176698	0.0385411111111	0.0127888888889
0.02202621	0.004801373	0.0338611111111	0.0122888888889
0.02401646	0.006687492	0.0338911111111	0.0122888888889
0.02385361	0.008122684	0.0355	0.0139
0.01370364	0.006873282	0.0388777777778	0.0129222222222
0.02623886	0.004596024	0.0303077777778	0.0124222222222
0.01483109	0.004467045	0.0351477777778	0.0139222222222
0.02053903	0.003688829	0.0353866666667	0.0123333333333
0.01070522	0.007370344	0.0321855555556	0.0139444444444
0.02303272	0.005157052	0.0386688888889	0.0128111111111
0.0270079	0.005699361	0.0296	0.0125
0.01968651	0.008243369	0.0365777777778	0.0124222222222
0.02221783	0.006776758	0.0279711111111	0.0128888888889
0.02063737	0.006002049	0.0290733333333	0.0136666666667
0.02551753	0.007294884	0.0370133333333	0.0124666666667
0.0284511	0.007608759	0.0323111111111	0.0122888888889
0.01629823	0.006754859	0.0297922222222	0.0137777777778
0.02344362	0.00963243	0.0390666666667	0.0132333333333
0.02445983	0.003099921	0.0373988888889	0.0125111111111
0.01909653	0.007159259	0.0280955555556	0.0134444444444
0.01474895	0.006142558	0.0277433333333	0.0129666666667
0.02158997	0.007135548	0.0314188888889	0.0123111111111
0.02318098	0.003660523	0.0371111111111	0.0137888888889
0.02049186	0.005733849	0.0391333333333	0.0132666666667
0.02264838	0.004886288	0.0296844444444	0.0124555555556
0.01985015	0.005409246	0.0312666666667	0.0139333333333
0.02131732	0.005489106	0.0275777777778	0.0131222222222
0.0282183	0.004467535	0.0384633333333	0.0135666666667
0.01729197	0.004231669	0.0288222222222	0.0125777777778
0.02599375	0.00386694	0.03337	0.014
0.01751585	0.005936187	0.0369777777778	0.0124222222222
0.02513543	0.004331693	0.039	0.0134
0.01983416	0.006857071	0.0375044444444	0.0137555555556
0.0190177	0.007209639	0.0392788888889	0.0132111111111
0.01943059	0.00627893	0.0353444444444	0.0139555555556
0.02410215	0.005680831	0.0277622222222	0.0133777777778
0.01982979	0.003763125	0.0382	0.0126
0.02246221	0.007893926	0.0326	0.014
0.01761061	0.004212885	0.0282	0.0127
0.02118286	0.006713669	0.0275444444444	0.0132555555556
0.02047959	0.00593667	0.0277866666667	0.0128333333333
0.02782979	0.005683227	0.0381422222222	0.0125777777778
0.02234818	0.007792384	0.0284777777778	0.0126222222222
0.0183777	0.005407882	0.0282222222222	0.0126777777778
0.01946001	0.007982503	0.0275777777778	0.0133222222222
0.01732488	0.006606681	0.0321955555556	0.0122444444444
0.02843342	0.004883754	0.03886	0.0135
0.03143784	0.005649759	0.0392022222222	0.0128777777778
0.02509922	0.005168253	0.0343288888889	0.0140111111111
0.01632822	0.008060069	0.0279555555556	0.0127444444444
0.02008093	0.009363753	0.0282233333333	0.0126666666667
0.02039569	0.005843392	0.0307688888889	0.0123111111111
0.02240199	0.004072667	0.0317111111111	0.0139888888889
0.02705039	0.006489473	0.0394511111111	0.0131888888889
0.01622274	0.006409063	0.0361088888889	0.0123111111111
0.02276025	0.005002822	0.0394733333333	0.0131666666667
0.01553519	0.006716859	0.0274577777778	0.0129222222222
0.02345206	0.005848876	0.0323777777778	0.0122222222222
0.01869467	0.004300393	0.0344777777778	0.0122222222222
0.02621054	0.004838444	0.0394888888889	0.0130111111111
0.02029093	0.006019323	0.03169	0.014
0.01842809	0.009557361	0.0273155555556	0.0130444444444
0.01092645	0.005064068	0.0356022222222	0.0139777777778
0.02427404	0.004529884	0.0358233333333	0.0139666666667
0.0218842	0.008454641	0.0362	0.0123
0.02355076	0.00344135	0.0395711111111	0.0131888888889
0.02541795	0.008369017	0.0334555555556	0.0140444444444
0.02409703	0.008377458	0.0276066666667	0.0134333333333
0.02050835	0.003319748	0.0319777777778	0.0122222222222
0.02574871	0.004839171	0.0380055555556	0.0137444444444
0.02384178	0.008984625	0.03628	0.0123
0.0227265	0.004869812	0.0358222222222	0.0139777777778
0.02312651	0.005053333	0.0389888888889	0.0127111111111
0.01718363	0.006807967	0.0331444444444	0.0140555555556
0.01852589	0.00804569	0.0363111111111	0.0122888888889
0.02648248	0.006956322	0.0396555555556	0.0132444444444
0.01996734	0.003641508	0.0397288888889	0.0131111111111
0.02527895	0.005325953	0.0301688888889	0.0123111111111
0.02267254	0.008143559	0.0396444444444	0.0129555555556
0.0185921	0.004248055	0.0276777777778	0.0135222222222
0.01311988	0.004564445	0.0322911111111	0.0121888888889
0.01618389	0.004385732	0.0341322222222	0.0121777777778
0.02376094	0.005258942	0.0271222222222	0.0129777777778
0.02059568	0.004656991	0.0374844444444	0.0138555555556
0.02283614	0.007284573	0.0270866666667	0.0132333333333
0.01903671	0.007192218	0.0315166666667	0.0140333333333
0.0252369	0.007336646	0.0397777777778	0.0130222222222
0.02106145	0.006624664	0.0355777777778	0.0122222222222
0.01874397	0.00775709	0.0290377777778	0.0138222222222
0.0300345	0.006198947	0.0383666666667	0.0137333333333
0.02382215	0.002145988	0.0363333333333	0.0122666666667
0.02202261	0.004320331	0.0271177777778	0.0129222222222
0.0306862	0.00652875	0.0358888888889	0.0140111111111
0.01836765	0.006943816	0.0359388888889	0.0140111111111
0.02369149	0.009620355	0.0377055555556	0.0138444444444
0.01728244	0.00653408	0.03	0.0123
0.01755256	0.004813643	0.0271911111111	0.0133888888889
0.02210177	0.006751128	0.0316711111111	0.0121888888889
0.02851907	0.007118095	0.0348733333333	0.0140666666667
0.02208997	0.009352929	0.0398766666667	0.0130333333333
0.02863686	0.004656116	0.0285933333333	0.0124666666667
0.02145047	0.005453324	0.0396944444444	0.0128555555556
0.02169247	0.007565116	0.0385066666667	0.0137333333333
0.02388329	0.004419168	0.0364444444444	0.0122555555556
0.01979099	0.005361927	0.0335755555556	0.0121444444444
0.02296454	0.005976888	0.0361666666667	0.0122333333333
0.02848242	0.006978622	0.0375933333333	0.0123666666667
0.02049224	0.008654666	0.0274277777778	0.0135222222222
0.02644915	0.007357324	0.0396488888889	0.0128111111111
0.02033503	0.008728486	0.0271155555556	0.0128444444444
0.02264633	0.004898286	0.0390777777778	0.0136222222222
0.02218034	0.004621287	0.0275533333333	0.0135666666667
0.02046846	0.007645392	0.0297955555556	0.0139444444444
0.02791383	0.004293995	0.0295777777778	0.0123222222222
0.02683634	0.006549843	0.0351033333333	0.0121666666667
0.0252665	0.005803646	0.0398444444444	0.0133555555556
0.02057889	0.007320954	0.0268955555556	0.0129444444444
0.02304516	0.005971466	0.0291222222222	0.0138777777778
0.02044514	0.005956526	0.0268333333333	0.0132666666667
0.01507896	0.006665044	0.0302755555556	0.0122444444444
0.02566274	0.004731221	0.0315422222222	0.0140777777778
0.02365287	0.006854915	0.0267777777778	0.0130222222222
0.02166601	0.007409963	0.0350611111111	0.0140888888889
0.02487549	0.00827172	0.0308555555556	0.0140444444444
0.0161989	0.003763602	0.0310411111111	0.0121888888889
0.01730583	0.003244471	0.0269422222222	0.0133777777778
0.01970809	0.006015548	0.0337377777778	0.0121222222222
0.009435681	0.006080413	0.0328777777778	0.0121222222222
0.01865671	0.01037334	0.0293477777778	0.0139222222222
0.02115846	0.004929681	0.0309111111111	0.0121888888889
0.009884259	0.00757638	0.0279366666667	0.0125333333333
0.02566062	0.00570146	0.0399411111111	0.0133888888889
0.02748054	0.006758848	0.0363666666667	0.0140333333333
0.02181961	0.004770504	0.0322977777778	0.0121222222222
0.0245185	0.003778583	0.0276	0.0126
0.02213704	0.01266434	0.0374966666667	0.0139333333333
0.02347815	0.00500837	0.0318666666667	0.0121333333333
0.02431605	0.009508127	0.0399555555556	0.0128444444444
0.01948387	0.004867413	0.0359533333333	0.0140666666667
0.02134812	0.007302051	0.0268033333333	0.0133666666667
0.02039049	0.005978117	0.0347877777778	0.0141222222222
0.01924299	0.004837413	0.0296733333333	0.0122666666667
0.01847138	0.008259503	0.0271488888889	0.0127111111111
0.0275592	0.008354035	0.0319577777778	0.0141222222222
0.03127837	0.005881908	0.0399888888889	0.0134111111111
0.02269627	0.005997833	0.0395311111111	0.0135888888889
0.02289294	0.003840262	0.0340755555556	0.0141444444444
0.01428973	0.009211877	0.0286044444444	0.0138555555556
0.01682767	0.003657347	0.0327	0.0121
0.02470574	0.004683338	0.0297111111111	0.0139888888889
0.02497038	0.004923536	0.0381822222222	0.0123777777778
0.02319856	0.005855212	0.03124	0.0141
0.01631385	0.003971547	0.0288755555556	0.0123444444444
0.02877029	0.005868991	0.0403355555556	0.0131444444444
0.02662465	0.005257361	0.0401044444444	0.0128555555556
0.02350063	0.003520694	0.0390777777778	0.0125222222222
0.02616801	0.005435059	0.0402466666667	0.0129333333333
0.02780536	0.006972106	0.0355866666667	0.0121333333333
0.01420526	0.005826033	0.0281888888889	0.0138111111111
0.02196286	0.004349297	0.0368088888889	0.0122111111111
0.02978866	0.003697482	0.0386666666667	0.0124333333333
0.01755933	0.003714821	0.0402777777778	0.0133222222222
0.02326088	0.004691758	0.0402777777778	0.0129222222222
0.02475358	0.004798023	0.0401555555556	0.0128444444444
0.02124098	0.006839315	0.0299388888889	0.0122111111111
0.01847094	0.007714169	0.0266866666667	0.0134333333333
0.02361588	0.005566208	0.0306244444444	0.0121555555556
0.02401301	0.006516169	0.0346433333333	0.0141666666667
0.0173365	0.005528131	0.0304811111111	0.0140888888889
0.02107864	0.006439839	0.0346922222222	0.0120777777778
0.02404323	0.007123856	0.0395333333333	0.0136666666667
0.02780928	0.0049252	0.0343333333333	0.0120666666667
0.01961039	0.005289524	0.0263444444444	0.0132555555556
0.02444445	0.009198209	0.0382266666667	0.0123333333333
0.01914669	0.007334041	0.0277822222222	0.0137777777778
0.0180117	0.005464762	0.0267466666667	0.0127333333333
0.01479795	0.006693927	0.0270366666667	0.0126333333333
0.0244012	0.006592134	0.03836	0.0139
0.03105978	0.006979191	0.03948	0.0137
0.03153622	0.003313151	0.0388088888889	0.0124111111111
0.0212686	0.004982053	0.0298511111111	0.0121888888889
0.03209155	0.005907835	0.0404222222222	0.0128777777778
0.02056193	0.004246808	0.0307777777778	0.0121222222222
0.01714619	0.01012043	0.0307777777778	0.0121222222222
0.02771248	0.008163561	0.0358688888889	0.0121111111111
0.01829535	0.005754481	0.0264977777778	0.0134222222222
0.0263009	0.004719969	0.0406222222222	0.0130777777778
0.02461123	0.006845784	0.0284888888889	0.0139111111111
0.02562045	0.004888121	0.0329555555556	0.0120444444444
0.02341047	0.00774817	0.0284566666667	0.0123333333333
0.01634684	0.007348585	0.0276522222222	0.0137777777778
0.02199013	0.008774182	0.0350933333333	0.0120666666667
0.02715464	0.00607495	0.0405677777778	0.0129222222222
0.01235637	0.007257314	0.0350111111111	0.0141888888889
0.02251356	0.009190277	0.0406288888889	0.0133111111111
0.02319589	0.007362262	0.0291388888889	0.0140111111111
0.02452937	0.005668036	0.04071	0.013
0.02477999	0.006667682	0.04074	0.0132
0.01271821	0.008062678	0.0335377777778	0.0142222222222
0.02706716	0.00460757	0.0393333333333	0.0124666666667
0.02129743	0.006032633	0.0398222222222	0.0125777777778
0.02016498	0.00722077	0.0279833333333	0.0138666666667
0.0224108	0.004448041	0.0391177777778	0.0138222222222
0.02213383	0.009692153	0.0339777777778	0.0142222222222
0.02314963	0.0054892	0.0393	0.0138
0.02690217	0.007478295	0.0378666666667	0.0122333333333
0.02179837	0.006595347	0.0278344444444	0.0138555555556
0.0221511	0.005056473	0.0323777777778	0.0120222222222
0.02828237	0.004481621	0.0363555555556	0.0141444444444
0.02219332	0.005132608	0.0322977777778	0.0120222222222
0.03604078	0.006798386	0.0371244444444	0.0121555555556
0.01634028	0.003981415	0.0287244444444	0.0122555555556
0.02696599	0.007084103	0.0367577777778	0.0121222222222
0.02306119	0.005342917	0.0401466666667	0.0126333333333
0.02235163	0.009192641	0.0375444444444	0.0140555555556
0.02811529	0.004524239	0.0397577777778	0.0125222222222
0.02345577	0.005127526	0.0262733333333	0.0134666666667
0.02522476	0.005256767	0.0349577777778	0.0142222222222
0.01747026	0.004791591	0.0265644444444	0.0126555555556
0.03047927	0.006070456	0.0409533333333	0.0130666666667
0.03101656	0.004205358	0.0409377777778	0.0132222222222
0.02749317	0.005286941	0.04012	0.0126
0.02215096	0.008550345	0.0404977777778	0.0135222222222
0.02899056	0.005775171	0.0393777777778	0.0138222222222
0.01767092	0.004013806	0.0306633333333	0.0120666666667
0.02884204	0.005898979	0.0333444444444	0.0142555555556
0.02180037	0.005992535	0.0332111111111	0.0119888888889
0.02180185	0.003953452	0.029	0.0122
0.02348456	0.006326934	0.0395711111111	0.0137888888889
0.009740598	0.004232198	0.0265	0.0136
0.03184656	0.004675468	0.0401333333333	0.0136666666667
0.01844081	0.003945589	0.02852	0.014
0.02531789	0.005476683	0.0383155555556	0.0122444444444
0.02199197	0.007341597	0.0306644444444	0.0120555555556
0.02797896	0.01131171	0.0389566666667	0.0123333333333
0.02438372	0.006028308	0.0397911111111	0.0124888888889
0.0178709	0.004308922	0.0394777777778	0.0138222222222
0.01735716	0.007042614	0.0272966666667	0.0124333333333
0.02512749	0.006622889	0.0398111111111	0.0124888888889
0.02599474	0.004445659	0.0399777777778	0.0125222222222
0.02715117	0.005985404	0.0398444444444	0.0137555555556
0.02606648	0.01375044	0.0399	0.0125
0.02082758	0.003744745	0.0371166666667	0.0141333333333
0.009479306	0.004382468	0.0259377777778	0.0128222222222
0.02630509	0.004372706	0.0407933333333	0.0127666666667
0.01765862	0.006162687	0.0300333333333	0.0141666666667
0.02575601	0.004354451	0.0403555555556	0.0136444444444
0.0150464	0.004874977	0.0272688888889	0.0124111111111
0.01302933	0.008136916	0.0260555555556	0.0127444444444
0.02832839	0.005293906	0.04119	0.0132
0.03186139	0.006068139	0.0407066666667	0.0135333333333
0.01860717	0.005052032	0.0281333333333	0.0122666666667
0.02228483	0.003533667	0.0333111111111	0.0142888888889
0.03300383	0.004440817	0.0404666666667	0.0136333333333
0.02309426	0.005184644	0.0347222222222	0.0142777777778
0.02364463	0.004886636	0.0313844444444	0.0142555555556
0.01251274	0.005197415	0.0384577777778	0.0122222222222
0.0245732	0.003736184	0.0401777777778	0.0137222222222
0.01584423	0.006232776	0.0259133333333	0.0127666666667
0.01902002	0.006103743	0.0283177777778	0.0140222222222
0.02478494	0.005713596	0.0408	0.0127
0.02425359	0.005202826	0.0412533333333	0.0129666666667
0.02909997	0.005508915	0.0409822222222	0.0127777777778
0.01816507	0.005822298	0.0270966666667	0.0138333333333
0.02209155	0.008775895	0.03787	0.0141
0.01981412	0.00432408	0.0365466666667	0.0120333333333
0.03303975	0.006018658	0.0413266666667	0.0132333333333
0.02717431	0.008239248	0.0370733333333	0.0120666666667
0.02519847	0.007220116	0.0294644444444	0.0141555555556
0.01856537	0.0062664	0.0256444444444	0.0128555555556
0.02851372	0.004789192	0.0392888888889	0.0123111111111
0.02117618	0.007728561	0.0414122222222	0.0130777777778
0.03178283	0.007255808	0.0410544444444	0.0127555555556
0.01876325	0.005332452	0.0257111111111	0.0127888888889
0.03104766	0.005169191	0.0414	0.013
0.02952696	0.005781825	0.0399066666667	0.0138333333333
0.02028789	0.005326622	0.0384333333333	0.0140666666667
0.0294941	0.007401807	0.0406644444444	0.0136555555556
0.02234736	0.005817481	0.0380588888889	0.0141111111111
0.02365864	0.004080181	0.0412666666667	0.0128333333333
0.01816182	0.003955259	0.0411833333333	0.0134666666667
0.02654682	0.005430618	0.0406222222222	0.0136777777778
0.02686457	0.008310891	0.0369988888889	0.0142111111111
0.02151932	0.008448913	0.0356511111111	0.0142888888889
0.01335239	0.009297934	0.0253022222222	0.0130777777778
0.01498785	0.005650122	0.0252844444444	0.0131555555556
0.02340051	0.003438715	0.0397444444444	0.0123555555556
0.02185294	0.0065547	0.0263666666667	0.0137333333333
0.01841505	0.005906879	0.0352666666667	0.0119333333333
0.02081479	0.008590907	0.03973	0.0139
0.02675675	0.006598713	0.0415688888889	0.0130111111111
0.02546538	0.009062264	0.0400888888889	0.0124111111111
0.01507991	0.005166457	0.0374444444444	0.0120555555556
0.02765605	0.004865273	0.0411888888889	0.0135111111111
0.02184382	0.0078978	0.0388155555556	0.0140444444444
0.01597915	0.003419258	0.0286777777778	0.0141222222222
0.01572043	0.006862767	0.0313688888889	0.0143111111111
0.02540934	0.003261118	0.0357755555556	0.0119444444444
0.02217477	0.004939004	0.0251911111111	0.0130888888889
0.01616019	0.004749519	0.0255333333333	0.0127666666667
0.02699683	0.00348582	0.0399233333333	0.0123666666667
0.02326696	0.007727092	0.0318866666667	0.0143333333333
0.02768251	0.008123257	0.0365222222222	0.0119777777778
0.02008665	0.008359249	0.03746	0.0142
0.02638698	0.00529325	0.0412	0.0127
0.02331376	0.005540871	0.0402088888889	0.0124111111111
0.02186551	0.005676408	0.0402088888889	0.0124111111111
0.03198131	0.005871637	0.0395222222222	0.0122777777778
0.02491694	0.008558831	0.03994	0.0139
0.02375115	0.00893827	0.0415711111111	0.0133888888889
0.0255067	0.00497439	0.0415555555556	0.0128444444444
0.01473857	0.005378073	0.0412855555556	0.0135444444444
0.02264695	0.00868477	0.0310377777778	0.0119222222222
0.03036379	0.005065884	0.0414933333333	0.0134666666667
0.02004581	0.006113535	0.0416855555556	0.0133444444444
0.02405359	0.003850462	0.0405444444444	0.0124555555556
0.02131235	0.005754909	0.0277611111111	0.0121888888889
0.02745469	0.008699835	0.0409511111111	0.0136888888889
0.02503745	0.003048343	0.0417111111111	0.0128888888889
0.01548359	0.006254005	0.03645	0.0143
0.02689972	0.004801149	0.0408777777778	0.0125222222222
0.02104914	0.005800215	0.0318333333333	0.0143666666667
0.02947277	0.005940022	0.02672	0.0139
0.01027934	0.005204766	0.0255244444444	0.0126555555556
0.02946191	0.005467326	0.04082	0.0125
0.02607209	0.007770181	0.0415733333333	0.0127666666667
0.02143277	0.008105959	0.0327444444444	0.0118555555556
0.01398023	0.006769403	0.0251155555556	0.0128444444444
0.01758292	0.007164003	0.0362877777778	0.0119222222222
0.02999815	0.006731666	0.0418933333333	0.0129666666667
0.02396046	0.006121428	0.04183	0.0129
0.02151379	0.006743249	0.0356444444444	0.0143555555556
0.02996274	0.007438704	0.0396166666667	0.0122333333333
0.01943096	0.006718473	0.0289777777778	0.0120222222222
0.02889589	0.003864121	0.0415111111111	0.0126888888889
0.01958495	0.007831397	0.0249822222222	0.0133777777778
0.01921815	0.005728674	0.0262388888889	0.0124111111111
0.01851449	0.003595406	0.0391111111111	0.0140888888889
0.02402913	0.006845384	0.03904	0.0141
0.01942606	0.006265022	0.0408044444444	0.0124555555556
0.02914645	0.005445904	0.0419566666667	0.0129333333333
0.02625063	0.006495778	0.0399533333333	0.0139666666667
0.02253118	0.01003143	0.0300288888889	0.0143111111111
0.0292591	0.006083148	0.0420733333333	0.0130666666667
0.03419104	0.005575733	0.0417311111111	0.0134888888889
0.02156912	0.006071289	0.0247688888889	0.0130111111111
0.0294317	0.004814569	0.04104	0.0125
0.02395526	0.006111381	0.0349455555556	0.0118444444444
0.01675583	0.002703501	0.0344666666667	0.0118333333333
0.02019993	0.004508808	0.0414666666667	0.0126333333333
0.01435814	0.005860415	0.0318455555556	0.0118444444444
0.02549509	0.009484254	0.0292933333333	0.0142666666667
0.0278129	0.003549627	0.0322888888889	0.0144111111111
0.01527097	0.003485006	0.0278377777778	0.0121222222222
0.01281134	0.008200881	0.0247744444444	0.0129555555556
0.02589398	0.007405177	0.0395755555556	0.0140444444444
0.02413831	0.005937098	0.02851	0.0142
0.02265399	0.004319972	0.0366688888889	0.0119111111111
0.02563797	0.006647829	0.0410611111111	0.0124888888889
0.02476037	0.004986626	0.0420577777778	0.0129222222222
0.01819577	0.008600643	0.0256888888889	0.0125111111111
0.0214247	0.007533529	0.0416711111111	0.0126888888889
0.03431941	0.00697543	0.0421733333333	0.0131666666667
0.01853355	0.006778687	0.0334466666667	0.0144333333333
0.01100301	0.00482385	0.0399066666667	0.0122333333333
0.02790872	0.007352206	0.0408288888889	0.0124111111111
0.01601223	0.007668396	0.0358111111111	0.0143888888889
0.02435192	0.008793985	0.0419444444444	0.0134555555556
0.02574104	0.006554278	0.0396444444444	0.0140555555556
0.0272389	0.00598971	0.0412466666667	0.0137333333333
0.02850106	0.008695508	0.0415111111111	0.0125888888889
0.02069744	0.003124136	0.0302111111111	0.0118888888889
0.02890552	0.005093088	0.0408888888889	0.0124111111111
0.01923358	0.003786899	0.0307644444444	0.0118555555556
0.02714486	0.006056829	0.0420244444444	0.0134555555556
0.0254965	0.005664845	0.0372377777778	0.0143222222222
0.02089947	0.004207921	0.0281111111111	0.0141888888889
0.02459829	0.008300499	0.0391055555556	0.0141444444444
0.01358917	0.007908624	0.03249	0.0118
0.02937881	0.006047123	0.03864	0.0142
0.02584927	0.003804244	0.0419555555556	0.0127444444444
0.01974212	0.004963017	0.0396922222222	0.0121777777778
0.03110805	0.004506895	0.0350666666667	0.0144333333333
0.02827056	0.004857039	0.0350666666667	0.0144333333333
0.03092776	0.01110419	0.0423455555556	0.0131444444444
0.02321405	0.005637582	0.036	0.0144
0.02068425	0.003925779	0.0262577777778	0.0123222222222
0.01729152	0.007977257	0.0259444444444	0.0138555555556
0.01508364	0.00665843	0.032	0.0118
0.02565493	0.007510876	0.0355777777778	0.0118222222222
0.02397467	0.005390919	0.0315666666667	0.0144333333333
0.02596961	0.005195198	0.0394688888889	0.0141111111111
0.02203039	0.009149835	0.0406666666667	0.0123333333333
0.008276817	0.004751009	0.0325111111111	0.0117888888889
0.02973839	0.00547427	0.0419588888889	0.0127111111111
0.01919315	0.008457268	0.0422866666667	0.0133333333333
0.01991717	0.01097523	0.0417577777778	0.0136222222222
0.01688598	0.005441789	0.0253	0.0137
0.02320401	0.006683303	0.0377555555556	0.0119444444444
0.0157672	0.00654365	0.0308466666667	0.0118333333333
0.01982973	0.00641338	0.0256011111111	0.0137888888889
0.0238773	0.004605864	0.0406066666667	0.0139333333333
0.01425166	0.003119305	0.0305555555556	0.0118444444444
0.01604834	0.006653811	0.0341222222222	0.0117777777778
0.02070719	0.006198836	0.0257955555556	0.0138444444444
0.01367426	0.004551892	0.0299322222222	0.0118777777778
0.01591427	0.005790917	0.0264811111111	0.0139888888889
0.01648905	0.0039648	0.0312188888889	0.0118111111111
0.01640208	0.004645848	0.0249555555556	0.0126444444444
0.01882597	0.005938706	0.0262911111111	0.0122888888889
0.02459188	0.004389109	0.0416444444444	0.0125555555556
0.01870758	0.004495762	0.0280266666667	0.0120333333333
0.02937057	0.004851605	0.0422777777778	0.0128222222222
0.02168175	0.003893609	0.0394	0.0121
0.02565395	0.004575777	0.0422555555556	0.0134444444444
0.02456037	0.004678576	0.0369422222222	0.0143777777778
0.03088422	0.004650175	0.04167	0.0137
0.02655874	0.005304856	0.0414533333333	0.0137666666667
0.02572168	0.00495004	0.0411111111111	0.0123888888889
0.02145469	0.006403074	0.0255266666667	0.0124333333333
0.02152077	0.005605817	0.0416277777778	0.0125222222222
0.01548119	0.003866644	0.0262222222222	0.0122777777778
0.02566423	0.00657698	0.0406711111111	0.0122888888889
0.02314981	0.007672165	0.0330911111111	0.0144888888889
0.02574883	0.00669697	0.0405111111111	0.0139888888889
0.025629	0.00603344	0.0395155555556	0.0141444444444
0.02829975	0.003993511	0.0424222222222	0.0133777777778
0.0233226	0.005749918	0.0424611111111	0.0128888888889
0.01545481	0.005154147	0.0401444444444	0.0140555555556
0.02167844	0.00556925	0.0258555555556	0.0123444444444
0.02300543	0.004137868	0.0363777777778	0.0118222222222
0.02872899	0.004292057	0.0315333333333	0.0144666666667
0.02745448	0.004197927	0.0392444444444	0.0120555555556
0.02581508	0.003634645	0.0317222222222	0.0144777777778
0.01484416	0.00631222	0.0257444444444	0.0123555555556
0.02423084	0.005848713	0.0254166666667	0.0124333333333
0.02235615	0.005028293	0.0250255555556	0.0125444444444
0.01935088	0.007859665	0.0243977777778	0.0134222222222
0.02125798	0.00583104	0.0241844444444	0.0130555555556
0.0206273	0.004125857	0.028	0.012
0.01615793	0.009231779	0.0411411111111	0.0138888888889
0.02620448	0.004772065	0.0417777777778	0.0125222222222
0.02144796	0.006279477	0.0392555555556	0.0120444444444
0.03311347	0.009276876	0.0425244444444	0.0128555555556
0.02525239	0.005193366	0.0420666666667	0.0136333333333
0.02209513	0.006980901	0.0374333333333	0.0118666666667
0.02209466	0.005804146	0.03049	0.0118
0.0177023	0.006540143	0.0241788888889	0.0133111111111
0.0134385	0.007038551	0.0295111111111	0.0143888888889
0.01872473	0.008193105	0.0319355555556	0.0117444444444
0.02227464	0.004714382	0.0373444444444	0.0118555555556
0.01787552	0.007225981	0.0306444444444	0.0144555555556
0.0220805	0.005267682	0.0413222222222	0.0123777777778
0.02340636	0.005761585	0.0402433333333	0.0121666666667
0.02014239	0.005637932	0.0240866666667	0.0132333333333
0.02800973	0.005927282	0.041	0.0123
0.0287615	0.007249902	0.0354644444444	0.0117555555556
0.01407538	0.005085676	0.0241377777778	0.0129222222222
0.01726991	0.004902611	0.0259222222222	0.0122777777778
0.0135834	0.00458002	0.0422455555556	0.0126444444444
0.0338247	0.005677704	0.0399288888889	0.0121111111111
0.02618131	0.006353485	0.0403022222222	0.0140777777778
0.02803858	0.005941826	0.0353155555556	0.0117444444444
0.02408017	0.009316328	0.0407755555556	0.0122444444444
0.02273423	0.008052364	0.0318488888889	0.0145111111111
0.02333734	0.004154406	0.0317488888889	0.0145111111111
0.02360614	0.005817969	0.0411466666667	0.0139333333333
0.02329504	0.004121786	0.0425088888889	0.0135111111111
0.02222255	0.006863608	0.0328666666667	0.0145333333333
0.02831904	0.005605773	0.0374755555556	0.0118444444444
0.01889778	0.008902586	0.0261666666667	0.0140333333333
0.0257489	0.005606052	0.0424222222222	0.0126777777778
0.02381883	0.003712598	0.0422888888889	0.0126111111111
0.02247299	0.005012277	0.0295477777778	0.0118222222222
0.03020605	0.007460986	0.0425866666667	0.0127333333333
0.02569619	0.005918515	0.0408666666667	0.0122333333333
0.01550811	0.008527898	0.0403555555556	0.0121444444444
0.0187179	0.008038673	0.0312788888889	0.0145111111111
0.03325919	0.007826679	0.0408788888889	0.0140111111111
0.01524161	0.005207616	0.02387	0.0131
0.01748065	0.004889316	0.0263222222222	0.0140777777778
0.03210965	0.004740376	0.0422333333333	0.0125666666667
0.009013938	0.005029908	0.0429677777778	0.0130222222222
0.02398573	0.004824733	0.0305711111111	0.0144888888889
0.02690337	0.003831538	0.0375866666667	0.0118333333333
0.02145029	0.005852025	0.0238366666667	0.0130333333333
0.02634862	0.006796011	0.0420022222222	0.0124777777778
0.02007842	0.008487314	0.04248	0.0136
0.02477016	0.004474055	0.0259866666667	0.0140333333333
0.01999935	0.006853763	0.0261111111111	0.0121888888889
0.02150472	0.005104603	0.0428933333333	0.0133666666667
0.02173852	0.004965896	0.029	0.0144
0.0188309	0.004563569	0.0287222222222	0.0143777777778
0.01638472	0.005048245	0.0245333333333	0.0125666666667
0.02776998	0.01248486	0.0426044444444	0.0135555555556
0.02244541	0.008810881	0.0356777777778	0.0145222222222
0.02319249	0.005739063	0.0429855555556	0.0129444444444
0.0174138	0.003767404	0.0305755555556	0.0117444444444
0.02621416	0.007260574	0.0407711111111	0.0121888888889
0.02489965	0.008112686	0.0311077777778	0.0145222222222
0.018435	0.004869577	0.0238488888889	0.0133111111111
0.02680339	0.007834499	0.0365244444444	0.0117555555556
0.0186802	0.007409603	0.0307888888889	0.0145111111111
0.02776167	0.006616974	0.0427188888889	0.0135111111111
0.02350398	0.006064014	0.0290666666667	0.0118333333333
0.02398028	0.007202385	0.0337333333333	0.0145666666667
0.0190287	0.0049272	0.0256711111111	0.0139888888889
0.03000748	0.007791707	0.0429066666667	0.0128333333333
0.01988616	0.004613946	0.0328022222222	0.0116777777778
0.02491151	0.006166896	0.0355888888889	0.0117111111111
0.01523417	0.005054444	0.0251522222222	0.0138777777778
0.0291557	0.00543104	0.0409566666667	0.0140333333333
0.0348456	0.009179406	0.0421022222222	0.0124777777778
0.01740654	0.008149428	0.0325933333333	0.0145666666667
0.02598192	0.003951007	0.0365	0.0145
0.01354476	0.005676433	0.0308177777778	0.0117222222222
0.01649881	0.008866311	0.0238511111111	0.0133888888889
0.01763347	0.00467454	0.0354555555556	0.0145444444444
0.02135385	0.004502456	0.0304888888889	0.0145111111111
0.01977	0.004705034	0.02536	0.0123
0.0265835	0.004164364	0.0402333333333	0.0141666666667
0.02016167	0.006948016	0.0405277777778	0.0121222222222
0.01611836	0.003823186	0.0283133333333	0.0143666666667
0.03057944	0.003907077	0.0431444444444	0.0132555555556
0.02656977	0.005624427	0.0429777777778	0.0128222222222
0.01813131	0.006243383	0.0425555555556	0.0136444444444
0.01901368	0.00628877	0.0268	0.0142
0.02708868	0.009649086	0.0354011111111	0.0116888888889
0.02024431	0.004429738	0.0287688888889	0.0144111111111
0.01716773	0.00260152	0.0268666666667	0.0120333333333
0.02654984	0.005010118	0.0396444444444	0.0142555555556
0.02545523	0.005766518	0.0381288888889	0.0144111111111
0.03182829	0.005770038	0.04232	0.0125
0.01751245	0.007952048	0.0381466666667	0.0118333333333
0.02573256	0.004138867	0.0385333333333	0.0118666666667
0.02047241	0.006500019	0.0296022222222	0.0144777777778
0.02493653	0.00599974	0.0348222222222	0.0145777777778
0.02748652	0.005306624	0.0356444444444	0.0145555555556
0.02979822	0.005355713	0.0430111111111	0.0127888888889
0.02409934	0.004792688	0.0431955555556	0.0129444444444
0.02536691	0.003387467	0.0395222222222	0.0142777777778
0.02198162	0.007146169	0.0359755555556	0.0145444444444
0.02475272	0.002863144	0.0427644444444	0.0126555555556
0.01449324	0.005341012	0.0235755555556	0.0130444444444
0.03332427	0.00498733	0.0429266666667	0.0127333333333
0.02402893	0.004546858	0.0423888888889	0.0125111111111
0.02844425	0.003856134	0.0362888888889	0.0117111111111
0.01540385	0.004766846	0.0246111111111	0.0137888888889
0.02671953	0.00829348	0.0296411111111	0.0144888888889
0.02764269	0.007799545	0.039	0.0119
0.01987212	0.007178524	0.0423033333333	0.0124666666667
0.02205436	0.007024503	0.0287888888889	0.0118111111111
0.02292505	0.005894664	0.0283555555556	0.0118444444444
0.02959559	0.004496436	0.0416133333333	0.0139666666667
0.018054	0.007171532	0.0274266666667	0.0119333333333
0.02829639	0.004178171	0.0393277777778	0.0119222222222
0.01420763	0.003277091	0.02558	0.0122
0.01194936	0.004806243	0.0347555555556	0.0116444444444
0.02383335	0.007056687	0.0339866666667	0.0116333333333
0.01609204	0.0056617	0.0237977777778	0.0135222222222
0.0176721	0.006347964	0.0432511111111	0.0133888888889
0.02187181	0.005817649	0.0283488888889	0.0144111111111
0.02063792	0.00604452	0.0343266666667	0.0116333333333
0.01112796	0.003430046	0.0237111111111	0.0134888888889
0.02379471	0.004036938	0.0412444444444	0.0140555555556
0.01688807	0.005670327	0.0236355555556	0.0134444444444
0.02375808	0.005420137	0.0400655555556	0.0142444444444
0.02232224	0.004137736	0.0423488888889	0.0138111111111
0.02421265	0.006598954	0.0433222222222	0.0133777777778
0.03608164	0.005685145	0.0415366666667	0.0122333333333
0.03080245	0.008158788	0.0416444444444	0.0122555555556
0.02139519	0.003782765	0.0379333333333	0.0144666666667
0.02186491	0.007847207	0.0248	0.0139
0.02307947	0.004784693	0.0384977777778	0.0144222222222
0.015515	0.00660627	0.0308333333333	0.0116666666667
0.02296329	0.003785786	0.03825	0.0118
0.0248619	0.005547854	0.0373266666667	0.0117333333333
0.01749472	0.005127296	0.0256222222222	0.0140777777778
0.03016697	0.007926806	0.0403888888889	0.0142111111111
0.025795	0.006194649	0.0281888888889	0.0144111111111
0.02387714	0.008681743	0.0240611111111	0.0136888888889
0.02748075	0.005244825	0.0366044444444	0.0145555555556
0.03353664	0.004663426	0.03936	0.0119
0.0287077	0.006259706	0.0408044444444	0.0141555555556
0.02194425	0.00514244	0.0359544444444	0.0116555555556
0.03053692	0.004382256	0.0401444444444	0.0142555555556
0.02063469	0.005166963	0.0398055555556	0.0119444444444
0.02010932	0.006247941	0.0393211111111	0.0118888888889
0.02828324	0.005302854	0.0360244444444	0.0116555555556
0.02047705	0.006425268	0.0293088888889	0.0145111111111
0.01683766	0.007436126	0.0377	0.0145
0.02125012	0.00460637	0.0255133333333	0.0121666666667
0.01419942	0.004084259	0.0245111111111	0.0123888888889
0.01487069	0.004384071	0.0345888888889	0.0116111111111
0.01875245	0.005843812	0.03348	0.0116
0.02540307	0.004869409	0.0416888888889	0.0140111111111
0.01523257	0.007570315	0.0287722222222	0.0144777777778
0.01948179	0.006712114	0.0361644444444	0.0116555555556
0.02590444	0.005905197	0.0436033333333	0.0130666666667
0.0198951	0.006230286	0.033	0.0116
0.03155376	0.00727051	0.0399811111111	0.0142888888889
0.02184092	0.005670392	0.0381033333333	0.0117666666667
0.02280648	0.006744219	0.03716	0.0117
0.02696031	0.005756629	0.0409544444444	0.0141555555556
0.02675251	0.007293067	0.0436422222222	0.0130777777778
0.02002944	0.003543252	0.0292777777778	0.0117222222222
0.02493097	0.007191046	0.0370111111111	0.0116888888889
0.02401209	0.009357285	0.0431266666667	0.0126333333333
0.03135891	0.004403219	0.0418644444444	0.0122555555556
0.02658625	0.003905538	0.0383222222222	0.0117777777778
0.02254826	0.007088166	0.0255866666667	0.0121333333333
0.03173203	0.009224254	0.0414333333333	0.0121666666667
0.01686913	0.005884569	0.0355177777778	0.0116222222222
0.02724654	0.009860357	0.0434222222222	0.0127777777778
0.01505376	0.006663444	0.0231666666667	0.0130333333333
0.03026614	0.004126411	0.0430222222222	0.0125777777778
0.02136946	0.005917143	0.0436177777778	0.0129222222222
0.02657485	0.00620095	0.04003	0.0143
0.0182734	0.004920519	0.0303144444444	0.0116555555556
0.01809309	0.002842615	0.0272511111111	0.0118888888889
0.02002442	0.006518645	0.0399666666667	0.0119333333333
0.0214267	0.004350613	0.0431888888889	0.0136111111111
0.02514304	0.006624582	0.0425666666667	0.0138333333333
0.02738808	0.007517122	0.0402622222222	0.0142777777778
0.01857356	0.00623657	0.0429666666667	0.0125333333333
0.02801369	0.007835547	0.0412266666667	0.0141333333333
0.02782243	0.007580502	0.0352755555556	0.0146444444444
0.01875753	0.004128879	0.0327222222222	0.0115777777778
0.01831394	0.007158246	0.0230444444444	0.0131555555556
0.01919241	0.005780554	0.0302555555556	0.0116444444444
0.02357174	0.004119812	0.0281044444444	0.0144555555556
0.01392933	0.007696523	0.0406688888889	0.0120111111111
0.02160193	0.007091702	0.0436355555556	0.0128444444444
0.02363763	0.004418117	0.04124	0.0121
0.02563606	0.006078726	0.0406155555556	0.0142444444444
0.02851184	0.006458607	0.0322233333333	0.0146666666667
0.01931003	0.008524091	0.04308	0.0137
0.02405458	0.004481312	0.0242	0.0124
0.0345214	0.003676528	0.04376	0.0133
0.01149238	0.003837175	0.0240111111111	0.0137888888889
0.02428026	0.008861421	0.04296	0.0125
0.02071227	0.009748295	0.0436922222222	0.0133777777778
0.01938787	0.00624385	0.0232733333333	0.0127666666667
0.02059751	0.005445664	0.0341022222222	0.0146777777778
0.02961663	0.007158671	0.0396022222222	0.0143777777778
0.02597942	0.008318206	0.0343222222222	0.0146777777778
0.01978708	0.003943461	0.0438111111111	0.0132888888889
0.02792493	0.006151736	0.0389955555556	0.0144444444444
0.01920126	0.008607335	0.0419777777778	0.0122222222222
0.02190011	0.005449713	0.0398844444444	0.0143555555556
0.01935037	0.005957892	0.0340444444444	0.0115555555556
0.02925914	0.005876759	0.0385911111111	0.0144888888889
0.02266752	0.006293598	0.0433777777778	0.0126222222222
0.03275833	0.004713803	0.0438988888889	0.0130111111111
0.0218766	0.005153945	0.0300588888889	0.0146111111111
0.01972391	0.007385501	0.0439	0.013
0.0358084	0.003767318	0.0433877777778	0.0126222222222
0.01816363	0.005406622	0.0229777777778	0.0133222222222
0.016615	0.00388246	0.0290711111111	0.0116888888889
0.02236457	0.003724918	0.0366077777778	0.0116222222222
0.02305991	0.005103432	0.0437111111111	0.0127888888889
0.03163173	0.005966187	0.0370555555556	0.0116444444444
0.0268789	0.004176768	0.0426622222222	0.0138777777778
0.02668365	0.00371157	0.03852	0.0145
0.02353727	0.003882905	0.03795	0.0117
0.0241187	0.01054569	0.0256611111111	0.0141888888889
0.009680518	0.007581845	0.0301977777778	0.0146222222222
0.02233499	0.007478699	0.0364088888889	0.0116111111111
0.02293529	0.007226547	0.0423322222222	0.0122777777778
0.02521102	0.007006581	0.0346444444444	0.0115555555556
0.02787628	0.005837352	0.0423333333333	0.0139666666667
0.02739129	0.004480464	0.0418222222222	0.0140777777778
0.01921727	0.004015629	0.0228777777778	0.0132222222222
0.02222939	0.004395024	0.038	0.0117
0.02723132	0.004236779	0.0439666666667	0.0130333333333
0.01807458	0.006819456	0.0352633333333	0.0115666666667
0.0245755	0.003374362	0.0348111111111	0.0146888888889
0.02001551	0.005388984	0.0315333333333	0.0115666666667
0.02727273	0.004234501	0.0409566666667	0.0142333333333
0.01420613	0.005572922	0.0264288888889	0.0143111111111
0.02060514	0.005891946	0.0302488888889	0.0116111111111
0.02647361	0.004868498	0.0436111111111	0.0126888888889
0.02237902	0.006549267	0.0343555555556	0.0115444444444
0.02536218	0.004532364	0.0434777777778	0.0126222222222
0.02923186	0.006669076	0.0438933333333	0.0133666666667
0.02263365	0.007564428	0.04386	0.0134
0.02556221	0.004703595	0.0438011111111	0.0127888888889
0.02759903	0.005983734	0.03458	0.0147
0.02036018	0.005957	0.0358822222222	0.0115777777778
0.02444085	0.007427397	0.0399222222222	0.0143777777778
0.02643299	0.007555698	0.0390733333333	0.0144666666667
0.02313338	0.00413114	0.0403777777778	0.0119222222222
0.02251143	0.006845932	0.0388444444444	0.0117555555556
0.02805411	0.006848468	0.0428133333333	0.0138666666667
0.02442497	0.00679621	0.0337088888889	0.0147111111111
0.02393754	0.008286587	0.0410977777778	0.0120222222222
0.02612529	0.006926808	0.0330466666667	0.0115333333333
0.01919788	0.005245465	0.0281	0.0145
0.03543416	0.00963108	0.0415111111111	0.0120888888889
0.01885328	0.00628253	0.0436333333333	0.0126666666667
0.02006532	0.008350278	0.0372166666667	0.0116333333333
0.01875382	0.003881379	0.0313711111111	0.0146888888889
0.0315459	0.01038329	0.0434944444444	0.0136555555556
0.02527753	0.006848204	0.0415222222222	0.0120777777778
0.02282074	0.005502994	0.0294666666667	0.0116333333333
0.01614132	0.005976566	0.0256077777778	0.0120222222222
0.02049542	0.01104216	0.04386	0.0135
0.03304548	0.008170984	0.0425622222222	0.0122777777778
0.02681979	0.006290126	0.0401333333333	0.0118666666667
0.02143713	0.005170859	0.0385788888889	0.0117111111111
0.03373315	0.0060079	0.0406666666667	0.0119333333333
0.02021524	0.006343095	0.0269788888889	0.0144111111111
0.01866846	0.006049482	0.0403344444444	0.0143555555556
0.02286512	0.005853017	0.0289744444444	0.0116555555556
0.0181898	0.004110432	0.0252133333333	0.0141666666667
0.01418021	0.007476709	0.02438	0.014
0.01651783	0.005135527	0.0441066666667	0.0133333333333
0.01628959	0.008779401	0.0292788888889	0.0146111111111
0.02644561	0.003661258	0.0440066666667	0.0134333333333
0.01802883	0.006031908	0.0247511111111	0.0140888888889
0.02084931	0.005806713	0.0246333333333	0.0140666666667
0.02944853	0.01228283	0.0434988888889	0.0137111111111
0.01585251	0.007131443	0.0273933333333	0.0144666666667
0.02958329	0.006844916	0.0429933333333	0.0123666666667
0.02987975	0.00747417	0.0434777777778	0.0125222222222
0.02693029	0.004751676	0.0436222222222	0.0125777777778
0.0251305	0.005729976	0.0436222222222	0.0125777777778
0.02755209	0.007264989	0.0440888888889	0.0134111111111
0.03231903	0.005187444	0.0400188888889	0.0144111111111
0.02409596	0.006357613	0.033	0.0115
0.01775856	0.004479558	0.0403222222222	0.0143777777778
0.03694722	0.006639896	0.0390177777778	0.0145222222222
0.02731811	0.006387318	0.0432777777778	0.0124222222222
0.02869581	0.006185619	0.0428555555556	0.0139444444444
0.01711066	0.005337029	0.0336711111111	0.0114888888889
0.01568141	0.005083747	0.0427333333333	0.0122666666667
0.01858394	0.004496496	0.0284333333333	0.0116666666667
0.02075013	0.00920683	0.0243755555556	0.0140444444444
0.0180821	0.009370567	0.0443477777778	0.0132222222222
0.02085452	0.0068241	0.0272822222222	0.0144777777778
0.02336903	0.008606802	0.0405333333333	0.0143666666667
0.0220322	0.006598862	0.0438266666667	0.0136333333333
0.03210047	0.00447639	0.0429777777778	0.0139222222222
0.02310478	0.003622263	0.0429777777778	0.0123222222222
0.02090583	0.004089721	0.04198	0.0121
0.01802064	0.007270832	0.0428544444444	0.0139555555556
0.02269498	0.006877531	0.0357777777778	0.0115222222222
0.02230383	0.006947155	0.0350155555556	0.0147444444444
0.01937673	0.005292859	0.0397022222222	0.0117777777778
0.02509815	0.006375096	0.0439622222222	0.0135777777778
0.02515117	0.01048632	0.0390466666667	0.0145333333333
0.0160961	0.004169316	0.0259077777778	0.0119222222222
0.02289278	0.005205916	0.0294144444444	0.0146555555556
0.03074681	0.00566906	0.04038	0.0144
0.01466765	0.005996277	0.0265466666667	0.0118333333333
0.02948991	0.004542588	0.04	0.0118
0.03073342	0.01062629	0.0443111111111	0.0133888888889
0.01878468	0.003764866	0.0279444444444	0.0145555555556
0.02496636	0.005432904	0.0378666666667	0.0146333333333
0.02775812	0.008034647	0.0442222222222	0.0134777777778
