root_height	pop_size	pi_net	pi_within
0.04840101	0.0161402	0.07483	0.0381
0.06950123	0.01046068	0.0785866666667	0.0389333333333
0.05385421	0.01470566	0.0759788888889	0.0391111111111
0.06346864	0.01193576	0.0801355555556	0.0377444444444
0.0613716	0.008701627	0.0831666666667	0.0380333333333
0.06190241	0.01277872	0.0841155555556	0.0380444444444
0.05437793	0.009093373	0.0781877777778	0.0396222222222
0.0447647	0.01476976	0.0686222222222	0.0384777777778
0.0499191	0.007805349	0.0714166666667	0.0375333333333
0.05496393	0.01516191	0.0761811111111	0.0396888888889
0.04991173	0.01238581	0.0682855555556	0.0383444444444
0.0636957	0.00854566	0.0798022222222	0.0372777777778
0.0471671	0.01696261	0.07207	0.0396
0.07021466	0.008962311	0.0829788888889	0.0394111111111
0.0540654	0.0142699	0.0678866666667	0.0387333333333
0.04844972	0.01248923	0.0755688888889	0.0398111111111
0.0600629	0.007864274	0.0859811111111	0.0381888888889
0.06845697	0.00664129	0.0850777777778	0.0377222222222
0.05626229	0.01299647	0.0858955555556	0.0390444444444
0.05182599	0.01518003	0.0710788888889	0.0397111111111
0.0212222	0.01085415	0.0815877777778	0.0398222222222
0.05236958	0.01142779	0.0665144444444	0.0380555555556
0.05241085	0.01294479	0.0671244444444	0.0377555555556
0.06206614	0.005659832	0.0839711111111	0.0372888888889
0.04651794	0.007130409	0.0864011111111	0.0377888888889
0.05638236	0.01356397	0.0675488888889	0.0394111111111
0.06208484	0.006815878	0.0798577777778	0.0401222222222
0.05222048	0.01174474	0.0650955555556	0.0383444444444
0.06001471	0.009346272	0.0872722222222	0.0376777777778
0.05250741	0.01081258	0.0671755555556	0.0395444444444
0.05813751	0.01415004	0.0868488888889	0.0394111111111
0.06023576	0.01298036	0.0845955555556	0.0370444444444
0.06814177	0.01393503	0.0885011111111	0.0390888888889
0.05036917	0.00925576	0.0684811111111	0.0398888888889
0.05315698	0.0128705	0.08778	0.0375
0.03228233	0.01282059	0.06624	0.0396
0.05478845	0.009189531	0.0859777777778	0.0398222222222
0.04775654	0.01285534	0.0634177777778	0.0384222222222
0.0251655	0.008948884	0.0770355555556	0.0404444444444
0.04825369	0.01368625	0.0843377777778	0.0368222222222
0.06941889	0.006630636	0.0901555555556	0.0388444444444
0.05785069	0.007676421	0.0902966666667	0.0387333333333
0.04777713	0.0112967	0.0696555555556	0.0366444444444
0.05711656	0.01358254	0.0892711111111	0.0373888888889
0.0532386	0.01050978	0.0915244444444	0.0386555555556
0.05380764	0.005737395	0.0680422222222	0.0402777777778
0.05028128	0.01766918	0.0688855555556	0.0365444444444
0.05120203	0.01163694	0.0728077777778	0.0362222222222
0.0506714	0.01004926	0.0652611111111	0.0368888888889
0.03819745	0.01889121	0.0623833333333	0.0393666666667
0.03678938	0.008670375	0.0663266666667	0.0366333333333
0.03488726	0.01470607	0.0700744444444	0.0406555555556
0.05570322	0.01386236	0.0645133333333	0.0368666666667
0.04784456	0.007994839	0.0930655555556	0.0387444444444
0.03751046	0.01062875	0.07838	0.036
0.03856864	0.01546545	0.0671377777778	0.0405222222222
0.03954149	0.009530997	0.0711844444444	0.0360555555556
0.05263101	0.008883356	0.0591888888889	0.0381111111111
0.0544117	0.006638901	0.0685511111111	0.0360888888889
0.04516241	0.01464731	0.0807188888889	0.0358111111111
0.03530667	0.01277253	0.05848	0.0384
0.06387485	0.01021272	0.0890255555556	0.0364444444444
0.05356615	0.01302419	0.0948988888889	0.0382111111111
0.06077722	0.009632341	0.0779188888889	0.0412111111111
0.05001762	0.008706294	0.0775111111111	0.0356888888889
0.05928548	0.01045525	0.0856988888889	0.0409111111111
0.06631103	0.01481457	0.0909911111111	0.0402888888889
0.03902408	0.01401732	0.0645677777778	0.0406222222222
0.0594383	0.007687881	0.0929933333333	0.0369666666667
0.05700457	0.01092719	0.05825	0.0376
0.03807499	0.01911391	0.0614222222222	0.0402777777778
0.04109733	0.01428374	0.0810188888889	0.0413111111111
0.06210036	0.0099495	0.0742333333333	0.0413666666667
0.05015325	0.008253013	0.0637488888889	0.0407111111111
0.04497517	0.01335076	0.06298	0.0363
0.03747709	0.01440247	0.0620188888889	0.0364111111111
0.05574887	0.01419231	0.0629255555556	0.0406444444444
0.03753653	0.007727093	0.0786444444444	0.0354555555556
0.03399841	0.0100609	0.0686444444444	0.0356555555556
0.05290934	0.005589188	0.0648022222222	0.0359777777778
0.05041488	0.0114437	0.0762033333333	0.0353666666667
0.06326189	0.01267934	0.0878944444444	0.0358555555556
0.06340558	0.009303553	0.0874888888889	0.0411111111111
0.04761756	0.01332495	0.0596333333333	0.0366666666667
0.05960435	0.01553558	0.0655388888889	0.0358111111111
0.04655535	0.01449972	0.0957833333333	0.0371666666667
0.05777501	0.01338948	0.0710266666667	0.0354333333333
0.06035105	0.01157817	0.0877911111111	0.0357888888889
0.04196817	0.01196102	0.0573577777778	0.0372222222222
0.04933949	0.01307353	0.0799355555556	0.0353444444444
0.06944286	0.008279423	0.0836044444444	0.0354555555556
0.03422085	0.009142479	0.0574222222222	0.0370777777778
0.04000592	0.009562032	0.0580655555556	0.0367444444444
0.03703661	0.01670601	0.0547255555556	0.0387444444444
0.03478835	0.01445712	0.0636177777778	0.0411222222222
0.05682634	0.0119046	0.0545422222222	0.0381777777778
0.04189265	0.01737907	0.0552144444444	0.0374555555556
0.06720602	0.01822088	0.0956222222222	0.0402777777778
0.06417521	0.008572326	0.0995944444444	0.0386555555556
0.05475963	0.008308952	0.0633344444444	0.0356555555556
0.04021825	0.01289946	0.09298	0.0409
0.03787391	0.01272986	0.0694144444444	0.0351555555556
0.05206975	0.007342488	0.07048	0.0351
0.04816649	0.009882779	0.0679688888889	0.0352111111111
0.02653568	0.009796982	0.0548266666667	0.0371333333333
0.04217239	0.009471098	0.0546888888889	0.0398111111111
0.03641922	0.01352826	0.0730422222222	0.0419777777778
0.04098831	0.0101717	0.0545966666667	0.0398333333333
0.07252226	0.00854436	0.0996155555556	0.0373444444444
0.05676068	0.01296557	0.0822155555556	0.0349444444444
0.04041076	0.007824585	0.0616377777778	0.0356222222222
0.05072399	0.01280132	0.0631266666667	0.0354333333333
0.04745146	0.013102	0.0641322222222	0.0415777777778
0.03860635	0.01552361	0.0523066666667	0.0384333333333
0.02360022	0.006784723	0.0555255555556	0.0366444444444
0.04058963	0.007848235	0.0594977777778	0.0358222222222
0.04072975	0.009871075	0.0704211111111	0.0348888888889
0.03449983	0.01299213	0.0529133333333	0.0374666666667
0.045541	0.007653121	0.0760255555556	0.0347444444444
0.06518537	0.008852317	0.100578888889	0.0374111111111
0.06235801	0.01066985	0.0869955555556	0.0350444444444
0.05604238	0.006433015	0.0820711111111	0.0347888888889
0.04400199	0.01830107	0.0561966666667	0.0406333333333
0.06152923	0.01426172	0.0769611111111	0.0346888888889
0.04312928	0.008764964	0.0594811111111	0.0356888888889
0.04823316	0.01341817	0.0520822222222	0.0375777777778
0.04901642	0.01604644	0.0790544444444	0.0422555555556
0.04446227	0.01265553	0.0541133333333	0.0366666666667
0.0357402	0.009306179	0.0529822222222	0.0369777777778
0.06477313	0.009856377	0.0762888888889	0.0423111111111
0.05608481	0.01106755	0.07769	0.0346
0.05852809	0.01435781	0.0957111111111	0.0410888888889
0.04676878	0.01346967	0.0749777777778	0.0423222222222
0.05351715	0.01309634	0.0882833333333	0.0349666666667
0.04119028	0.01061442	0.0547155555556	0.0363444444444
0.05486873	0.01251066	0.0671888888889	0.0348111111111
0.01586427	0.008626564	0.0577955555556	0.0357444444444
0.05614753	0.007742816	0.0657933333333	0.0348666666667
0.06167912	0.01335985	0.0994655555556	0.0404444444444
0.04451878	0.008446166	0.0733155555556	0.0345444444444
0.07138759	0.01550803	0.10124	0.037
0.03316278	0.01141633	0.0504166666667	0.0379333333333
0.02643641	0.01167615	0.05231	0.0368
0.06468196	0.0101486	0.0768455555556	0.0344444444444
0.0428075	0.01403858	0.0498211111111	0.0382888888889
0.04630775	0.01110093	0.0826866666667	0.0345333333333
0.03284484	0.01548	0.07175	0.0345
0.05691918	0.009116831	0.0889733333333	0.0348666666667
0.07181936	0.006430477	0.10298	0.0394
0.03230251	0.009799602	0.0498488888889	0.0379111111111
0.06868339	0.01291028	0.0891555555556	0.0348444444444
0.04325133	0.004155588	0.0642222222222	0.0347777777778
0.04306096	0.01039423	0.0562755555556	0.0356444444444
0.0336487	0.01090233	0.0510622222222	0.0400777777778
0.04242118	0.008610395	0.0487622222222	0.0382777777778
0.04508847	0.007685608	0.0563222222222	0.0355777777778
0.03329254	0.01154792	0.0488355555556	0.0379444444444
0.03941737	0.0132013	0.0512111111111	0.0366888888889
0.05660802	0.01163314	0.0768055555556	0.0342444444444
0.06631771	0.009393802	0.0801733333333	0.0342666666667
0.04043816	0.007635879	0.0691122222222	0.0343777777778
0.05340786	0.01519833	0.0808644444444	0.0426555555556
0.03015495	0.01448506	0.0499722222222	0.0369777777778
0.03788859	0.01365951	0.0481544444444	0.0383555555556
0.04527192	0.0122807	0.0627377777778	0.0347222222222
0.0438218	0.01610118	0.0650355555556	0.0345444444444
0.03188066	0.009378251	0.0479311111111	0.0384888888889
0.05227926	0.01734525	0.101227777778	0.0407222222222
0.04349708	0.01016929	0.0865288888889	0.0425111111111
0.04806051	0.008269288	0.0640422222222	0.0345777777778
0.07960935	0.0124328	0.104617777778	0.0373222222222
0.04117889	0.01025605	0.0541133333333	0.0411666666667
0.03141375	0.009813628	0.06197	0.0422
0.04348689	0.01127008	0.0554755555556	0.0414444444444
0.04727813	0.01327898	0.0600333333333	0.0420666666667
0.04260103	0.009283417	0.0681544444444	0.0342555555556
0.0428161	0.01093344	0.0538866666667	0.0412333333333
0.03185914	0.007365626	0.0532611111111	0.0357888888889
0.04614622	0.006510591	0.0538833333333	0.0356666666667
0.01805833	0.006837092	0.0502933333333	0.0404666666667
0.04324376	0.008207142	0.0726855555556	0.0340444444444
0.03569979	0.01266062	0.0550733333333	0.0353666666667
0.05465713	0.009562238	0.0705722222222	0.0340777777778
0.01731496	0.01291792	0.0467733333333	0.0385666666667
0.06319548	0.01470092	0.0765322222222	0.0339777777778
0.05046478	0.01467002	0.0568211111111	0.0350888888889
0.07966019	0.007332774	0.106211111111	0.0374888888889
0.04559512	0.008704597	0.06631	0.0427
0.05124883	0.01521643	0.0909044444444	0.0344555555556
0.03851719	0.006302771	0.0466311111111	0.0390888888889
0.06358843	0.007027964	0.0800355555556	0.0339444444444
0.03855628	0.01113798	0.0798066666667	0.0339333333333
0.05402471	0.01351832	0.0644411111111	0.0342888888889
0.03785798	0.01687965	0.0618922222222	0.0344777777778
0.02306211	0.006927536	0.0488177777778	0.0366222222222
0.02016014	0.009570565	0.0513288888889	0.0359111111111
0.05052362	0.0138813	0.0930822222222	0.0345777777778
0.03811554	0.008064583	0.0561255555556	0.0350444444444
0.05985212	0.01690645	0.106645555556	0.0395444444444
0.03900414	0.01298943	0.0546877777778	0.0352222222222
0.04174289	0.01339226	0.0624133333333	0.0343666666667
0.03967391	0.00742091	0.0669355555556	0.0340444444444
0.0646513	0.009647434	0.0972333333333	0.0349666666667
0.04639942	0.008580703	0.0623166666667	0.0343333333333
0.06507196	0.01630906	0.107695555556	0.0389444444444
0.07451422	0.008002801	0.0950022222222	0.0346777777778
0.03861026	0.006128777	0.0558655555556	0.0419444444444
0.05675645	0.01344709	0.0782766666667	0.0431333333333
0.04898491	0.01430436	0.0613733333333	0.0343666666667
0.04253982	0.01043074	0.0640233333333	0.0341666666667
0.04132694	0.008758848	0.05454	0.0418
0.0427509	0.01271179	0.0528933333333	0.0353666666667
0.04736876	0.01460194	0.0805733333333	0.0337666666667
0.03342808	0.01068588	0.04684	0.0369
0.03012891	0.01367917	0.0463688888889	0.0371111111111
0.04171155	0.01238066	0.06801	0.0339
0.05685273	0.0125422	0.0670566666667	0.0339333333333
0.04964124	0.005958736	0.0685133333333	0.0338666666667
0.05271159	0.009177795	0.0585455555556	0.0345444444444
0.06198624	0.007548448	0.102137777778	0.0413222222222
0.0671338	0.008296986	0.0889044444444	0.0340555555556
0.03921027	0.009166667	0.0450177777778	0.0379222222222
0.04515735	0.01072857	0.0984055555556	0.0419444444444
0.05643666	0.008251654	0.107733333333	0.0373666666667
0.0666977	0.01307857	0.102471111111	0.0412888888889
0.03155045	0.01244003	0.0479766666667	0.0363333333333
0.0575189	0.01458218	0.0979922222222	0.0348777777778
0.04638918	0.01324602	0.0815788888889	0.0337111111111
0.03556263	0.01336507	0.04894	0.036
0.04118664	0.007128404	0.04504	0.0394
0.02699652	0.007620595	0.0481955555556	0.0407444444444
0.06573613	0.0144829	0.105988888889	0.0405111111111
0.06924957	0.01415882	0.107668888889	0.0370111111111
0.03368325	0.01112469	0.0524977777778	0.0352222222222
0.03708359	0.01324461	0.05612	0.0347
0.04426241	0.01454785	0.0455077777778	0.0398222222222
0.0578201	0.008026666	0.0784211111111	0.0335888888889
0.04923135	0.01603279	0.0773022222222	0.0335777777778
0.03210492	0.01521834	0.0571422222222	0.0423777777778
0.06877872	0.01428871	0.109484444444	0.0385555555556
0.06535166	0.0144724	0.109364444444	0.0378555555556
0.03554453	0.009129064	0.0722055555556	0.0335444444444
0.04592768	0.01110473	0.10782	0.0402
0.07297999	0.01366732	0.102552222222	0.0415777777778
0.04742232	0.01650155	0.0821844444444	0.0433555555556
0.01130058	0.008411484	0.0447422222222	0.0370777777778
0.0463879	0.007249207	0.0655444444444	0.0337555555556
0.08367774	0.0104577	0.110007777778	0.0381222222222
0.05359124	0.01169161	0.0703544444444	0.0335555555556
0.03244466	0.01156827	0.0461511111111	0.0363888888889
0.04588342	0.01157575	0.0563766666667	0.0344333333333
0.05227979	0.01020731	0.0914377777778	0.0339222222222
0.05922488	0.007965545	0.0769888888889	0.0334111111111
0.02923321	0.006027715	0.0446155555556	0.0368444444444
0.0522971	0.01058244	0.0644677777778	0.0337222222222
0.04300555	0.006776303	0.0644488888889	0.0337111111111
0.05687262	0.01213101	0.08875	0.0337
0.02738625	0.01256425	0.0522888888889	0.0349111111111
0.009445104	0.008910156	0.0454022222222	0.0404777777778
0.02969723	0.01433046	0.0459033333333	0.0362666666667
0.04601169	0.008860433	0.06862	0.0335
0.05168198	0.007055387	0.0658088888889	0.0336111111111
0.03201059	0.01285248	0.0451811111111	0.0404888888889
0.02553837	0.01332517	0.0426177777778	0.0391222222222
0.05100637	0.01572578	0.0917388888889	0.0338111111111
0.03342861	0.007458951	0.0505444444444	0.0350555555556
0.05216629	0.008775304	0.0999688888889	0.0346111111111
0.05935069	0.009502761	0.0778833333333	0.0332666666667
0.03211499	0.01418707	0.04248	0.0394
0.04655653	0.009341854	0.0466066666667	0.0358333333333
0.06004412	0.01125553	0.0786544444444	0.0332555555556
0.02129254	0.01534932	0.0706977777778	0.0333222222222
0.07378688	0.006931759	0.0958377777778	0.0428222222222
0.04065891	0.01337022	0.06481	0.0335
0.05903527	0.0112113	0.110065555556	0.0367444444444
0.05496417	0.01093211	0.0637355555556	0.0335444444444
0.04024673	0.01794829	0.0417377777778	0.0392222222222
0.06458227	0.0129398	0.0753522222222	0.0331777777778
0.04693701	0.01243618	0.0728022222222	0.0331777777778
0.03566983	0.01009052	0.0426722222222	0.0368777777778
0.05790501	0.01027691	0.0961022222222	0.0339777777778
0.03395399	0.00778326	0.0510977777778	0.0347222222222
0.041811	0.006918321	0.0479533333333	0.0352666666667
0.03525963	0.007781385	0.0535166666667	0.0425333333333
0.06022553	0.006949471	0.0762	0.0331
0.06217476	0.01135241	0.101797777778	0.0346222222222
0.03573731	0.009855064	0.0470222222222	0.0414777777778
0.03628504	0.01467867	0.103315555556	0.0348444444444
0.04273767	0.009436912	0.0682377777778	0.0332222222222
0.02606688	0.01372522	0.0429844444444	0.0365555555556
0.04311979	0.01378681	0.0537688888889	0.0426111111111
0.04652623	0.01384058	0.0525855555556	0.0344444444444
0.04306076	0.01028575	0.0803311111111	0.0330888888889
0.05275535	0.01179572	0.0697844444444	0.0331555555556
0.05845599	0.008650094	0.06376	0.0435
0.06808858	0.01628359	0.104804444444	0.0418555555556
0.03663572	0.01032083	0.0520733333333	0.0344666666667
0.0427848	0.01264247	0.107331111111	0.0413888888889
0.04972125	0.01423685	0.0897166666667	0.0435333333333
0.05612969	0.01626042	0.0923177777778	0.0335222222222
0.07121911	0.00633833	0.108746666667	0.0358333333333
0.03118236	0.01435306	0.0490766666667	0.0420333333333
0.04031614	0.008672464	0.05234	0.0426
0.03744503	0.01286777	0.0807033333333	0.0329666666667
0.03873411	0.01681315	0.0692755555556	0.0330444444444
0.05510109	0.009446512	0.0730244444444	0.0329555555556
0.03484045	0.01192906	0.0412355555556	0.0368444444444
0.01940943	0.01569795	0.0397111111111	0.0378888888889
0.03147467	0.01450072	0.0487022222222	0.0347777777778
0.04644483	0.008289068	0.0584011111111	0.0335888888889
0.04242783	0.008028585	0.0560711111111	0.0337888888889
0.04307924	0.01246609	0.0545655555556	0.0339444444444
0.03896001	0.01001632	0.04138	0.0366
0.04080647	0.01170547	0.0761744444444	0.0328555555556
0.08083984	0.01593927	0.113602222222	0.0394777777778
0.04127792	0.01497537	0.0457533333333	0.0352666666667
0.05444195	0.01048315	0.0705722222222	0.0328777777778
0.03276267	0.006836181	0.0408977777778	0.0366222222222
0.07289124	0.01802857	0.10032	0.034
0.04398497	0.01400466	0.0448966666667	0.0353333333333
0.05210259	0.007499163	0.0606311111111	0.0332888888889
0.04701416	0.01659928	0.0818988888889	0.0328111111111
0.04882508	0.01275049	0.0957511111111	0.0334888888889
0.05243328	0.005623241	0.0737155555556	0.0327444444444
0.02367026	0.009724422	0.0411288888889	0.0363111111111
0.04254371	0.01159817	0.0465955555556	0.0420444444444
0.03982506	0.01375829	0.0545422222222	0.0431777777778
0.05637164	0.01123765	0.0791811111111	0.0326888888889
0.03762702	0.01347032	0.0595733333333	0.0332666666667
0.02955607	0.007809369	0.0506733333333	0.0341666666667
0.03738123	0.01298011	0.0864955555556	0.0328444444444
0.0566416	0.007581781	0.0773144444444	0.0326555555556
0.03834889	0.007423863	0.04961	0.0343
0.03106823	0.005076546	0.0380555555556	0.0378444444444
0.06119177	0.01040022	0.0975444444444	0.0335555555556
0.04452399	0.01377816	0.0637022222222	0.0329777777778
0.04468973	0.01264237	0.0554022222222	0.0335777777778
0.03034291	0.00725653	0.0577244444444	0.0435555555556
0.03684647	0.01467741	0.0548888888889	0.0336111111111
0.03701695	0.008421682	0.0417044444444	0.0358555555556
0.046355	0.01480764	0.0654744444444	0.0328555555556
0.03522916	0.01184762	0.0375511111111	0.0382888888889
0.04485807	0.01273007	0.0592388888889	0.0332111111111
0.02177094	0.007648538	0.0393844444444	0.0366555555556
0.01824752	0.008638951	0.0532155555556	0.0337444444444
0.03004977	0.009542809	0.0381066666667	0.0373333333333
0.06808284	0.00897739	0.112884444444	0.0361555555556
0.05533642	0.01059452	0.0696133333333	0.0326666666667
0.03112459	0.009221007	0.0420555555556	0.0356444444444
0.06838801	0.008577506	0.0870044444444	0.0327555555556
0.04127119	0.01553191	0.0828577777778	0.0326222222222
0.07881576	0.0129755	0.113548888889	0.0406111111111
0.03419221	0.01402686	0.0371555555556	0.0387444444444
0.06025793	0.01048891	0.110415555556	0.0353444444444
0.02460679	0.01625154	0.0404433333333	0.0408666666667
0.04406851	0.009328815	0.0783388888889	0.0325111111111
0.06883833	0.01269821	0.100591111111	0.0336888888889
0.07535153	0.0137675	0.115147777778	0.0400222222222
0.05888901	0.01052905	0.102508888889	0.0339111111111
0.06681501	0.008242813	0.105113333333	0.0342666666667
0.03574824	0.00763205	0.0572333333333	0.0436666666667
0.02682981	0.00928206	0.0397533333333	0.0361666666667
0.056877	0.01500529	0.116208888889	0.0394111111111
0.06170578	0.005196223	0.0707066666667	0.0325333333333
0.03284633	0.00909719	0.0368444444444	0.0375555555556
0.02816733	0.008682074	0.0413933333333	0.0413666666667
0.04824503	0.008602785	0.0608088888889	0.0329111111111
0.03459615	0.007462213	0.0434622222222	0.0418777777778
0.06871137	0.01291052	0.112543333333	0.0356666666667
0.03693803	0.01385571	0.0381988888889	0.0403111111111
0.05650389	0.01454293	0.0715444444444	0.0444555555556
0.04207806	0.008030175	0.0458055555556	0.0345444444444
0.0470448	0.00662698	0.0658177777778	0.0326222222222
0.03753699	0.01450825	0.0934466666667	0.0329333333333
0.05544802	0.008947769	0.09704	0.0332
0.03983493	0.01483339	0.0388622222222	0.0406777777778
0.01869001	0.01344849	0.0399533333333	0.0410666666667
0.0304929	0.01234696	0.05968	0.044
0.07032306	0.01323297	0.111444444444	0.0416555555556
0.0457304	0.007197487	0.0704177777778	0.0324222222222
0.05943765	0.008415935	0.0839455555556	0.0324444444444
0.03062424	0.01056798	0.0359055555556	0.0388444444444
0.04369487	0.005101813	0.0608288888889	0.0328111111111
0.07013716	0.01133287	0.105608888889	0.0428111111111
0.04501854	0.01714604	0.0703811111111	0.0323888888889
0.04118399	0.009020656	0.0587688888889	0.0329111111111
0.0376304	0.01254585	0.04305	0.0349
0.05912779	0.008013759	0.113181111111	0.0355888888889
0.03485506	0.01419589	0.0376177777778	0.0404222222222
0.04675566	0.009877609	0.0842811111111	0.0323888888889
0.03781307	0.007271814	0.0909644444444	0.0326555555556
0.06196878	0.009217298	0.0777422222222	0.0322777777778
0.0320339	0.01051101	0.0359044444444	0.0372555555556
0.06610249	0.008608002	0.0972555555556	0.0330444444444
0.02875553	0.01024968	0.0453755555556	0.0343444444444
0.048208	0.01510599	0.0718833333333	0.0322666666667
0.04634646	0.01684847	0.0620488888889	0.0326111111111
0.06950125	0.01607949	0.117623333333	0.0371666666667
0.034807	0.00925268	0.0430866666667	0.0347333333333
0.02911561	0.01175308	0.0348155555556	0.0388444444444
0.02042606	0.01124834	0.0438244444444	0.0345555555556
0.03852126	0.007468096	0.0388366666667	0.0357333333333
0.08999638	0.005733944	0.116973333333	0.0366666666667
0.03398369	0.01022341	0.0366822222222	0.0403777777778
0.04740315	0.01071587	0.0436533333333	0.0345666666667
0.04735966	0.004545776	0.0641644444444	0.0324555555556
0.04974602	0.01402975	0.0781744444444	0.0321555555556
0.069194	0.01525988	0.11011	0.0346
0.07286276	0.006888271	0.102543333333	0.0334666666667
0.04866328	0.01083009	0.0585144444444	0.0441555555556
0.03793345	0.00821399	0.05318	0.0332
0.04200694	0.01333642	0.0784188888889	0.0321111111111
0.03441479	0.009629517	0.04014	0.0417
0.06321682	0.006378189	0.0937266666667	0.0326333333333
0.0420971	0.01270054	0.0987777777778	0.0330222222222
0.05254918	0.01584917	0.0706244444444	0.0447555555556
0.04367726	0.01031017	0.0501422222222	0.0334777777778
0.05118613	0.007407642	0.0860355555556	0.0322444444444
0.06524643	0.01322051	0.108114444444	0.0427555555556
0.05125719	0.008478779	0.0868044444444	0.0446555555556
0.07300699	0.01194709	0.106521111111	0.0338888888889
0.02888455	0.01260393	0.0368444444444	0.0361555555556
0.04303396	0.008640491	0.0405044444444	0.0418555555556
0.06761493	0.01084506	0.115765555556	0.0358444444444
0.04032221	0.009565146	0.0394711111111	0.0352888888889
0.05729824	0.01301525	0.0702177777778	0.0321222222222
0.0137875	0.01107141	0.0425422222222	0.0345777777778
0.07417574	0.01172881	0.110685555556	0.0345444444444
0.04120019	0.01362512	0.04341	0.0344
0.03758013	0.007906479	0.0482655555556	0.0336444444444
0.03167378	0.007910467	0.0389966666667	0.0415333333333
0.04634006	0.007465133	0.06698	0.0322
0.05169908	0.009944893	0.0619477777778	0.0324222222222
0.03506333	0.01162575	0.0436422222222	0.0425777777778
0.06264951	0.01597238	0.106735555556	0.0338444444444
0.02934342	0.009011365	0.0447666666667	0.0341333333333
0.03342942	0.01113011	0.0481322222222	0.0432777777778
0.03738749	0.01379739	0.0421411111111	0.0345888888889
0.03601416	0.00626922	0.0389844444444	0.0352555555556
0.03555634	0.01405954	0.0946155555556	0.0325444444444
0.03566419	0.008192428	0.0462066666667	0.0338333333333
0.0623436	0.008783209	0.0837855555556	0.0320444444444
0.05180754	0.01401892	0.0879822222222	0.0321777777778
0.01508842	0.0069487	0.0334088888889	0.0391111111111
0.02639006	0.01463533	0.0334688888889	0.0377111111111
0.07417977	0.01250941	0.1041	0.0334
0.07028152	0.01374043	0.118787777778	0.0401222222222
0.03622365	0.01258718	0.0335277777778	0.0393222222222
0.04097364	0.007658417	0.0583733333333	0.0443666666667
0.01494606	0.01397261	0.0488333333333	0.0434666666667
0.0449603	0.01307755	0.100332222222	0.0329777777778
0.05405359	0.0123852	0.0532444444444	0.0439555555556
0.07606106	0.010649	0.11768	0.0362
0.03949423	0.0150486	0.0604677777778	0.0445222222222
0.02415814	0.0100387	0.0397644444444	0.0349555555556
0.03240361	0.01379704	0.0328688888889	0.0386111111111
0.06176809	0.01260391	0.0921077777778	0.0323222222222
0.03462905	0.009347868	0.0578266666667	0.0325333333333
0.05099673	0.01669445	0.0601555555556	0.0445444444444
0.04163131	0.0129438	0.0651088888889	0.0321111111111
0.03534461	0.01361916	0.0763622222222	0.0318777777778
0.03636183	0.007202685	0.0463666666667	0.0432333333333
0.04889557	0.007085436	0.05408	0.0328
0.03491496	0.01098844	0.0581322222222	0.0324777777778
0.08535208	0.008388926	0.110876666667	0.0426333333333
0.07826417	0.01367958	0.117894444444	0.0408555555556
0.07047494	0.01236786	0.10202	0.0439
0.03352785	0.01757839	0.0766211111111	0.0450888888889
0.07419409	0.0160708	0.114876666667	0.0350333333333
0.04197262	0.01413208	0.0559866666667	0.0325333333333
0.06138428	0.01302112	0.0763833333333	0.0317666666667
0.06916705	0.010647	0.0980133333333	0.0325666666667
0.05828351	0.01420581	0.0833266666667	0.0318333333333
0.07585343	0.008130025	0.119811111111	0.0365888888889
0.05072551	0.01224595	0.12004	0.0367
0.03642807	0.01177296	0.0450611111111	0.0336888888889
0.04785618	0.007041958	0.0575122222222	0.0323777777778
0.03458661	0.005030528	0.0431833333333	0.0339666666667
0.07326295	0.01386515	0.09507	0.0446
0.02952329	0.01541187	0.0676944444444	0.0318555555556
0.02117342	0.0169064	0.0418566666667	0.0427333333333
0.06054815	0.007222871	0.0924955555556	0.0321444444444
0.03206724	0.01329484	0.0491188888889	0.0331111111111
0.02604324	0.01040124	0.0802277777778	0.0317222222222
0.03771691	0.01075221	0.0427811111111	0.0339888888889
0.02836648	0.01465763	0.0481788888889	0.0332111111111
0.03689204	0.008900377	0.0548777777778	0.0325222222222
0.03354247	0.01170657	0.105774444444	0.0332555555556
0.05538056	0.01492083	0.08543	0.0318
0.03447217	0.009573272	0.0815411111111	0.0316888888889
0.03703517	0.01339433	0.0374255555556	0.0419444444444
0.06189721	0.01011083	0.0916	0.032
0.04573431	0.01396396	0.102963333333	0.0328666666667
0.02892669	0.01358453	0.0361	0.0416
0.03388598	0.01303583	0.0521622222222	0.0326777777778
0.02469173	0.01146698	0.0308688888889	0.0383111111111
0.06744977	0.007432214	0.0970488888889	0.0323111111111
0.01859949	0.01083678	0.0548077777778	0.0324222222222
0.03543238	0.01704085	0.0397022222222	0.0343777777778
0.03394216	0.01240215	0.0363466666667	0.0351333333333
0.03813839	0.01284897	0.0340222222222	0.0410777777778
0.06558471	0.007733552	0.0968555555556	0.0322444444444
0.01823177	0.007471121	0.0315633333333	0.0369666666667
0.0583641	0.01152107	0.09126	0.0319
0.03634361	0.006727715	0.0596977777778	0.0320222222222
0.05003046	0.0133079	0.0691	0.0453
0.03938404	0.0125079	0.0452555555556	0.0333444444444
0.04261707	0.006108199	0.105203333333	0.0329666666667
0.04595739	0.01064876	0.0479822222222	0.0329777777778
0.08656214	0.01364036	0.122966666667	0.0376333333333
0.03255996	0.01825579	0.0953733333333	0.0320666666667
0.02882632	0.01400888	0.0434133333333	0.0335666666667
0.05223569	0.008249558	0.08839	0.0317
0.04434973	0.0104591	0.0498922222222	0.0441777777778
0.04405301	0.007525485	0.0542388888889	0.0323111111111
0.04221983	0.007192269	0.0439555555556	0.0334444444444
0.05448362	0.01078107	0.0734533333333	0.0314666666667
0.04314138	0.01298071	0.0607755555556	0.0318444444444
0.03024663	0.007194644	0.0386577777778	0.0343222222222
0.02070388	0.01309254	0.0366555555556	0.0421444444444
0.02608675	0.01389255	0.11658	0.0422
0.05071212	0.0137743	0.110751111111	0.0335888888889
0.03193775	0.0164979	0.0629788888889	0.0317111111111
0.0537479	0.01093341	0.0725366666667	0.0314333333333
0.05566982	0.009181549	0.0827644444444	0.0314555555556
0.03876633	0.01330427	0.0517244444444	0.0324555555556
0.03126177	0.01020134	0.0372555555556	0.0345444444444
0.053082	0.01388267	0.0865466666667	0.0315333333333
0.02929335	0.01607132	0.0437633333333	0.0333666666667
0.02149677	0.008175343	0.0308111111111	0.0366888888889
0.05847936	0.01545098	0.0792622222222	0.0313777777778
0.0563138	0.006661935	0.10244	0.0325
0.05584721	0.01543017	0.0951311111111	0.0449888888889
0.05652708	0.01814706	0.1063	0.0329
0.02219913	0.007150688	0.0292444444444	0.0391555555556
0.03167097	0.008715686	0.0374722222222	0.0343777777778
0.04648942	0.007233682	0.0645855555556	0.0315444444444
0.03973142	0.007030202	0.0547911111111	0.0320888888889
0.03824668	0.0100696	0.04484	0.0331
0.03574014	0.008903942	0.0484444444444	0.0326555555556
0.02859099	0.006067378	0.0315811111111	0.0359888888889
0.04571911	0.01258649	0.0880622222222	0.0314777777778
0.03792045	0.01608211	0.0517777777778	0.0446222222222
0.03881314	0.01173695	0.0563211111111	0.0449888888889
0.03683142	0.01001969	0.0768433333333	0.0456666666667
0.04766603	0.009745126	0.0587344444444	0.0317555555556
0.05017678	0.01332406	0.123208888889	0.0365111111111
0.04084377	0.007155096	0.0393422222222	0.0338777777778
0.03116439	0.01000967	0.0480766666667	0.0326333333333
0.03592496	0.01248447	0.0354855555556	0.0346444444444
0.04167688	0.008942274	0.0493222222222	0.0324777777778
0.05876727	0.01780119	0.0663722222222	0.0313777777778
0.03821737	0.008159852	0.0496166666667	0.0324333333333
0.03741186	0.006797291	0.0806277777778	0.0312222222222
0.03653786	0.01094773	0.0421555555556	0.0333444444444
0.01704157	0.009863307	0.02828	0.0378
0.04661408	0.01500004	0.103346666667	0.0445333333333
0.0649831	0.01048838	0.100528888889	0.0321111111111
0.03615065	0.01163171	0.0292022222222	0.0401777777778
0.06353543	0.01426307	0.120945555556	0.0353444444444
0.0405268	0.01246719	0.108745555556	0.0328444444444
0.04536472	0.01072118	0.10584	0.0325
0.07510283	0.01457456	0.0892488888889	0.0313111111111
0.06250721	0.01061919	0.0973855555556	0.0317444444444
0.07927582	0.008196766	0.116601111111	0.0340888888889
0.0611171	0.007263559	0.111401111111	0.0331888888889
0.06285811	0.01027076	0.0835666666667	0.0311333333333
0.04068523	0.007732568	0.03987	0.0335
0.04073747	0.009764481	0.0544766666667	0.0318333333333
0.05896665	0.01655537	0.103844444444	0.0322555555556
0.03858623	0.01304652	0.0673622222222	0.0311777777778
0.06692055	0.005660425	0.105794444444	0.0324555555556
0.05924711	0.01411512	0.107513333333	0.0442666666667
0.04111358	0.008726986	0.0650855555556	0.0312444444444
0.02849769	0.01258431	0.0367277777778	0.0340222222222
0.03712016	0.01365054	0.0809955555556	0.0310444444444
0.03371829	0.01130408	0.0429333333333	0.0329666666667
0.0290997	0.01022747	0.0272577777778	0.0374222222222
0.04141805	0.008978512	0.0869844444444	0.0311555555556
0.04893586	0.01079677	0.0694533333333	0.0310666666667
0.0382565	0.01228825	0.0556855555556	0.0452444444444
0.05687259	0.01382466	0.101206666667	0.0319333333333
0.08037627	0.01529714	0.118487777778	0.0343222222222
0.02060769	0.01295458	0.0277011111111	0.0400888888889
0.0303887	0.007289549	0.0265233333333	0.0389666666667
0.0440861	0.01002666	0.0495388888889	0.0321111111111
0.080649	0.01122598	0.126785555556	0.0375444444444
0.04912099	0.0132435	0.0941622222222	0.0313777777778
0.08192049	0.01255756	0.126178888889	0.0400111111111
0.06424103	0.01509404	0.106308888889	0.0323111111111
0.09279225	0.01310845	0.125744444444	0.0403555555556
0.05942044	0.01342999	0.0992433333333	0.0316666666667
0.06291212	0.0130365	0.0796511111111	0.0308888888889
0.02838108	0.01273282	0.0349244444444	0.0427555555556
0.0324243	0.01217229	0.0331344444444	0.0423555555556
0.04303305	0.009435485	0.0384255555556	0.0434444444444
0.05434497	0.007975522	0.125048888889	0.0361111111111
0.01544434	0.0136227	0.0327155555556	0.0346444444444
0.02639884	0.009532733	0.0436122222222	0.0326777777778
0.01942097	0.01413059	0.0263555555556	0.0396444444444
0.04921446	0.008746013	0.0984333333333	0.0315666666667
0.04895974	0.008419928	0.0860433333333	0.0309666666667
0.04846009	0.009447556	0.0534333333333	0.0316666666667
0.03780674	0.01121329	0.126068888889	0.0365111111111
0.04433499	0.007144515	0.0627988888889	0.0311111111111
0.03166238	0.007401264	0.04456	0.0325
0.041932	0.007209718	0.0480488888889	0.0321111111111
0.0465128	0.009903751	0.0549388888889	0.0315111111111
0.05304435	0.008084739	0.0878433333333	0.0309666666667
0.03010595	0.01031568	0.0446033333333	0.0324666666667
0.05833447	0.01305469	0.0813788888889	0.0308111111111
0.03588898	0.01651975	0.0707677777778	0.0308222222222
0.05659587	0.01743558	0.0922411111111	0.0457888888889
0.0251671	0.01075543	0.0332888888889	0.0343111111111
0.02708899	0.01641304	0.0264977777778	0.0367222222222
0.03492083	0.01748697	0.0314455555556	0.0421444444444
0.04348947	0.008592321	0.08973	0.031
0.07265145	0.006904051	0.107344444444	0.0322555555556
0.03154116	0.01435137	0.0274822222222	0.0407777777778
0.04964045	0.009051349	0.0667633333333	0.0308666666667
0.02005856	0.01434119	0.0297533333333	0.0351666666667
0.02472186	0.007625083	0.0313711111111	0.0346888888889
0.066347	0.009563903	0.108803333333	0.0323666666667
0.03637827	0.006671875	0.0593155555556	0.0311444444444
0.07358912	0.01367082	0.127985555556	0.0372444444444
0.02856274	0.01319137	0.0286822222222	0.0354777777778
0.02700589	0.01372682	0.0262544444444	0.0365555555556
0.04799505	0.009600312	0.0667177777778	0.0308222222222
0.06409717	0.01255673	0.127165555556	0.0365444444444
0.03184585	0.009570346	0.0501755555556	0.0317444444444
0.04309402	0.009109293	0.0444777777778	0.0323222222222
0.06546756	0.01229478	0.0891022222222	0.0308777777778
0.0471642	0.01605478	0.0656411111111	0.0460888888889
0.03946342	0.005880068	0.0645644444444	0.0308555555556
0.05195588	0.01445022	0.0951066666667	0.0311333333333
0.04652715	0.007646786	0.0710622222222	0.0306777777778
0.029783	0.01452449	0.0311311111111	0.0345888888889
0.05456072	0.01581665	0.0913977777778	0.0309222222222
0.0316654	0.008768259	0.0370088888889	0.0333111111111
0.0630463	0.009545129	0.0869155555556	0.0307444444444
0.04261857	0.01046033	0.0664555555556	0.0307444444444
0.05649484	0.01222301	0.0982522222222	0.0312777777778
0.02178823	0.01171502	0.0487111111111	0.0317888888889
0.02541182	0.006463957	0.0357611111111	0.0334888888889
0.04045138	0.007838342	0.0548522222222	0.0312777777778
0.04125954	0.007765592	0.04838	0.0318
0.0598359	0.009335377	0.0834366666667	0.0306333333333
0.0396459	0.01402875	0.07164	0.0306
0.03384069	0.00651383	0.0751633333333	0.0305666666667
0.03463839	0.01563247	0.0343055555556	0.0337444444444
0.03564346	0.005456467	0.0438833333333	0.0322666666667
0.0311505	0.01608133	0.0333033333333	0.0429666666667
0.070599	0.008465258	0.102256666667	0.0315333333333
0.046054	0.01007209	0.0802233333333	0.0305666666667
0.03153974	0.008773298	0.03544	0.0335
0.04569128	0.01141236	0.05713	0.0311
0.0463879	0.008141072	0.0560333333333	0.0311666666667
0.03180889	0.006347185	0.0529222222222	0.0313777777778
0.02736126	0.01285586	0.0617944444444	0.0308555555556
0.01301621	0.01070588	0.0300933333333	0.0346666666667
0.06163497	0.009481005	0.0921333333333	0.0308666666667
0.04439666	0.007478582	0.0836611111111	0.0305888888889
0.0729051	0.0112284	0.110124444444	0.0322555555556
0.0278735	0.01044476	0.04277	0.0323
0.02954773	0.009097011	0.0234111111111	0.0379888888889
0.04938977	0.005620588	0.0692844444444	0.0305555555556
0.03774379	0.01487456	0.0566544444444	0.0310555555556
0.06949681	0.01159489	0.12608	0.0354
0.03918243	0.01424073	0.0745533333333	0.0304666666667
0.06438877	0.01287642	0.0745255555556	0.0464444444444
0.05334741	0.01525058	0.130195555556	0.0383444444444
0.02774465	0.007324132	0.0241455555556	0.0369444444444
0.08081734	0.01211821	0.113158888889	0.0443111111111
0.0706134	0.01396868	0.0949777777778	0.0309222222222
0.07330962	0.01372806	0.111584444444	0.0323555555556
0.01973447	0.007544213	0.0275688888889	0.0352111111111
0.01605952	0.006126959	0.0266166666667	0.0355333333333
0.02620967	0.01165785	0.0285466666667	0.0420333333333
0.04193066	0.004293102	0.0705144444444	0.0304555555556
0.06286417	0.01276859	0.104236666667	0.0315333333333
0.09835905	0.01184828	0.130111111111	0.0395888888889
0.04622358	0.01087522	0.07428	0.0304
0.04812137	0.007909987	0.0711266666667	0.0304333333333
0.04317004	0.007728236	0.0601622222222	0.0307777777778
0.06583615	0.01227821	0.0860388888889	0.0305111111111
0.04551106	0.009516464	0.0624433333333	0.0306666666667
0.03151442	0.01237174	0.0449988888889	0.0319111111111
0.0565895	0.008515733	0.0751033333333	0.0303666666667
0.02493038	0.007265128	0.0363244444444	0.0438555555556
0.04287089	0.005672949	0.0947588888889	0.0308111111111
0.01916738	0.006564825	0.0330155555556	0.0336444444444
0.04012535	0.01398215	0.0652011111111	0.0463888888889
0.0346621	0.008427572	0.0900911111111	0.0305888888889
0.05923413	0.0106479	0.0772066666667	0.0303333333333
0.02737124	0.009631848	0.0248977777778	0.0409222222222
0.08492719	0.01009507	0.12034	0.0336
0.02672887	0.01446492	0.0230677777778	0.0399222222222
0.03491167	0.008764468	0.0461811111111	0.0316888888889
0.01922752	0.01496325	0.0407188888889	0.0323111111111
0.02954722	0.008724384	0.0694344444444	0.0303555555556
0.054378	0.008256766	0.109252222222	0.0318777777778
0.05064459	0.01258376	0.0704477777778	0.0303222222222
0.07798537	0.0109629	0.106758888889	0.0316111111111
0.05617969	0.01309873	0.0783744444444	0.0302555555556
0.05813382	0.01214776	0.0658588888889	0.0304111111111
0.03228484	0.008182687	0.0539111111111	0.0309888888889
0.08076669	0.01085491	0.131338888889	0.0376111111111
0.02078121	0.01004213	0.0560655555556	0.0308444444444
0.06777577	0.00618906	0.114382222222	0.0324777777778
0.06810464	0.006769106	0.110641111111	0.0319888888889
0.03144704	0.01277411	0.0639844444444	0.0304555555556
0.05209001	0.01339841	0.0590633333333	0.0306666666667
0.05548282	0.00633405	0.0798155555556	0.0302444444444
0.04454127	0.007240006	0.0551733333333	0.0308666666667
0.02122928	0.009300041	0.0481611111111	0.0313888888889
0.06101407	0.006840163	0.0871555555556	0.0303444444444
0.06554766	0.01456512	0.0772511111111	0.0301888888889
0.06661738	0.01441575	0.107847777778	0.0316222222222
0.02437875	0.009358304	0.0680111111111	0.0302888888889
0.02353214	0.005366294	0.0321555555556	0.0335444444444
0.04003382	0.01063976	0.0594422222222	0.0305777777778
0.04445399	0.008578169	0.0723711111111	0.0301888888889
0.02259625	0.01554141	0.0222977777778	0.0401222222222
0.04504217	0.007123094	0.0901	0.0304
0.08065525	0.01380593	0.101148888889	0.0459111111111
0.04767979	0.01170301	0.123707777778	0.0340222222222
0.04874174	0.01598021	0.132207777778	0.0389222222222
0.05789564	0.01319366	0.102788888889	0.0311111111111
0.04023953	0.008431882	0.0590533333333	0.0305666666667
0.08154183	0.01059012	0.118362222222	0.0439777777778
0.02730944	0.008321502	0.0209866666667	0.0387333333333
0.03273897	0.01420016	0.0370288888889	0.0443111111111
0.05019069	0.01083964	0.0898344444444	0.0303555555556
0.06304005	0.01269399	0.114378888889	0.0323111111111
0.03758031	0.01371789	0.0493611111111	0.0311888888889
0.03957723	0.008836597	0.0560188888889	0.0307111111111
0.03390519	0.01324541	0.0997144444444	0.0308555555556
0.03993708	0.008740964	0.0447488888889	0.0316111111111
0.02846624	0.008200983	0.0424033333333	0.0318666666667
0.04109535	0.007335733	0.0706744444444	0.0301555555556
0.03319493	0.01338147	0.03381	0.0331
0.02160748	0.007713589	0.0440555555556	0.0316444444444
0.08935506	0.01306354	0.13283	0.0383
0.01507975	0.01351605	0.0209511111111	0.0373888888889
0.05604774	0.01346663	0.13208	0.0399
0.06538872	0.008977278	0.0967311111111	0.0305888888889
0.04274653	0.01595115	0.0805444444444	0.0300555555556
0.03189696	0.006054164	0.0480611111111	0.0311888888889
0.05813501	0.008537528	0.120888888889	0.0332111111111
0.03570573	0.008980228	0.0820544444444	0.0300555555556
0.04331402	0.01227808	0.120104444444	0.0330555555556
0.05415097	0.01448604	0.0979466666667	0.0306333333333
0.01513635	0.01819043	0.0287666666667	0.0429333333333
0.03106055	0.01223332	0.0566744444444	0.0305555555556
0.02622747	0.01145957	0.0419611111111	0.0317888888889
0.07266354	0.005457454	0.103053333333	0.0309666666667
0.06546199	0.01420493	0.133167777778	0.0378222222222
0.06755454	0.0149954	0.119508888889	0.0329111111111
0.03037593	0.01116879	0.0582155555556	0.0304444444444
0.05634638	0.01260921	0.0629466666667	0.0302333333333
0.03848617	0.0112599	0.0373555555556	0.0323444444444
0.04446227	0.010024	0.0619033333333	0.0302666666667
0.04568138	0.01256385	0.0822588888889	0.0300111111111
0.04558525	0.01105157	0.0657777777778	0.0301222222222
0.03348711	0.01328929	0.0675033333333	0.0300666666667
0.04494643	0.01587353	0.115151111111	0.0321888888889
0.04544109	0.009344821	0.10846	0.0314
0.0631642	0.007433435	0.118226666667	0.0326333333333
0.03957128	0.008688282	0.0719233333333	0.0299666666667
0.03835253	0.0105063	0.0758266666667	0.0299333333333
0.03784827	0.006415561	0.0559888888889	0.0305111111111
0.05330195	0.007577403	0.08471	0.03
0.04575634	0.006506752	0.0806266666667	0.0299333333333
0.02867004	0.01097552	0.0342888888889	0.0327111111111
0.05300176	0.007067762	0.0862577777778	0.0300222222222
0.04379839	0.008691602	0.0522277777778	0.0307222222222
0.07614624	0.01126309	0.120662222222	0.0329777777778
0.0595796	0.01690596	0.0979888888889	0.0305111111111
0.03719863	0.01005726	0.0530044444444	0.0306555555556
0.0231721	0.01447884	0.0199388888889	0.0397111111111
0.06719501	0.01031067	0.109943333333	0.0314666666667
0.03869995	0.01488807	0.101021111111	0.0306888888889
0.06700808	0.01115624	0.117635555556	0.0324444444444
0.07147849	0.01260708	0.10948	0.0314
0.0135786	0.006982657	0.0251266666667	0.0346333333333
0.03546468	0.01285909	0.0653277777778	0.0300222222222
0.03992384	0.00874454	0.06608	0.03
0.03520643	0.01549416	0.0458711111111	0.0311888888889
0.03606497	0.006619528	0.0425077777778	0.0315222222222
0.02909387	0.0132325	0.0934188888889	0.0302111111111
0.01272065	0.008038425	0.0191866666667	0.0378333333333
0.0429727	0.008391432	0.0772566666667	0.0298333333333
0.03762519	0.01228003	0.0758266666667	0.0298333333333
0.05867439	0.009773864	0.0756366666667	0.0298333333333
0.01451522	0.01104738	0.0192755555556	0.0374444444444
0.0600054	0.01237694	0.0932922222222	0.0301777777778
0.03478262	0.007443242	0.0586555555556	0.0302444444444
0.04850949	0.01294853	0.133928888889	0.0397111111111
0.01743575	0.01372835	0.0194511111111	0.0371888888889
0.0498901	0.01044127	0.0704644444444	0.0298555555556
0.04354937	0.01021653	0.114746666667	0.0319333333333
0.03524308	0.009049788	0.0653133333333	0.0299666666667
0.01648164	0.01122924	0.0354933333333	0.0323666666667
0.0586714	0.01204818	0.0936155555556	0.0467444444444
0.06260299	0.008598604	0.10259	0.0307
0.05236375	0.008590669	0.0935644444444	0.0301555555556
0.03432601	0.008844685	0.0462733333333	0.0310666666667
0.04496028	0.008280201	0.0499655555556	0.0307444444444
0.0428227	0.01282608	0.0467488888889	0.0310111111111
0.04348547	0.0116544	0.0535011111111	0.0304888888889
0.03208876	0.00862476	0.0410111111111	0.0315888888889
0.03738865	0.01418803	0.0429933333333	0.0313666666667
0.03160012	0.01258091	0.0283488888889	0.0336111111111
0.04524573	0.01041543	0.0571555555556	0.0302444444444
0.03724335	0.01416394	0.0518944444444	0.0305555555556
0.04240058	0.01249899	0.0482022222222	0.0460777777778
0.0547289	0.009288616	0.0833222222222	0.0297777777778
0.02698133	0.0143971	0.02634	0.0429
0.04862568	0.01294951	0.0841133333333	0.0297666666667
0.02273745	0.01729446	0.02003	0.0407
0.0355242	0.007241437	0.0652844444444	0.0298555555556
0.05177786	0.007855555	0.05672	0.0467
0.01627749	0.0132762	0.0206977777778	0.0358222222222
0.04679327	0.013007	0.0555033333333	0.0302666666667
0.0439948	0.0179171	0.0918333333333	0.0299666666667
0.07110038	0.01186978	0.103944444444	0.0462555555556
0.06348169	0.008253928	0.104302222222	0.0306777777778
0.0325179	0.007054872	0.0248644444444	0.0342555555556
0.0555093	0.01336188	0.0780055555556	0.0296444444444
0.03409373	0.006878442	0.0438166666667	0.0311333333333
0.02135295	0.01140613	0.0194222222222	0.0405777777778
0.05679968	0.006438488	0.0837711111111	0.0296888888889
0.05298853	0.008840168	0.0773477777778	0.0296222222222
0.0221235	0.009435456	0.0345644444444	0.0322555555556
0.03061412	0.008056913	0.0216311111111	0.0416888888889
0.01763092	0.007658818	0.0293755555556	0.0331444444444
0.07243421	0.008937142	0.120784444444	0.0325555555556
0.02461374	0.008926921	0.0298755555556	0.0330444444444
0.05402729	0.006169988	0.0966377777778	0.0301222222222
0.02240094	0.01396165	0.0200744444444	0.0358555555556
0.03236364	0.01605329	0.0432755555556	0.0311444444444
0.02442483	0.01337484	0.0362211111111	0.0319888888889
0.03551104	0.009126373	0.0410322222222	0.0313777777778
0.07864466	0.008741987	0.0976955555556	0.0301444444444
0.06864791	0.0123353	0.133282222222	0.0411777777778
0.02467681	0.01562809	0.0217266666667	0.0350333333333
0.06587147	0.00737897	0.116684444444	0.0318555555556
0.03949658	0.009599216	0.0858444444444	0.0296555555556
0.0360261	0.007486367	0.0323188888889	0.0325111111111
0.0123558	0.01010065	0.0194466666667	0.0409333333333
0.04939317	0.01678295	0.131185555556	0.0348444444444
0.01870072	0.01305963	0.0406344444444	0.0313555555556
0.02527919	0.01265998	0.0457666666667	0.0308333333333
0.03924484	0.009343857	0.0630222222222	0.0297777777778
0.08326358	0.007060129	0.118086666667	0.0320333333333
0.05380337	0.01326188	0.0822944444444	0.0295555555556
0.03249719	0.006913685	0.0914822222222	0.0297777777778
0.03381602	0.007639583	0.0345111111111	0.0320888888889
0.0518873	0.008479276	0.0941522222222	0.0298777777778
0.04452347	0.005688118	0.0589611111111	0.0298888888889
0.04387923	0.01483708	0.113206666667	0.0313333333333
0.01994959	0.01027722	0.0171022222222	0.0372777777778
0.0495777	0.0100264	0.0500888888889	0.0465111111111
0.05581695	0.01347513	0.0695266666667	0.0295333333333
0.06456804	0.008020399	0.0969411111111	0.0299888888889
0.03319393	0.00879481	0.0274433333333	0.0332666666667
0.04817406	0.01334826	0.0779555555556	0.0294444444444
0.03460621	0.007887725	0.0352777777778	0.0450222222222
0.05632261	0.01145394	0.0771577777778	0.0294222222222
0.01478485	0.01422387	0.01636	0.0379
0.04284574	0.01271707	0.0697422222222	0.0294777777778
0.03997715	0.009171603	0.0553611111111	0.0299888888889
0.06931537	0.008166594	0.136625555556	0.0371444444444
0.04749715	0.01037803	0.105332222222	0.0304777777778
0.03796831	0.01431762	0.0861488888889	0.0295111111111
0.04780644	0.01141043	0.0547488888889	0.0300111111111
0.03233767	0.0107223	0.0479622222222	0.0304777777778
0.06206145	0.01265956	0.10312	0.0303
0.05182399	0.007456318	0.100011111111	0.0300888888889
0.03889294	0.01447624	0.0668788888889	0.0295111111111
0.03143699	0.01329894	0.0389644444444	0.0455555555556
0.05805646	0.007792282	0.0916444444444	0.0296555555556
0.06587327	0.01334438	0.0955977777778	0.0298222222222
0.03472043	0.00786681	0.0453433333333	0.0306666666667
0.07394107	0.01396337	0.131685555556	0.0423444444444
0.067879	0.009439034	0.132886666667	0.0349333333333
0.02242618	0.01531605	0.0728733333333	0.0293666666667
0.0400675	0.0104472	0.0943166666667	0.0297333333333
0.04319921	0.01467489	0.0711322222222	0.0293777777778
0.04359139	0.007277897	0.0615777777778	0.0296222222222
0.03881746	0.007842016	0.03642	0.0316
0.04134608	0.008385839	0.0734355555556	0.0293444444444
0.02544057	0.01264097	0.03349	0.032
0.02835213	0.009483063	0.0375466666667	0.0314333333333
0.06106298	0.005500921	0.0886111111111	0.0294888888889
0.06434223	0.007530465	0.112436666667	0.0310333333333
0.04562626	0.007951115	0.0611488888889	0.0296111111111
0.05633079	0.008587582	0.0645666666667	0.0474333333333
0.04578861	0.008165443	0.0593433333333	0.0296666666667
0.0525239	0.0107833	0.0932077777778	0.0296222222222
0.02519593	0.0115306	0.04848	0.0303
0.05297242	0.009453529	0.0656177777778	0.0294222222222
0.0347003	0.01476601	0.0336711111111	0.0318888888889
0.02784196	0.01031869	0.0375133333333	0.0313666666667
0.02098333	0.006727636	0.0232088888889	0.0339111111111
0.05213696	0.01072882	0.0744433333333	0.0292666666667
0.04384995	0.008677851	0.0886066666667	0.0294333333333
0.05237476	0.008375045	0.0739933333333	0.0292666666667
0.06360413	0.00841536	0.102371111111	0.0300888888889
0.04214595	0.007286243	0.06989	0.0293
0.0689462	0.006948864	0.0870133333333	0.0293666666667
0.04904352	0.006614361	0.0790266666667	0.0292333333333
0.02927574	0.01338182	0.0207866666667	0.0345333333333
0.0307622	0.007294557	0.0583077777778	0.0296222222222
0.02871713	0.01346158	0.0301144444444	0.0323555555556
0.07886837	0.008276539	0.136875555556	0.0362444444444
0.03598466	0.005537077	0.0834355555556	0.0292444444444
0.03426719	0.011323	0.0421644444444	0.0307555555556
0.02920605	0.00833158	0.03713	0.0313
0.04323574	0.007998635	0.05589	0.0297
0.02686116	0.009318496	0.0417433333333	0.0307666666667
0.02247177	0.007570699	0.0313111111111	0.0320888888889
0.04362206	0.01571865	0.04931	0.0301
0.04877213	0.00636544	0.0714822222222	0.0291777777778
0.01357556	0.01018717	0.0218977777778	0.0340222222222
0.05443488	0.00827218	0.108128888889	0.0304111111111
0.04359528	0.01232813	0.0512455555556	0.0299444444444
0.08695238	0.01072502	0.124006666667	0.0445333333333
0.06745752	0.008808293	0.0999911111111	0.0297888888889
0.02200313	0.009771793	0.0295488888889	0.0323111111111
0.02433314	0.01257834	0.03268	0.0318
0.05857169	0.009712607	0.0967122222222	0.0295777777778
0.02647151	0.009098392	0.0265577777778	0.0328222222222
0.05076242	0.00748326	0.08071	0.0291
0.03653529	0.01134187	0.04696	0.0302
0.02051382	0.009153494	0.03388	0.0316
0.03819279	0.01476483	0.0392022222222	0.0459777777778
0.04636035	0.007508186	0.0683244444444	0.0291555555556
0.02512427	0.01253012	0.0522588888889	0.0298111111111
0.04317067	0.01310271	0.0592822222222	0.0474777777778
0.01742717	0.009826965	0.0279266666667	0.0325333333333
0.02231511	0.008024677	0.0570566666667	0.0295333333333
0.07376823	0.01207897	0.122094444444	0.0319555555556
0.03224408	0.008366923	0.0698388888889	0.0291111111111
0.03794964	0.009308799	0.0663722222222	0.0291777777778
0.05705423	0.007747805	0.1103	0.0305
0.0167405	0.01466529	0.0359722222222	0.0312777777778
0.06504862	0.01522049	0.122372222222	0.0319777777778
0.03545889	0.01458088	0.0573911111111	0.0294888888889
0.01864106	0.00910106	0.01663	0.0356
0.03365835	0.01310268	0.0316433333333	0.0318666666667
0.01633607	0.01019178	0.01727	0.0353
0.06990801	0.007092475	0.103657777778	0.0299222222222
0.05117452	0.008792263	0.0808466666667	0.0290333333333
0.04030038	0.01101622	0.0601966666667	0.0293333333333
0.04607778	0.006640313	0.0794888888889	0.0290111111111
0.04161086	0.0118311	0.06381	0.0292
0.07467303	0.01035144	0.137343333333	0.0357666666667
0.05620012	0.01081018	0.07743	0.029
0.05145308	0.01593603	0.0802988888889	0.0290111111111
0.04192331	0.01274963	0.0608511111111	0.0292888888889
0.06450529	0.01383403	0.116027777778	0.0310222222222
0.0685359	0.009246222	0.101685555556	0.0297444444444
0.04026843	0.008735261	0.0484533333333	0.0299666666667
0.07237992	0.008036547	0.135538888889	0.0349111111111
0.05013394	0.01467785	0.08169	0.029
0.02091637	0.007467326	0.0338444444444	0.0314555555556
0.04453633	0.01523945	0.136857777778	0.0354222222222
0.04434524	0.009984788	0.0569566666667	0.0294333333333
0.05719565	0.00787134	0.08294	0.029
0.04195889	0.009044183	0.0727533333333	0.0289666666667
0.04341741	0.007746178	0.0568888888889	0.0294111111111
0.04433383	0.01514214	0.0859922222222	0.0478777777778
0.06228405	0.01375831	0.119447777778	0.0455222222222
0.01321261	0.01303275	0.02347	0.0437
0.02841426	0.009776084	0.0334444444444	0.0314555555556
0.03330681	0.01564859	0.0428833333333	0.0303666666667
0.03237056	0.008250576	0.08915	0.0291
0.03545661	0.008372212	0.103688888889	0.0298111111111
0.03861448	0.006627405	0.0753288888889	0.0289111111111
0.07260709	0.01240337	0.140212222222	0.0394777777778
0.02687408	0.01008777	0.0396422222222	0.0306777777778
0.06193179	0.01533358	0.11902	0.0313
0.03365809	0.00766075	0.0550833333333	0.0294666666667
0.0580185	0.009177846	0.122343333333	0.0317666666667
0.0479394	0.007650103	0.0853511111111	0.0289888888889
0.03451018	0.006811673	0.0542088888889	0.0295111111111
0.01661378	0.01283978	0.02037	0.043
0.04904663	0.01601789	0.0767811111111	0.0288888888889
0.02427831	0.01336955	0.0321111111111	0.0315888888889
0.04356637	0.007732709	0.0689044444444	0.0289555555556
0.02539242	0.007258932	0.0570155555556	0.0293444444444
0.03812383	0.01290253	0.0569955555556	0.0293444444444
0.06020692	0.006422872	0.0970722222222	0.0293777777778
0.08045966	0.01300086	0.13829	0.0411
0.04689235	0.007405419	0.06614	0.029
0.05287058	0.007043525	0.0927333333333	0.0291666666667
0.0399928	0.008845825	0.0715511111111	0.0288888888889
0.03550194	0.008391262	0.0550688888889	0.0294111111111
0.01357714	0.01236671	0.0140755555556	0.0406444444444
