root_height	pop_size	pi_net	pi_within
0.05681727	0.004932375	0.100188888889	0.0102111111111
0.0563996	0.003447608	0.100277777778	0.0102222222222
0.0456497	0.006935764	0.100022222222	0.0101777777778
0.06220277	0.003595401	0.100511111111	0.0101888888889
0.05979799	0.006848603	0.100537777778	0.0102222222222
0.05829228	0.005191982	0.100588888889	0.0102111111111
0.05675552	0.00383789	0.100344444444	0.0101555555556
0.04911573	0.004136548	0.0999555555556	0.0101444444444
0.05480074	0.00483981	0.100535555556	0.0101444444444
0.0647167	0.005413611	0.100722222222	0.0101777777778
0.05949727	0.005704492	0.0998366666667	0.0101333333333
0.05165509	0.007496962	0.0995666666667	0.0102333333333
0.0497804	0.004077233	0.100855555556	0.0102444444444
0.05297528	0.003861466	0.0999888888889	0.0101111111111
0.05982425	0.006234474	0.100448888889	0.0101111111111
0.05513675	0.00518665	0.100864444444	0.0102555555556
0.06924226	0.004951051	0.10014	0.0101
0.05639223	0.003983369	0.100347777778	0.0103222222222
0.05609821	0.005734504	0.101045555556	0.0102444444444
0.06014224	0.002935309	0.0995111111111	0.0102888888889
0.05037373	0.003652376	0.101077777778	0.0102222222222
0.05508852	0.003606015	0.101111111111	0.0101888888889
0.05438815	0.006372778	0.100858888889	0.0101111111111
0.05108317	0.002100642	0.0993555555556	0.0101444444444
0.06417683	0.004664764	0.0998222222222	0.0100777777778
0.05284847	0.003792834	0.0992555555556	0.0102444444444
0.04818775	0.004840812	0.101	0.0103
0.04907652	0.006237591	0.100771111111	0.0100888888889
0.04698996	0.00586911	0.10102	0.0103
0.05950024	0.005582682	0.10102	0.0103
0.06036293	0.003326842	0.101228888889	0.0102111111111
0.05990627	0.004311969	0.0992555555556	0.0101444444444
0.05174996	0.003013595	0.100033333333	0.0103666666667
0.05642518	0.007524606	0.100013333333	0.0103666666667
0.05763528	0.005932158	0.0996222222222	0.0100777777778
0.0581834	0.007126658	0.0997133333333	0.0100666666667
0.0565344	0.004418551	0.101233333333	0.0102666666667
0.06619382	0.004007658	0.100733333333	0.0100666666667
0.04790756	0.002233271	0.0992311111111	0.0102888888889
0.0541228	0.004506406	0.0991111111111	0.0101888888889
0.05965131	0.003360575	0.0991111111111	0.0101888888889
0.04389274	0.004647938	0.0990888888889	0.0102111111111
0.04703787	0.004410789	0.101108888889	0.0101111111111
0.04817289	0.004998731	0.09936	0.0101
0.05032469	0.006109777	0.0990866666667	0.0102333333333
0.05699176	0.004554867	0.0990811111111	0.0101888888889
0.04773796	0.008068209	0.100565555556	0.0100444444444
0.04535098	0.006143812	0.0998455555556	0.0100444444444
0.0488197	0.004855387	0.09919	0.0103
0.05357679	0.00395176	0.0989777777778	0.0102222222222
0.06464432	0.005468471	0.10018	0.0104
0.06445683	0.007535145	0.100047777778	0.0100222222222
0.06818411	0.004442372	0.100467777778	0.0100222222222
0.05695791	0.006562605	0.100771111111	0.0103888888889
0.05245342	0.00599474	0.101522222222	0.0101777777778
0.05916539	0.00714789	0.100208888889	0.0100111111111
0.04685287	0.00597137	0.0989144444444	0.0101555555556
0.04411178	0.008662766	0.0995466666667	0.0100333333333
0.0559006	0.005423553	0.101505555556	0.0101444444444
0.05134346	0.00721315	0.0993655555556	0.0100444444444
0.049311	0.003906536	0.0996	0.0104
0.0435035	0.003600004	0.0997688888889	0.0104111111111
0.05326529	0.003420546	0.10036	0.01
0.04500057	0.008550429	0.10089	0.0104
0.05970586	0.005904811	0.100477777778	0.0104222222222
0.0581769	0.003781477	0.1006	0.01
0.05724909	0.003229841	0.0988888888889	0.0101111111111
0.05737891	0.005194562	0.0987444444444	0.0102555555556
0.05906325	0.005849047	0.10073	0.01
0.05552065	0.00327668	0.100948888889	0.0104111111111
0.05236928	0.007103801	0.0989111111111	0.0100888888889
0.05029852	0.002715587	0.0998111111111	0.00998888888889
0.05947065	0.004801286	0.09866	0.0102
0.07149741	0.004682936	0.0986933333333	0.0102666666667
0.06263007	0.00787045	0.0986733333333	0.0101666666667
0.05320148	0.004688764	0.0997111111111	0.00998888888889
0.04949911	0.005360958	0.1009	0.01
0.04192069	0.00798587	0.100422222222	0.00997777777778
0.05043285	0.007844802	0.0993488888889	0.0104111111111
0.05971329	0.003958196	0.0988	0.0101
0.04435576	0.004343938	0.0996111111111	0.00998888888889
0.04829996	0.01304537	0.0995966666667	0.0104333333333
0.04689635	0.003817035	0.0986011111111	0.0101888888889
0.038031	0.006285928	0.0985888888889	0.0102111111111
0.05284773	0.007603035	0.0992888888889	0.0100111111111
0.04555881	0.004093446	0.0986422222222	0.0102777777778
0.05002092	0.004068436	0.100244444444	0.0104555555556
0.0446655	0.005968866	0.0994911111111	0.00998888888889
0.05389338	0.00441657	0.100513333333	0.00996666666667
0.05580947	0.005736342	0.0985844444444	0.0101555555556
0.04417289	0.006643686	0.101513333333	0.0103666666667
0.04368085	0.006004238	0.100334444444	0.00995555555556
0.05111331	0.003990198	0.09859	0.0103
0.06786622	0.003337879	0.101722222222	0.0100777777778
0.05175742	0.00676043	0.101684444444	0.0103555555556
0.04905084	0.006218454	0.0995444444444	0.0104555555556
0.06118269	0.005354295	0.0997444444444	0.00995555555556
0.04488088	0.003459174	0.0984311111111	0.0101888888889
0.05341264	0.005286558	0.0987333333333	0.0103666666667
0.04826041	0.003685049	0.100803333333	0.0104666666667
0.05123241	0.008587474	0.0989888888889	0.0104111111111
0.05367982	0.003421562	0.0989888888889	0.0104111111111
0.05573826	0.004641593	0.0984044444444	0.0102555555556
0.0584958	0.005888262	0.0984777777778	0.0101222222222
0.04533093	0.003754353	0.101948888889	0.0103111111111
0.05500638	0.005665289	0.0989777777778	0.0104222222222
0.04465165	0.0051715	0.100984444444	0.00995555555556
0.05116402	0.005871635	0.102045555556	0.0101444444444
0.06350161	0.003768442	0.0993333333333	0.0104666666667
0.0495479	0.005830797	0.09838	0.0103
0.06313565	0.004217957	0.1001	0.0105
0.05764535	0.004288931	0.100751111111	0.0104888888889
0.054328	0.006063709	0.100377777778	0.00992222222222
0.05222758	0.004519702	0.0996011111111	0.0104888888889
0.06391041	0.005682445	0.0982555555556	0.0102444444444
0.04691394	0.005896055	0.0998	0.0105
0.06057027	0.00593199	0.102155555556	0.0101444444444
0.05416374	0.005989593	0.0992555555556	0.00994444444444
0.05002912	0.007092965	0.0981666666667	0.0102333333333
0.05878429	0.006983805	0.101344444444	0.00995555555556
0.05030213	0.005868381	0.100917777778	0.00992222222222
0.04978019	0.005876213	0.102034444444	0.0103555555556
0.05180502	0.006357715	0.1001	0.0099
0.03403449	0.006767103	0.101503333333	0.00996666666667
0.03941293	0.006792428	0.10102	0.0105
0.05181064	0.006825559	0.0985	0.0104
0.07745246	0.003168005	0.0983133333333	0.0100666666667
0.05429394	0.003866056	0.101604444444	0.0104555555556
0.04720594	0.004962892	0.10239	0.0102
0.05566784	0.006366876	0.0980444444444	0.0102555555556
0.04722371	0.006117041	0.102288888889	0.0103111111111
0.0467373	0.00494822	0.101811111111	0.00998888888889
0.05131122	0.00474556	0.0987444444444	0.0104555555556
0.05220831	0.006485319	0.0980555555556	0.0101444444444
0.05601852	0.003552049	0.101108888889	0.0105111111111
0.05292358	0.004259481	0.102351111111	0.0102888888889
0.05253772	0.004099452	0.09942	0.0099
0.05026302	0.006096407	0.101947777778	0.0104222222222
0.04534641	0.008638842	0.0985555555556	0.0104444444444
0.0465419	0.005344441	0.0997355555556	0.0105444444444
0.04521251	0.004138627	0.0980955555556	0.0103444444444
0.05378328	0.004584107	0.102215555556	0.0100444444444
0.04823116	0.004848939	0.102222222222	0.0103777777778
0.05702398	0.004360874	0.1012	0.0099
0.04572914	0.006142784	0.10147	0.0105
0.05437354	0.0042151	0.0992	0.0099
0.05169828	0.008373699	0.0978911111111	0.0101888888889
0.04944664	0.005689652	0.10206	0.01
0.06466971	0.004301349	0.0982066666667	0.0100333333333
0.05128849	0.005643357	0.100544444444	0.0105555555556
0.05354018	0.008510548	0.0982377777778	0.0100222222222
0.05747415	0.002019675	0.0989888888889	0.00991111111111
0.05733898	0.005165769	0.102533333333	0.0102666666667
0.0396227	0.004458371	0.0982688888889	0.0100111111111
0.05576397	0.005354336	0.101337777778	0.0105222222222
0.04645986	0.004959558	0.101775555556	0.00994444444444
0.05333735	0.004869015	0.102266666667	0.0100333333333
0.04295012	0.008215086	0.100804444444	0.0105555555556
0.05448757	0.006654577	0.102498888889	0.0101111111111
0.0623794	0.007367198	0.0980955555556	0.0100444444444
0.05561647	0.006602682	0.102573333333	0.0102666666667
0.05620175	0.00677396	0.0985333333333	0.0104666666667
0.05262273	0.00388038	0.0995333333333	0.00986666666667
0.04992519	0.00631694	0.0978111111111	0.0101888888889
0.0461436	0.00485178	0.100544444444	0.00985555555556
0.05508033	0.006113243	0.100544444444	0.00985555555556
0.05177727	0.00627997	0.0978777777778	0.0101222222222
0.04361511	0.01052179	0.101736666667	0.00993333333333
0.05146165	0.005063436	0.100604444444	0.00985555555556
0.04136683	0.008229918	0.1017	0.0105
0.06147323	0.005982823	0.0982611111111	0.00998888888889
0.03995477	0.008971385	0.100282222222	0.0105777777778
0.05123524	0.007113543	0.100322222222	0.0105777777778
0.05099905	0.004127872	0.0981488888889	0.0100111111111
0.057627	0.00610926	0.102044444444	0.0104555555556
0.03508749	0.006437714	0.0987888888889	0.00991111111111
0.06872088	0.00528395	0.102227777778	0.0104222222222
0.05231858	0.007871921	0.0978811111111	0.0100888888889
0.06579689	0.004490814	0.100903333333	0.0105666666667
0.05651853	0.00464595	0.0998222222222	0.0105777777778
0.0470805	0.004576486	0.100645555556	0.00984444444444
0.0439538	0.007859171	0.0979755555556	0.0100444444444
0.06116037	0.003792391	0.0992333333333	0.00986666666667
0.04880123	0.004190005	0.0977333333333	0.0102666666667
0.0494653	0.004544616	0.102711111111	0.0101888888889
0.05310183	0.004089511	0.0977888888889	0.0101111111111
0.06349029	0.004755201	0.102694444444	0.0101555555556
0.04663984	0.004291316	0.101033333333	0.0105666666667
0.04507614	0.004262025	0.102133333333	0.00996666666667
0.06540896	0.005693682	0.0993533333333	0.0105666666667
0.05755669	0.006413814	0.0990122222222	0.00987777777778
0.06140811	0.008648336	0.100066666667	0.00983333333333
0.06207546	0.004285263	0.100845555556	0.00984444444444
0.05660353	0.007375901	0.0991333333333	0.00986666666667
0.04978132	0.004777697	0.101233333333	0.0105666666667
0.0532935	0.003300137	0.0993555555556	0.00984444444444
0.06157651	0.004584576	0.0989733333333	0.00986666666667
0.05871804	0.00449284	0.098	0.01
0.05909378	0.003348899	0.10056	0.0106
0.05777932	0.003109815	0.102066666667	0.00993333333333
0.06074581	0.004241805	0.0979777777778	0.0104222222222
0.05165737	0.005981141	0.0984888888889	0.00991111111111
0.06263626	0.004838233	0.0978022222222	0.0103777777778
0.06157248	0.004380763	0.101222222222	0.0105777777778
0.05859696	0.004922937	0.0990244444444	0.00985555555556
0.06252345	0.002693079	0.101464444444	0.00985555555556
0.05541824	0.003975042	0.0976933333333	0.0100666666667
0.05440054	0.004181995	0.0978688888889	0.0100111111111
0.06276659	0.006580138	0.0990822222222	0.0105777777778
0.04473529	0.005896057	0.0982066666667	0.00993333333333
0.05020858	0.007006739	0.0977777777778	0.0100222222222
0.05530671	0.004284323	0.0979555555556	0.0104444444444
0.05033345	0.00464819	0.0985111111111	0.00988888888889
0.05874242	0.002318477	0.0974666666667	0.0102333333333
0.0512975	0.00462528	0.0974666666667	0.0102333333333
0.06416567	0.008556447	0.10015	0.0098
0.06029874	0.006117563	0.100077777778	0.0106222222222
0.06027973	0.00482837	0.0975955555556	0.0103444444444
0.03632335	0.008467493	0.0998377777778	0.0106222222222
0.04188367	0.006825083	0.0986444444444	0.0105555555556
0.05461927	0.006444769	0.0975311111111	0.0100888888889
0.06282787	0.004439887	0.100777777778	0.0106222222222
0.04324462	0.00667432	0.0974144444444	0.0102555555556
0.05999146	0.006309234	0.0989666666667	0.00983333333333
0.05102755	0.006691998	0.0996	0.0098
0.0658326	0.005369928	0.103003333333	0.0102666666667
0.04534043	0.004100944	0.100011111111	0.00978888888889
0.04745482	0.007276169	0.0983666666667	0.0105333333333
0.0517535	0.004633312	0.0980666666667	0.00993333333333
0.0336218	0.006198604	0.0982577777778	0.0105222222222
0.05744964	0.002680744	0.103068888889	0.0102111111111
0.05973441	0.008457632	0.0991488888889	0.0106111111111
0.04760913	0.006550773	0.0975233333333	0.0103666666667
0.06301122	0.004281589	0.100811111111	0.00978888888889
0.04939966	0.006062622	0.0973333333333	0.0101666666667
0.05733157	0.005864949	0.100152222222	0.00977777777778
0.0622521	0.006027276	0.0974111111111	0.0100888888889
0.05221702	0.005402485	0.0987511111111	0.0105888888889
0.05020202	0.004414286	0.0980888888889	0.00991111111111
0.05212753	0.006269585	0.0974055555556	0.0103444444444
0.06781736	0.004708658	0.0973111111111	0.0102888888889
0.04780171	0.004849984	0.100775555556	0.0106444444444
0.0484758	0.00708732	0.101468888889	0.0106111111111
0.05275232	0.00768915	0.100822222222	0.00977777777778
0.04735243	0.003890918	0.0973511111111	0.0100888888889
0.05505272	0.005967168	0.100865555556	0.0106444444444
0.04810175	0.004679214	0.102467777778	0.00992222222222
0.05604461	0.005077317	0.09908	0.0098
0.05903819	0.005272004	0.100144444444	0.0106555555556
0.04733463	0.01146986	0.100293333333	0.00976666666667
0.05422786	0.00682611	0.100374444444	0.0106555555556
0.05483318	0.006645301	0.0974044444444	0.0100555555556
0.04365826	0.004197116	0.0976555555556	0.0104444444444
0.04995278	0.007615349	0.0990277777778	0.0106222222222
0.04903538	0.00494729	0.0973	0.0101
0.05581507	0.003445074	0.0997444444444	0.0106555555556
0.05776505	0.003514205	0.0975911111111	0.00998888888889
0.05018381	0.005002577	0.0981066666667	0.0105333333333
0.05594456	0.005046352	0.0971977777778	0.0102222222222
0.06297441	0.005874976	0.0987888888889	0.00981111111111
0.0497651	0.004554509	0.0999133333333	0.0106666666667
0.05586609	0.003879779	0.102244444444	0.0105555555556
0.06196593	0.005651275	0.102862222222	0.00997777777778
0.0480184	0.006996408	0.103155555556	0.0103444444444
0.0515057	0.006935687	0.101877777778	0.00982222222222
0.05149051	0.004593075	0.0981333333333	0.00986666666667
0.05380739	0.004702907	0.0986288888889	0.00981111111111
0.04806594	0.004659978	0.101828888889	0.00981111111111
0.0563244	0.004307012	0.100422222222	0.0106777777778
0.04908755	0.005257665	0.102405555556	0.0105444444444
0.05270751	0.00523274	0.0970666666667	0.0102333333333
0.06800173	0.004385605	0.0985488888889	0.00981111111111
0.04986084	0.002921852	0.0979111111111	0.00988888888889
0.05134894	0.00371642	0.101462222222	0.00977777777778
0.06276019	0.005177878	0.103363333333	0.0101666666667
0.05499726	0.004638786	0.0996455555556	0.00974444444444
0.05720084	0.008726282	0.0975344444444	0.00995555555556
0.06158676	0.004531215	0.103161111111	0.0103888888889
0.04681727	0.004171321	0.101676666667	0.0106333333333
0.05059319	0.01013924	0.103391111111	0.0101888888889
0.05171315	0.00481891	0.0980733333333	0.0105666666667
0.04733332	0.00732249	0.103005555556	0.0104444444444
0.05634947	0.004209707	0.0984288888889	0.00981111111111
0.05504134	0.007509277	0.102097777778	0.00982222222222
0.04740448	0.003673578	0.103025555556	0.0104444444444
0.05548445	0.004077302	0.10338	0.0103
0.04024042	0.006056606	0.0975666666667	0.00993333333333
0.0603483	0.004914141	0.100716666667	0.00973333333333
0.05219005	0.005053236	0.103444444444	0.0101555555556
0.04235942	0.004277633	0.103111111111	0.00998888888889
0.05398622	0.006680771	0.102177777778	0.00982222222222
0.05774219	0.00633499	0.1003	0.0107
0.03057178	0.006352113	0.0994711111111	0.0106888888889
0.042336	0.004843042	0.0973222222222	0.00997777777778
0.05125706	0.002959292	0.0998377777778	0.00972222222222
0.06402377	0.00700474	0.101255555556	0.00974444444444
0.05030259	0.004836147	0.0998	0.0107
0.02827589	0.005114582	0.1007	0.0107
0.05385604	0.006242806	0.100777777778	0.00972222222222
0.05735588	0.007323644	0.10078	0.0107
0.05256249	0.003986447	0.103522222222	0.0101777777778
0.05747891	0.006274837	0.103311111111	0.0103888888889
0.06385095	0.007612591	0.102544444444	0.00985555555556
0.06898492	0.009182906	0.0976466666667	0.0105333333333
0.04644824	0.009218407	0.101422222222	0.0106777777778
0.04376394	0.004055578	0.102644444444	0.0105555555556
0.04850311	0.004690895	0.100977777778	0.00972222222222
0.04206662	0.007393228	0.0968555555556	0.0102444444444
0.05433393	0.005125293	0.0991666666667	0.00973333333333
0.05480477	0.004109545	0.0985055555556	0.0106444444444
0.04187252	0.007557699	0.101793333333	0.00976666666667
0.05623517	0.006401675	0.0971811111111	0.00998888888889
0.04899984	0.007677992	0.0973911111111	0.0104888888889
0.06045314	0.005556661	0.101495555556	0.00974444444444
0.05532539	0.00553718	0.10351	0.0101
0.05093004	0.005049855	0.101955555556	0.0106444444444
0.04518013	0.005023218	0.101833333333	0.00976666666667
0.0633837	0.002745162	0.103222222222	0.00997777777778
0.05700584	0.003305376	0.1033	0.01
0.06479712	0.005039799	0.0992577777778	0.00972222222222
0.05588228	0.004303539	0.103066666667	0.00993333333333
0.05556397	0.008859911	0.0975666666667	0.0105333333333
0.04792751	0.004777628	0.100908888889	0.00971111111111
0.05514042	0.004783346	0.102866666667	0.0105333333333
0.05683901	0.004658341	0.10226	0.0098
0.05614676	0.003971069	0.0972333333333	0.0104666666667
0.05883813	0.002914546	0.1034	0.0104
0.05046026	0.005280139	0.101466666667	0.00973333333333
0.06056863	0.007039391	0.0989511111111	0.0106888888889
0.05914939	0.004724016	0.0968666666667	0.0103333333333
0.04023594	0.006633505	0.10064	0.0097
0.05142459	0.003415001	0.10296	0.0099
0.05571213	0.006752204	0.0967733333333	0.0102666666667
0.06998777	0.004270502	0.102398888889	0.0106111111111
0.05048713	0.005518275	0.09966	0.0097
0.05666983	0.004653512	0.0980088888889	0.00981111111111
0.06667222	0.00405541	0.101715555556	0.00974444444444
0.03553051	0.00826178	0.1036	0.0101
0.06153707	0.008290536	0.102744444444	0.00985555555556
0.05156444	0.00491304	0.103502222222	0.0103777777778
0.05817949	0.005095294	0.101387777778	0.00972222222222
0.04200661	0.003009479	0.0972666666667	0.00993333333333
0.04151841	0.006193166	0.103322222222	0.00997777777778
0.05731994	0.003058522	0.10365	0.0103
0.06029755	0.007615056	0.100011111111	0.00968888888889
0.06295907	0.003234019	0.0968222222222	0.0100777777778
0.05979322	0.004067226	0.0969111111111	0.0103888888889
0.04851161	0.00964057	0.10099	0.0097
0.06834123	0.006233786	0.102488888889	0.0106111111111
0.0570012	0.004584495	0.100611111111	0.00968888888889
0.04833865	0.006016134	0.100611111111	0.00968888888889
0.04626079	0.007605984	0.0981111111111	0.00978888888889
0.04737269	0.005973435	0.100646666667	0.0107333333333
0.0559609	0.005211725	0.0992777777778	0.0107222222222
0.06107766	0.004022892	0.101388888889	0.00971111111111
0.06405627	0.007779313	0.103745555556	0.0101444444444
0.06061322	0.006094128	0.100192222222	0.00967777777778
0.04885906	0.004282377	0.101955555556	0.00974444444444
0.0527836	0.006252114	0.103178888889	0.0105111111111
0.0421775	0.005209674	0.0967744444444	0.0100555555556
0.06070501	0.003750138	0.0969755555556	0.0104444444444
0.05703803	0.004411839	0.0987	0.0107
0.01918831	0.006375958	0.0966244444444	0.0101555555556
0.05526447	0.007046589	0.102855555556	0.00984444444444
0.05955527	0.003589128	0.0973111111111	0.00988888888889
0.0603447	0.005220872	0.0973066666667	0.0105333333333
0.05199401	0.005437856	0.103693333333	0.0100666666667
0.04593782	0.003048892	0.0968488888889	0.0100111111111
0.04856717	0.003031075	0.0967444444444	0.0100555555556
0.05654483	0.006296698	0.100114444444	0.0107555555556
0.04275269	0.007985962	0.101966666667	0.00973333333333
0.05718783	0.004239847	0.103433333333	0.0104666666667
0.04633813	0.006953647	0.100463333333	0.00966666666667
0.05600787	0.005315336	0.0991411111111	0.00968888888889
0.04572417	0.005090631	0.0994222222222	0.00967777777778
0.05593906	0.006351428	0.103551111111	0.00998888888889
0.04696486	0.004743607	0.0971488888889	0.00991111111111
0.05933637	0.004447615	0.103797777778	0.0103222222222
0.04432637	0.007037292	0.102935555556	0.00984444444444
0.05815532	0.009019376	0.0986888888889	0.00971111111111
0.05352711	0.006259971	0.102945555556	0.00984444444444
0.06399266	0.005530192	0.0990666666667	0.0107333333333
0.05398955	0.005596333	0.0965666666667	0.0101333333333
0.05814793	0.006828691	0.0965788888889	0.0103111111111
0.04876912	0.00554362	0.0970577777778	0.00992222222222
0.05438742	0.003760905	0.102066666667	0.00973333333333
0.05422907	0.00695132	0.103911111111	0.0101888888889
0.03712375	0.005999884	0.0966444444444	0.0100555555556
0.06445731	0.006969549	0.103877777778	0.0101222222222
0.05565034	0.003714722	0.100333333333	0.0107666666667
0.04982252	0.004159918	0.100344444444	0.00965555555556
0.06755648	0.003482415	0.103922222222	0.0101777777778
0.05965108	0.00429222	0.0965111111111	0.0102888888889
0.04253939	0.004700739	0.101033333333	0.00966666666667
0.05632544	0.00355091	0.0964755555556	0.0102444444444
0.05223016	0.006070441	0.103888888889	0.0101111111111
0.04909871	0.005585613	0.100644444444	0.00965555555556
0.04336324	0.006795971	0.0973822222222	0.0105777777778
0.06116481	0.007531747	0.0986777777778	0.0107222222222
0.05636333	0.004724288	0.103833333333	0.0100666666667
0.05551873	0.005487821	0.0978222222222	0.00977777777778
0.04334998	0.004998801	0.102305555556	0.00974444444444
0.05734888	0.004159811	0.0984888888889	0.00971111111111
0.05275125	0.004200073	0.103437777778	0.00992222222222
0.06321572	0.003922717	0.0995533333333	0.0107666666667
0.05783919	0.005045727	0.103144444444	0.00985555555556
0.0491016	0.002992592	0.103988888889	0.0102111111111
0.06189891	0.00506279	0.101234444444	0.0107555555556
0.05794091	0.004949318	0.103555555556	0.00994444444444
0.066286	0.004249024	0.100295555556	0.00964444444444
0.05110253	0.003518824	0.0965333333333	0.0100666666667
0.05822342	0.005647177	0.0967422222222	0.00997777777778
0.05534958	0.006223468	0.0964233333333	0.0102666666667
0.06174712	0.003891231	0.100522222222	0.0107777777778
0.05766088	0.003464724	0.100595555556	0.00964444444444
0.06008745	0.003987769	0.0970511111111	0.00988888888889
0.0532425	0.005754522	0.102613333333	0.00976666666667
0.04031058	0.008736234	0.0996422222222	0.0107777777778
0.05550388	0.004748519	0.0980911111111	0.0106888888889
0.06256484	0.009481539	0.103605555556	0.00994444444444
0.06105143	0.006071471	0.102088888889	0.0107111111111
0.06405858	0.004625089	0.104033333333	0.0102666666667
0.04891394	0.003306062	0.0979222222222	0.0106777777778
0.04840502	0.005729974	0.0999666666667	0.00963333333333
0.04665578	0.004643306	0.0965111111111	0.0103888888889
0.05773093	0.005325804	0.0997866666667	0.00963333333333
0.05186166	0.00783729	0.103935555556	0.0100444444444
0.06184065	0.005658503	0.0963333333333	0.0102666666667
0.06284375	0.004399784	0.104104444444	0.0102555555556
0.04119592	0.00775364	0.102664444444	0.00975555555556
0.06567451	0.005168176	0.101822222222	0.00967777777778
0.04759149	0.004284509	0.0962888888889	0.0102111111111
0.0540499	0.003354892	0.0979366666667	0.00973333333333
0.04150441	0.005585653	0.0981588888889	0.00971111111111
0.05981024	0.002214102	0.09828	0.0097
0.05324981	0.006639254	0.0982777777778	0.0107222222222
0.05753584	0.004886454	0.0974	0.0098
0.06896311	0.004733709	0.101011111111	0.0107888888889
0.05059797	0.008658158	0.0983511111111	0.00968888888889
0.05608891	0.004646051	0.10396	0.0104
0.05554723	0.004771622	0.101365555556	0.00964444444444
0.05916922	0.00727323	0.0965555555556	0.0104444444444
0.06099955	0.005263397	0.10413	0.0101
0.04595947	0.007928471	0.101475555556	0.00964444444444
0.04660057	0.003676822	0.103912222222	0.00997777777778
0.06225661	0.003551973	0.0965333333333	0.00996666666667
0.06080042	0.003966169	0.0968555555556	0.0105444444444
0.05660687	0.004265978	0.0998888888889	0.0108111111111
0.04605797	0.006027905	0.103708888889	0.0105111111111
0.0428001	0.01042534	0.0963977777778	0.0104222222222
0.05253001	0.004340685	0.09918	0.0108
0.05602043	0.004900054	0.103288888889	0.00981111111111
0.05128779	0.004164796	0.0962111111111	0.0100888888889
0.04985994	0.005979013	0.0961444444444	0.0101555555556
0.05304736	0.005847629	0.100948888889	0.00961111111111
0.04311244	0.005774036	0.0962155555556	0.0103444444444
0.05405632	0.004522894	0.0988666666667	0.00963333333333
0.05226666	0.004985475	0.0979577777778	0.0107222222222
0.04837974	0.004922222	0.103466666667	0.00983333333333
0.05362162	0.00616277	0.0961755555556	0.0103444444444
0.03847184	0.006564604	0.0981222222222	0.00967777777778
0.06554459	0.005156283	0.103155555556	0.0106444444444
0.05626287	0.005677475	0.102537777778	0.0107222222222
0.05370102	0.002813468	0.10415	0.0104
0.04718879	0.007439011	0.104333333333	0.0102666666667
0.05193873	0.00682865	0.0969111111111	0.0105888888889
0.06313612	0.004690285	0.104253333333	0.0100666666667
0.04192616	0.003971305	0.100166666667	0.0108333333333
0.05928075	0.003692691	0.0966	0.0099
0.0538559	0.00563011	0.0986511111111	0.0107888888889
0.06942268	0.005970675	0.0960888888889	0.0101111111111
0.06428569	0.004997459	0.100526666667	0.0108333333333
0.06014766	0.004160973	0.101388888889	0.00961111111111
0.05621287	0.003894342	0.104366666667	0.0101333333333
0.05416082	0.004579598	0.0968666666667	0.00983333333333
0.05551948	0.004894274	0.09878	0.0108
0.06440132	0.005988711	0.0992777777778	0.0108222222222
0.05179526	0.005301226	0.0971755555556	0.0106444444444
0.048551	0.003490101	0.104255555556	0.0100444444444
0.04725517	0.004314519	0.0961144444444	0.0103555555556
0.04990368	0.00634319	0.102946666667	0.00973333333333
0.0625764	0.002321324	0.0969	0.0106
0.05343766	0.00572426	0.10418	0.01
0.05574192	0.003321482	0.102055555556	0.00964444444444
0.04891224	0.005765594	0.0986777777778	0.00962222222222
0.05926613	0.004421159	0.103488888889	0.00981111111111
0.05722072	0.004745392	0.0980444444444	0.0107555555556
0.05224612	0.004617631	0.0980444444444	0.0107555555556
0.04875935	0.006817036	0.100202222222	0.00957777777778
0.05504208	0.003485689	0.0959588888889	0.0102111111111
0.04848907	0.008047258	0.0966333333333	0.00986666666667
0.06179231	0.004041791	0.101986666667	0.00963333333333
0.04017537	0.009801952	0.103518888889	0.0106111111111
0.05300891	0.004514655	0.0976677777778	0.0107222222222
0.04787051	0.004523397	0.103026666667	0.00973333333333
0.03178765	0.005594081	0.099	0.0096
0.05686716	0.003079117	0.0970111111111	0.00978888888889
0.05279581	0.004676365	0.104237777778	0.0104222222222
0.05614242	0.005451057	0.0972033333333	0.0106666666667
0.0447353	0.004843061	0.0969911111111	0.00978888888889
0.04797158	0.005009444	0.100845555556	0.0108444444444
0.04952391	0.007325238	0.0962444444444	0.0104555555556
0.06569951	0.0036037	0.0976	0.0097
0.05347936	0.006749069	0.100972222222	0.00957777777778
0.06005342	0.005138017	0.101311111111	0.00958888888889
0.05610974	0.004333697	0.100982222222	0.00957777777778
0.05080062	0.00479673	0.0994222222222	0.00957777777778
0.04693088	0.006405676	0.103711111111	0.0105888888889
0.06686336	0.005632577	0.102302222222	0.0107777777778
0.04490052	0.007052202	0.0960888888889	0.0100111111111
0.05848223	0.006156608	0.0984	0.0108
0.05256545	0.006432312	0.100693333333	0.00956666666667
0.05760689	0.004339977	0.103393333333	0.00976666666667
0.06656041	0.004745345	0.0995833333333	0.00956666666667
0.05242105	0.0054242	0.0962666666667	0.00993333333333
0.04358038	0.006715782	0.09585	0.0102
0.05632364	0.01074973	0.09585	0.0102
0.06122037	0.007935039	0.0959355555556	0.0103444444444
0.06058008	0.004394329	0.0976922222222	0.00967777777778
0.05916434	0.004869789	0.104453333333	0.0103666666667
0.05090476	0.008587805	0.0986577777778	0.0108222222222
0.04874899	0.009981668	0.0991222222222	0.00957777777778
0.06992073	0.005818904	0.0973888888889	0.00971111111111
0.05470385	0.003167439	0.102633333333	0.00966666666667
0.05056303	0.004445717	0.0966311111111	0.0105888888889
0.03989452	0.004476286	0.0978833333333	0.0107666666667
0.05646551	0.005387344	0.103566666667	0.0106333333333
0.05235746	0.004549611	0.0969022222222	0.00977777777778
0.05414603	0.006687152	0.0983888888889	0.0108111111111
0.06987556	0.004891702	0.100654444444	0.00955555555556
0.02851432	0.008444014	0.0958577777778	0.0103222222222
0.06005348	0.005732524	0.104535555556	0.0103444444444
0.06454523	0.005347097	0.10463	0.0102
0.05626797	0.002122742	0.0961622222222	0.0104777777778
0.04642758	0.006911654	0.0996444444444	0.00955555555556
0.046408	0.005247582	0.0996333333333	0.0108666666667
0.05668525	0.002176351	0.10319	0.0107
0.04722157	0.003624912	0.0980511111111	0.0107888888889
0.06252103	0.005281416	0.0995444444444	0.00955555555556
0.05203671	0.006148326	0.0965511111111	0.0105888888889
0.05908212	0.008542145	0.0994333333333	0.0108666666667
0.07098376	0.005714031	0.104411111111	0.00998888888889
0.04104779	0.004689997	0.102555555556	0.00964444444444
0.05925588	0.005083268	0.103464444444	0.00975555555556
0.05033983	0.004381569	0.103321111111	0.0106888888889
0.05325404	0.003679949	0.100355555556	0.00954444444444
0.05699302	0.003165232	0.100395555556	0.00954444444444
0.04098467	0.008012554	0.104601111111	0.0100888888889
0.05563831	0.005892074	0.0998555555556	0.00954444444444
0.05245331	0.0039392	0.0957433333333	0.0102666666667
0.0467884	0.004218907	0.0958444444444	0.0100555555556
0.04963654	0.004087234	0.104415555556	0.0104444444444
0.04164996	0.00711563	0.0958622222222	0.0103777777778
0.06497238	0.00317787	0.102733333333	0.0107666666667
0.05802047	0.00424543	0.103366666667	0.00973333333333
0.05389015	0.006417565	0.103711111111	0.00978888888889
0.04872031	0.004585744	0.0974555555556	0.0107444444444
0.05713641	0.00459386	0.104466666667	0.0104333333333
0.05557295	0.003790671	0.103391111111	0.0106888888889
0.05164546	0.01059622	0.104044444444	0.00985555555556
0.05602644	0.004716173	0.100932222222	0.0108777777778
0.05600769	0.00336028	0.103406666667	0.00973333333333
0.0535468	0.004905889	0.0978611111111	0.0107888888889
0.03942761	0.004351836	0.0994155555556	0.00954444444444
0.04889305	0.00702483	0.100011111111	0.0108888888889
0.04805789	0.005367738	0.0973111111111	0.00968888888889
0.05803988	0.003233426	0.104211111111	0.00988888888889
0.04965177	0.004975318	0.0978111111111	0.0107888888889
0.05348281	0.00362421	0.0956988888889	0.0101111111111
0.03963689	0.007256018	0.0987144444444	0.0108555555556
0.04805148	0.004434776	0.104444444444	0.00995555555556
0.05855948	0.004529074	0.0975333333333	0.0107666666667
0.06273771	0.004435932	0.103082222222	0.00967777777778
0.05089715	0.007045724	0.0963711111111	0.0105888888889
0.04494871	0.00411123	0.0968222222222	0.0106777777778
0.06119251	0.002904187	0.0957777777778	0.0100222222222
0.0640575	0.008560549	0.1002	0.0109
0.04389588	0.004087385	0.100277777778	0.00952222222222
0.05923571	0.005430673	0.0999377777778	0.00952222222222
0.04932654	0.003835248	0.0982111111111	0.00958888888889
0.05533249	0.005855269	0.0957888888889	0.0100111111111
0.04513292	0.004752838	0.0957222222222	0.0103777777778
0.05172996	0.006217856	0.09558	0.0102
0.05566524	0.006163287	0.0963211111111	0.0105888888889
0.05303091	0.00601934	0.0958422222222	0.00997777777778
0.04764899	0.004980702	0.10074	0.0109
0.06485254	0.003221896	0.0969888888889	0.00971111111111
0.05253124	0.00501058	0.0996177777778	0.00952222222222
0.05416985	0.005699765	0.100877777778	0.00952222222222
0.05496755	0.002357888	0.103967777778	0.0106222222222
0.04983519	0.006025797	0.0991111111111	0.0108888888889
0.046213	0.004742977	0.0956222222222	0.0100777777778
0.06872416	0.004783931	0.104688888889	0.0100111111111
0.04448463	0.004773404	0.101346666667	0.00953333333333
0.05678935	0.004302658	0.0976777777778	0.00962222222222
0.06011269	0.005912281	0.103417777778	0.0107222222222
0.04964431	0.005789014	0.0955222222222	0.0101777777778
0.06565118	0.005161079	0.102638888889	0.00961111111111
0.06389875	0.005786352	0.09932	0.0109
0.05067488	0.006520808	0.0971555555556	0.0107444444444
0.05575901	0.00666683	0.100588888889	0.00951111111111
0.055318	0.007311837	0.10485	0.0101
0.05008594	0.007369664	0.100628888889	0.0109111111111
0.06078196	0.00447173	0.103725555556	0.00974444444444
0.04704595	0.003753413	0.104633333333	0.00996666666667
0.06276213	0.008437095	0.104897777778	0.0101222222222
0.05002606	0.005957211	0.103133333333	0.0107666666667
0.04918422	0.005677024	0.0955066666667	0.0101333333333
0.04592041	0.004417143	0.0957422222222	0.00997777777778
0.04551862	0.007798419	0.103144444444	0.00965555555556
0.05276641	0.004537365	0.103144444444	0.00965555555556
0.0560944	0.004926567	0.104566666667	0.00993333333333
0.0588702	0.004157371	0.0954722222222	0.0101777777778
0.06738042	0.006408641	0.0994688888889	0.0109111111111
0.06059404	0.005872714	0.0973555555556	0.00964444444444
0.06538819	0.003254726	0.0983944444444	0.00955555555556
0.05190535	0.00442761	0.101611111111	0.0108888888889
0.04988272	0.004451194	0.0954744444444	0.0101555555556
0.04392927	0.004858724	0.100077777778	0.0109222222222
0.05850815	0.007360427	0.100067777778	0.0109222222222
0.05687301	0.004677024	0.10048	0.0095
0.05069619	0.00656951	0.0954777777778	0.0101222222222
0.06033691	0.004987758	0.0998777777778	0.0109222222222
0.04249706	0.007376806	0.100557777778	0.0109222222222
0.05914388	0.005093169	0.102566666667	0.0108333333333
0.0466163	0.003991204	0.0979822222222	0.00957777777778
0.06637099	0.006399812	0.105	0.0102
0.03886086	0.004635817	0.104086666667	0.0106333333333
0.04515663	0.004080135	0.0962777777778	0.0106222222222
0.04921455	0.004707325	0.105026666667	0.0102333333333
0.04465388	0.005736687	0.0961888888889	0.0106111111111
0.06629654	0.004148063	0.105011111111	0.0102888888889
0.05566334	0.003023715	0.0993777777778	0.0109222222222
0.06077436	0.004748917	0.104072222222	0.00977777777778
0.04855895	0.002472744	0.0983555555556	0.00954444444444
0.0667649	0.004594361	0.100166666667	0.0109333333333
0.04702772	0.006050408	0.0980244444444	0.0108555555556
0.05373621	0.004425055	0.10464	0.0105
0.0685986	0.00506803	0.104733333333	0.0104666666667
0.05618721	0.005498922	0.0970233333333	0.00966666666667
0.05094741	0.006900585	0.0968466666667	0.0107333333333
0.06485648	0.005444249	0.105055555556	0.0102444444444
0.05143736	0.004208492	0.0953722222222	0.0102777777778
0.05885156	0.002370517	0.102711111111	0.00958888888889
0.04315723	0.004830388	0.104888888889	0.0104111111111
0.0626335	0.004284052	0.105011111111	0.0100888888889
0.05597047	0.00630501	0.09572	0.0105
0.06594418	0.006856643	0.0965111111111	0.0106888888889
0.06540329	0.00501638	0.09753	0.0096
0.04842642	0.00416659	0.0960677777778	0.00982222222222
0.06793059	0.005136172	0.1051	0.0102
0.04674004	0.005290998	0.0958933333333	0.00986666666667
0.06059485	0.005610015	0.102222222222	0.0108777777778
0.06634689	0.005559619	0.101877777778	0.00952222222222
0.05958469	0.005355385	0.0954888888889	0.0100111111111
0.05866836	0.00442957	0.100515555556	0.0109444444444
0.0444188	0.005493213	0.0992511111111	0.00948888888889
0.04528657	0.005049292	0.0965888888889	0.00971111111111
0.06309215	0.002493454	0.0952777777778	0.0102222222222
0.05087238	0.0032649	0.104042222222	0.0106777777778
0.05288796	0.004838394	0.0984177777778	0.00952222222222
0.05414033	0.006306206	0.104697777778	0.0105222222222
0.06610906	0.00405398	0.0962444444444	0.0106555555556
0.05715719	0.005089342	0.0968444444444	0.0107555555556
0.0487904	0.006487061	0.102375555556	0.00954444444444
0.05349748	0.005599824	0.0953444444444	0.0103555555556
0.04703911	0.005253536	0.104286666667	0.0106333333333
0.05734588	0.003235969	0.104388888889	0.00981111111111
0.05080515	0.006838375	0.0959777777778	0.00982222222222
0.05886695	0.003815147	0.103513333333	0.0107666666667
0.05221041	0.004441225	0.101888888889	0.00951111111111
0.05226799	0.004162751	0.104855555556	0.00994444444444
0.04948918	0.004130327	0.100253333333	0.00946666666667
0.05560052	0.00345174	0.100133333333	0.00946666666667
0.05487675	0.003880243	0.100313333333	0.00946666666667
0.03680817	0.004504615	0.1021	0.0109
0.05502568	0.007148752	0.101075555556	0.0109444444444
0.05900159	0.006759282	0.101426666667	0.0109333333333
0.06033732	0.005357452	0.105184444444	0.0102555555556
0.04943721	0.00458503	0.0967222222222	0.00967777777778
0.0623724	0.005279404	0.103977777778	0.00972222222222
0.06689114	0.00680645	0.104555555556	0.00984444444444
0.05618852	0.003695349	0.0969555555556	0.00964444444444
0.05264476	0.007112279	0.0954622222222	0.00997777777778
0.04928478	0.005490049	0.0959888888889	0.0106111111111
0.05622052	0.004873885	0.0970366666667	0.00963333333333
0.05032509	0.006225524	0.0997644444444	0.0109555555556
0.05671953	0.005107441	0.103472222222	0.0107777777778
0.04904581	0.005304856	0.0992222222222	0.00947777777778
0.05979276	0.006233022	0.102482222222	0.0108777777778
0.04636035	0.005219182	0.0954455555556	0.0104444444444
0.06297223	0.004183185	0.1044	0.0098
0.06284959	0.006686622	0.0959688888889	0.0106111111111
0.04390534	0.006251217	0.0958355555556	0.00984444444444
0.04753927	0.005390636	0.105123333333	0.0103666666667
0.05779963	0.003742984	0.0983888888889	0.0109111111111
0.06546739	0.005015921	0.0995444444444	0.0109555555556
0.05542011	0.00450112	0.09858	0.0095
0.05497371	0.005076091	0.0985777777778	0.0109222222222
0.06100898	0.008634513	0.105037777778	0.0104222222222
0.05745803	0.004834569	0.0966555555556	0.0107444444444
0.05942203	0.003891152	0.102813333333	0.00956666666667
0.05092377	0.003439786	0.09555	0.0105
0.0538738	0.004250895	0.104111111111	0.0106888888889
0.04188703	0.004631564	0.0956822222222	0.00987777777778
0.04864811	0.003173313	0.105255555556	0.0102444444444
0.03881921	0.003282909	0.0951644444444	0.0102555555556
0.04910827	0.007282409	0.0952077777778	0.0103222222222
0.06426319	0.00458235	0.103377777778	0.00962222222222
0.06784828	0.003991932	0.100444444444	0.00945555555556
0.05602873	0.005326536	0.101937777778	0.0109222222222
0.05917314	0.004945077	0.0975433333333	0.00956666666667
0.05619171	0.007090719	0.0980777777778	0.00952222222222
0.04318467	0.00577198	0.0960355555556	0.0106444444444
0.05441601	0.00409373	0.10235	0.0109
0.0561083	0.003438431	0.102188888889	0.0109111111111
0.04393949	0.009343666	0.104744444444	0.0105555555556
0.04348565	0.007752786	0.09532	0.01
0.05725537	0.005816383	0.0971777777778	0.0108222222222
0.05653215	0.008027342	0.103911111111	0.00968888888889
0.06215519	0.005928196	0.102377777778	0.00952222222222
0.05595498	0.002413471	0.102238888889	0.00951111111111
0.03403234	0.004288165	0.0951566666667	0.0103333333333
0.07058163	0.008056216	0.104981111111	0.0104888888889
0.04145486	0.007959486	0.102457777778	0.00952222222222
0.05888092	0.005242992	0.0993444444444	0.00945555555556
0.06166436	0.002614257	0.100535555556	0.00944444444444
0.06077862	0.004528032	0.104292222222	0.0106777777778
0.04826933	0.006226825	0.103122222222	0.00957777777778
0.05038238	0.006742177	0.104177777778	0.00972222222222
0.03710137	0.003748554	0.0966444444444	0.00965555555556
0.05166879	0.005827641	0.0963577777778	0.0107222222222
0.05430018	0.006463375	0.0977666666667	0.00953333333333
0.06250534	0.005895903	0.0960444444444	0.00975555555556
0.05894053	0.004954535	0.0965533333333	0.00966666666667
0.05742937	0.006607285	0.0951222222222	0.0100777777778
0.0329478	0.005553482	0.104207777778	0.00972222222222
0.04914694	0.003174553	0.101855555556	0.0109444444444
0.05163132	0.007985652	0.0955733333333	0.00986666666667
0.0393793	0.007129327	0.102711111111	0.0108888888889
0.05069236	0.005525975	0.1046	0.0098
0.04495191	0.005584655	0.102081111111	0.00948888888889
0.0494701	0.004078131	0.0960144444444	0.00975555555556
0.05635958	0.006114368	0.1054	0.0102
0.054969	0.003500328	0.101404444444	0.00945555555556
0.05371426	0.003208309	0.101922222222	0.00947777777778
0.06437655	0.004540858	0.103701111111	0.0107888888889
0.02239961	0.007347644	0.0955344444444	0.0105555555556
0.04016919	0.006758541	0.0989333333333	0.0109666666667
0.05104706	0.003745662	0.105206666667	0.0104333333333
0.05069578	0.004099091	0.102647777778	0.00952222222222
0.06311097	0.005179189	0.103144444444	0.0108555555556
0.04599443	0.004703198	0.0992555555556	0.00944444444444
0.06571592	0.005380875	0.0967777777778	0.00962222222222
0.05871111	0.005992221	0.10238	0.0095
0.05015068	0.003272447	0.0983822222222	0.00947777777778
0.03471919	0.00425871	0.104111111111	0.00968888888889
0.04716854	0.004929536	0.0949866666667	0.0101333333333
0.05534737	0.00463505	0.0976977777778	0.00952222222222
0.05293142	0.004365496	0.102866666667	0.00953333333333
0.03536436	0.01236505	0.0983222222222	0.00947777777778
0.04716184	0.006928588	0.0990555555556	0.00944444444444
0.05062282	0.00462027	0.0985044444444	0.0109555555556
0.03954502	0.004139833	0.103233333333	0.00956666666667
0.04661578	0.005802837	0.0949666666667	0.0101333333333
0.04842008	0.004861715	0.0953288888889	0.00991111111111
0.0384818	0.006495913	0.0969666666667	0.0108333333333
0.0635861	0.006351981	0.103882222222	0.0107777777778
0.05722524	0.00484561	0.105488888889	0.0102111111111
0.05202212	0.005974184	0.105233333333	0.00996666666667
0.05407348	0.006284476	0.10534	0.0104
0.06612694	0.007555842	0.10534	0.0104
0.07044742	0.004462025	0.103466666667	0.0108333333333
0.06209942	0.004902613	0.0984244444444	0.0109555555556
0.05722676	0.007106886	0.09761	0.0109
0.03994674	0.004678823	0.0978777777778	0.0109222222222
0.0539446	0.005581399	0.102212222222	0.00947777777778
0.05898533	0.004987557	0.104696666667	0.0106333333333
0.05442746	0.005003689	0.102225555556	0.0109444444444
0.0545008	0.005343857	0.0950877777778	0.0104222222222
0.06410969	0.004084423	0.1051	0.0099
0.05629541	0.005563387	0.104757777778	0.0106222222222
0.03979368	0.01070351	0.105514444444	0.0101555555556
0.05224853	0.009544284	0.101622222222	0.0109777777778
0.06319623	0.004102005	0.0951955555556	0.00994444444444
0.05735172	0.005551936	0.0949111111111	0.0102888888889
0.04971026	0.005510548	0.0952477777778	0.00992222222222
0.06029762	0.003105647	0.102748888889	0.00951111111111
0.06952894	0.007178085	0.101655555556	0.00944444444444
0.04870295	0.004008665	0.0994577777778	0.00942222222222
0.03466224	0.005587569	0.0957833333333	0.00976666666667
0.05417201	0.008384946	0.100977777778	0.00942222222222
0.05168893	0.005155277	0.0955066666667	0.00983333333333
0.06313864	0.003900465	0.102144444444	0.0109555555556
0.04747678	0.005032606	0.0966688888889	0.0108111111111
0.04595872	0.006561595	0.105431111111	0.0103888888889
0.05783222	0.004424361	0.0982244444444	0.0109555555556
0.05577126	0.005620461	0.0989111111111	0.0109888888889
0.06326899	0.004671163	0.104633333333	0.0106666666667
0.07002582	0.003255587	0.105355555556	0.0104444444444
0.05753596	0.006304345	0.0967	0.0096
0.06028049	0.003658583	0.105344444444	0.0104555555556
0.04482202	0.004249493	0.104811111111	0.00978888888889
0.05868342	0.004525242	0.105577777778	0.0101222222222
0.04887677	0.005272837	0.0951888888889	0.0105111111111
0.06319076	0.004322283	0.0993888888889	0.00941111111111
0.04646594	0.007688967	0.105566666667	0.0103333333333
0.05002814	0.005494741	0.105555555556	0.0103444444444
0.0654146	0.006074865	0.0958311111111	0.0106888888889
0.04689517	0.006109178	0.0977466666667	0.0109333333333
0.05970564	0.004291411	0.101088888889	0.00941111111111
0.02256615	0.006798282	0.0982344444444	0.00945555555556
0.05222316	0.007565768	0.105335555556	0.00994444444444
0.05740592	0.007452623	0.0999777777778	0.0110222222222
0.05063725	0.003047888	0.0950022222222	0.00997777777778
0.06062203	0.005260139	0.0988777777778	0.00942222222222
0.06004887	0.007161107	0.105362222222	0.0104777777778
0.0360724	0.005563111	0.09883	0.011
0.05268733	0.003325178	0.0952633333333	0.00986666666667
0.04978873	0.00382512	0.0949188888889	0.0104111111111
0.0421996	0.005074558	0.0956333333333	0.00976666666667
0.0642554	0.005704041	0.104744444444	0.00975555555556
0.05776648	0.005240398	0.105562222222	0.0103777777778
0.04219093	0.003953385	0.0995	0.0094
0.05965244	0.006470646	0.0968333333333	0.00956666666667
0.05175226	0.005027798	0.102811111111	0.00948888888889
0.04334527	0.00468992	0.09591	0.0097
0.06014233	0.005613354	0.0954088888889	0.0106111111111
0.06110268	0.004340862	0.0949844444444	0.00995555555556
0.04747087	0.009807292	0.0982222222222	0.0109777777778
0.05631185	0.003975777	0.100311111111	0.00938888888889
0.04929718	0.005774183	0.0975666666667	0.0109333333333
0.05906477	0.003981085	0.0957111111111	0.0106888888889
0.0567689	0.005544198	0.0992	0.0094
0.05073163	0.003821444	0.105077777778	0.00982222222222
0.05010661	0.006076031	0.0969555555556	0.00954444444444
0.05978063	0.004372692	0.1057	0.0103
0.05879674	0.004796068	0.100726666667	0.0110333333333
0.05049074	0.003439754	0.0964088888889	0.0108111111111
0.05503973	0.005422253	0.0966555555556	0.0108444444444
0.06309222	0.006209822	0.0948955555556	0.0104444444444
0.05332018	0.006007187	0.0985277777778	0.00942222222222
0.04374728	0.009641551	0.100916666667	0.0110333333333
0.05874043	0.007565289	0.0961555555556	0.00964444444444
0.05107664	0.004842883	0.0966222222222	0.00957777777778
0.05089972	0.00690572	0.103624444444	0.00955555555556
0.05997456	0.005877296	0.104211111111	0.0107888888889
0.05968731	0.004072442	0.0952777777778	0.00982222222222
0.06297061	0.0065708	0.100202222222	0.00937777777778
0.05416213	0.00432677	0.0960444444444	0.00965555555556
0.05432137	0.004331613	0.0964	0.0096
0.05669979	0.0065493	0.100655555556	0.0110444444444
0.05586151	0.005815955	0.0997622222222	0.00937777777778
0.05968625	0.005579249	0.102266666667	0.00943333333333
0.05310394	0.004619828	0.105777777778	0.0101222222222
0.05816617	0.004031655	0.0966333333333	0.00956666666667
0.05557787	0.007873311	0.105742222222	0.0100777777778
0.05668657	0.004781249	0.0996355555556	0.0110444444444
0.06057726	0.005949718	0.1051	0.0098
0.05267727	0.004097728	0.0958111111111	0.00968888888889
0.0613623	0.005474229	0.100922222222	0.00937777777778
0.06179803	0.005577169	0.105815555556	0.0101444444444
0.05098475	0.006517877	0.0987277777778	0.0110222222222
0.05228249	0.007808815	0.0994555555556	0.0110444444444
0.04810009	0.006754365	0.102177777778	0.00942222222222
0.0534785	0.005824085	0.103922222222	0.00957777777778
0.05817238	0.004845034	0.0958422222222	0.00967777777778
0.04430429	0.006740648	0.0947288888889	0.0104111111111
0.06015874	0.005566781	0.0971777777778	0.0109222222222
0.05827346	0.004250252	0.0952	0.0106
0.05855461	0.00383621	0.104646666667	0.0107333333333
0.0501927	0.003829594	0.105818888889	0.0101111111111
0.06327644	0.007875398	0.0986377777778	0.0110222222222
0.06612535	0.003510579	0.0953111111111	0.00978888888889
0.04519351	0.004810878	0.104533333333	0.00966666666667
0.06251148	0.003880765	0.0999033333333	0.00936666666667
0.04522868	0.004234917	0.103962222222	0.00957777777778
0.05766066	0.006836449	0.0958733333333	0.00966666666667
0.08001566	0.003688791	0.104666666667	0.0107333333333
0.03857053	0.004699025	0.0959333333333	0.0107666666667
0.04966397	0.003931219	0.105877777778	0.0102222222222
0.06835435	0.002551187	0.104066666667	0.0108333333333
0.05767983	0.006314021	0.0988111111111	0.00938888888889
0.05312416	0.005937368	0.0953733333333	0.00976666666667
0.05092365	0.004495947	0.0947644444444	0.0104555555556
0.04286811	0.005590985	0.105373333333	0.0105666666667
0.05342402	0.005168873	0.10486	0.0107
0.0498095	0.002437232	0.0945333333333	0.0102666666667
0.05450295	0.003549471	0.105586666667	0.00993333333333
0.05819737	0.005251047	0.103933333333	0.00956666666667
0.05732746	0.004692843	0.0982488888889	0.0110111111111
0.04558737	0.006203544	0.0994544444444	0.0110555555556
0.06270924	0.006974125	0.104777777778	0.0107222222222
0.05749693	0.005797532	0.0946777777778	0.0104222222222
0.05491773	0.00357644	0.101044444444	0.0110555555556
0.04981284	0.005349203	0.0974133333333	0.00946666666667
0.05381988	0.005143149	0.0954711111111	0.0106888888889
0.06268605	0.004691636	0.0981888888889	0.0110111111111
0.06066339	0.004644621	0.105811111111	0.0103888888889
0.06211734	0.004593228	0.100044444444	0.00935555555556
0.0661434	0.006540987	0.102755555556	0.00944444444444
0.05367459	0.00665646	0.09798	0.011
0.0574706	0.005878354	0.0976555555556	0.00944444444444
0.06375382	0.004587402	0.0999444444444	0.00935555555556
0.05404589	0.004867812	0.1058	0.0104
0.05833806	0.004201318	0.100533333333	0.0110666666667
0.05150375	0.003648132	0.105788888889	0.0104111111111
0.05407158	0.003237369	0.0981388888889	0.00941111111111
0.05243979	0.004057472	0.101223333333	0.00936666666667
0.0543091	0.006592736	0.0952111111111	0.00978888888889
0.05204684	0.007031461	0.0968888888889	0.0109111111111
0.06533376	0.005582685	0.105288888889	0.0106111111111
0.0608111	0.005951673	0.0988155555556	0.0110444444444
0.05241052	0.00383511	0.0991333333333	0.00936666666667
0.05532489	0.008483637	0.0945111111111	0.0100888888889
0.05242573	0.00577335	0.0948666666667	0.0105333333333
0.05811297	0.003721508	0.0957444444444	0.0107555555556
0.05895523	0.003208587	0.0995333333333	0.0110666666667
0.04246323	0.006062514	0.0944966666667	0.0103333333333
0.04702221	0.00707917	0.0950888888889	0.00981111111111
0.0505222	0.004968439	0.104755555556	0.0107444444444
0.02996694	0.008072309	0.105988888889	0.0102111111111
0.04831996	0.004832329	0.101044444444	0.00935555555556
0.0493904	0.006711755	0.101063333333	0.0110666666667
0.05690341	0.005869918	0.0960977777778	0.0108222222222
0.05043693	0.005675929	0.0953222222222	0.0106777777778
0.0561388	0.004053217	0.0944111111111	0.0101888888889
0.0504447	0.003270075	0.105431111111	0.0105888888889
0.06097255	0.004364935	0.105933333333	0.0100666666667
0.062411	0.004051909	0.100522222222	0.0110777777778
0.05752766	0.005479006	0.101244444444	0.00935555555556
0.05591751	0.004705817	0.100705555556	0.00934444444444
0.04681231	0.008081853	0.0959888888889	0.00961111111111
0.05449023	0.006667703	0.0991033333333	0.0110666666667
0.05651138	0.004840807	0.0944455555556	0.0103444444444
0.05974102	0.006201442	0.0967188888889	0.0109111111111
0.06003275	0.005954587	0.103382222222	0.00947777777778
0.05911111	0.005148064	0.0943666666667	0.0102333333333
0.05756867	0.005019544	0.104311111111	0.00958888888889
0.05859074	0.004028568	0.0987044444444	0.0110555555556
0.06851772	0.004219698	0.104855555556	0.0107444444444
0.05305792	0.005226393	0.10442	0.0096
0.06136009	0.007181589	0.0943555555556	0.0101444444444
0.05537522	0.005811948	0.0956033333333	0.00966666666667
0.05660058	0.00670693	0.0944888888889	0.0104111111111
0.04658687	0.004622288	0.0943577777778	0.0101222222222
0.05205727	0.006011434	0.0961222222222	0.00957777777778
0.06186089	0.00573429	0.0946211111111	0.0104888888889
0.05707022	0.004916298	0.102966666667	0.00943333333333
0.05290987	0.004785507	0.0946688888889	0.00991111111111
0.05096151	0.00472793	0.09582	0.0108
0.06256252	0.005960473	0.10252	0.0094
0.06103289	0.003912498	0.0968111111111	0.00948888888889
0.03849162	0.006381437	0.105768888889	0.0105111111111
0.04947082	0.006103116	0.102877777778	0.00942222222222
0.05907283	0.004806419	0.105088888889	0.00971111111111
0.04915492	0.003816758	0.0987133333333	0.0110666666667
0.04974665	0.005728084	0.0945911111111	0.0104888888889
0.05379028	0.004635859	0.1061	0.0103
0.05344863	0.007228102	0.09461	0.0105
0.05722481	0.002860424	0.0973666666667	0.00943333333333
0.05527312	0.003706029	0.0961333333333	0.00956666666667
0.05338381	0.009491175	0.102255555556	0.0110444444444
0.05729197	0.0049796	0.0993111111111	0.0110888888889
0.05180009	0.008500253	0.0943322222222	0.0100777777778
0.06363202	0.003810825	0.101535555556	0.00934444444444
0.04384379	0.004320365	0.100077777778	0.00932222222222
0.0583089	0.004932712	0.0952888888889	0.0107111111111
0.06195077	0.003415536	0.106155555556	0.0102444444444
0.04562959	0.005791452	0.0981222222222	0.00937777777778
0.0442574	0.006075035	0.09588	0.0096
0.03911987	0.008213626	0.0948888888889	0.0106111111111
0.06434627	0.005625457	0.105847777778	0.00992222222222
0.0494066	0.004651966	0.106155555556	0.0101444444444
0.05688497	0.006207217	0.0970444444444	0.00945555555556
0.04192917	0.003252907	0.0966	0.0095
0.05724934	0.003430522	0.0977	0.0094
0.06359715	0.004844233	0.105733333333	0.00986666666667
0.05979278	0.00695583	0.104511111111	0.00958888888889
0.04989312	0.005617161	0.1009	0.0111
0.06334793	0.006492175	0.0973777777778	0.00942222222222
0.06255653	0.008511593	0.101722222222	0.0110777777778
0.0600212	0.00550414	0.10096	0.0111
0.0623476	0.004855029	0.105744444444	0.0105555555556
0.04973602	0.00579391	0.0955622222222	0.0107777777778
0.05479674	0.007290523	0.101	0.0111
0.06883098	0.003486732	0.104304444444	0.00955555555556
0.05428535	0.01005061	0.105753333333	0.00986666666667
0.04539549	0.006063913	0.0981733333333	0.00936666666667
0.04923565	0.00371596	0.0972111111111	0.0109888888889
0.05075	0.005081992	0.105588888889	0.00981111111111
0.05383748	0.002799167	0.102044444444	0.00935555555556
0.06102361	0.005249867	0.101551111111	0.0110888888889
0.04503222	0.005275834	0.0941777777778	0.0102222222222
0.04979926	0.006173239	0.0991777777778	0.00932222222222
0.05263965	0.005329308	0.103633333333	0.00946666666667
0.06158909	0.008028196	0.103311111111	0.0109888888889
0.05339298	0.005381525	0.0941522222222	0.0101777777778
0.05185397	0.008420623	0.0959333333333	0.00956666666667
0.03737171	0.00714746	0.0952822222222	0.00967777777778
