root_height	pop_size	pi_net	pi_within
0.03464909	0.004262459	0.0414222222222	0.00587777777778
0.02126774	0.003437879	0.0416688888889	0.00591111111111
0.02800924	0.007381109	0.0410511111111	0.00588888888889
0.01850185	0.003485358	0.0414444444444	0.00595555555556
0.02802955	0.003642491	0.0418	0.0059
0.02303805	0.003145329	0.0417822222222	0.00587777777778
0.02518262	0.002650345	0.0418266666667	0.00593333333333
0.02246616	0.002807499	0.0417333333333	0.00596666666667
0.02567576	0.003229583	0.0409666666667	0.00583333333333
0.03487186	0.004190581	0.04146	0.006
0.02673026	0.003830955	0.04132	0.0058
0.02309677	0.003236816	0.0407111111111	0.00588888888889
0.02186625	0.003750621	0.0412	0.0058
0.02785961	0.005519934	0.0420555555556	0.00584444444444
0.02034671	0.004922035	0.0406666666667	0.00593333333333
0.03046383	0.00605503	0.041	0.0058
0.02184579	0.003715211	0.0421777777778	0.00592222222222
0.03129781	0.002056981	0.0409	0.0058
0.02124259	0.002425507	0.0417888888889	0.00601111111111
0.02343836	0.00458471	0.04056	0.0059
0.02604278	0.006252338	0.0409911111111	0.00578888888889
0.0228243	0.005778076	0.04193	0.006
0.02430403	0.004018098	0.0421333333333	0.00596666666667
0.01811292	0.008040922	0.04202	0.0058
0.02626819	0.004900462	0.0421777777778	0.00582222222222
0.02045404	0.001198628	0.0413955555556	0.00604444444444
0.02229459	0.003724112	0.0407111111111	0.00578888888889
0.01708953	0.003925511	0.0405288888889	0.00581111111111
0.01776991	0.00364275	0.0422711111111	0.00598888888889
0.02154621	0.005073417	0.0403666666667	0.00593333333333
0.02284491	0.00289722	0.0403944444444	0.00595555555556
0.02315155	0.00479851	0.04225	0.0058
0.01859312	0.003573285	0.0408444444444	0.00575555555556
0.0175999	0.004451373	0.0408444444444	0.00575555555556
0.02850011	0.002980103	0.0423	0.006
0.02270213	0.003987107	0.0403888888889	0.00581111111111
0.0226245	0.003712736	0.0424	0.0058
0.02340881	0.004319206	0.0425555555556	0.00584444444444
0.02814828	0.00338382	0.0417777777778	0.00572222222222
0.02157386	0.00523422	0.0419666666667	0.00573333333333
0.02385369	0.002749598	0.0424111111111	0.00578888888889
0.02035207	0.002998523	0.0426444444444	0.00585555555556
0.02131484	0.003384208	0.0401444444444	0.00585555555556
0.01893214	0.003638943	0.0401111111111	0.00588888888889
0.01686638	0.004209713	0.0426644444444	0.00585555555556
0.02905467	0.004797599	0.0419677777778	0.00572222222222
0.0259874	0.003974874	0.0426222222222	0.00597777777778
0.03107185	0.003162865	0.0423555555556	0.00604444444444
0.01903914	0.002690787	0.0423555555556	0.00604444444444
0.02072542	0.0026719	0.0414111111111	0.00568888888889
0.02817514	0.003280716	0.0426888888889	0.00581111111111
0.0235741	0.005850528	0.0427222222222	0.00597777777778
0.01948847	0.004955455	0.0427111111111	0.00598888888889
0.02912694	0.002402444	0.0417111111111	0.00568888888889
0.01944017	0.002858344	0.04008	0.0058
0.02978688	0.003021677	0.0428444444444	0.00595555555556
0.02651692	0.002622121	0.0419111111111	0.00568888888889
0.0315538	0.001996089	0.0428666666667	0.00583333333333
0.02040666	0.003330312	0.0399	0.006
0.01906992	0.004303393	0.0428711111111	0.00578888888889
0.02042761	0.003076144	0.0416444444444	0.00565555555556
0.01867714	0.003817916	0.0398222222222	0.00597777777778
0.02217217	0.002259895	0.0402888888889	0.00571111111111
0.02368307	0.002869012	0.0397777777778	0.00582222222222
0.02041903	0.003139175	0.0426422222222	0.00607777777778
0.02097497	0.003383995	0.0397155555556	0.00584444444444
0.02569595	0.001959687	0.04031	0.0057
0.01644862	0.004324654	0.0417555555556	0.00564444444444
0.01964274	0.004189604	0.0426111111111	0.00608888888889
0.01562204	0.005820876	0.0417744444444	0.00615555555556
0.02378533	0.004801553	0.0407555555556	0.00614444444444
0.02374997	0.003077384	0.0428333333333	0.00606666666667
0.02777466	0.003259728	0.0418233333333	0.00616666666667
0.02907017	0.004189596	0.0419666666667	0.00563333333333
0.02013825	0.006324903	0.0432666666667	0.00593333333333
0.02429197	0.004524794	0.0396711111111	0.00578888888889
0.02334352	0.003892401	0.04316	0.0058
0.02130216	0.004510847	0.0395888888889	0.00581111111111
0.02620594	0.003699488	0.0432	0.006
0.02335044	0.003150338	0.0428	0.0061
0.01278856	0.004558329	0.0395288888889	0.00581111111111
0.02011074	0.001783357	0.0409811111111	0.00618888888889
0.02939572	0.003294754	0.0434	0.0059
0.02692803	0.002063878	0.0430733333333	0.00606666666667
0.02687069	0.006711209	0.03988	0.0057
0.02379189	0.002981957	0.0393677777778	0.00592222222222
0.02215319	0.002855217	0.0434444444444	0.00595555555556
0.02426639	0.003839096	0.0435	0.0059
0.01770168	0.002944076	0.0410888888889	0.00621111111111
0.02285158	0.004405336	0.0394	0.0058
0.01933136	0.001876428	0.0397111111111	0.00608888888889
0.02535242	0.00490017	0.0432444444444	0.00605555555556
0.02075305	0.00335758	0.0395444444444	0.00605555555556
0.02796474	0.002631879	0.0418888888889	0.00621111111111
0.02416612	0.002312919	0.0434777777778	0.00582222222222
0.01734381	0.004718858	0.04217	0.0056
0.01514831	0.002483131	0.0393111111111	0.00598888888889
0.02549565	0.004619123	0.0409477777778	0.00622222222222
0.01813607	0.002991141	0.0435722222222	0.00597777777778
0.02348502	0.002761764	0.0412333333333	0.00556666666667
0.02274487	0.002601746	0.0434666666667	0.00603333333333
0.03294068	0.003622182	0.0435922222222	0.00597777777778
0.02542204	0.003246826	0.0420777777778	0.00622222222222
0.02187022	0.003283846	0.0436444444444	0.00585555555556
0.03136836	0.003503809	0.0431222222222	0.00567777777778
0.021318	0.003920393	0.0395888888889	0.00611111111111
0.02536845	0.003967697	0.0423888888889	0.00621111111111
0.0259782	0.003705919	0.0423888888889	0.00621111111111
0.02397744	0.00219354	0.0429555555556	0.00564444444444
0.02694735	0.002196216	0.0416444444444	0.00555555555556
0.02327585	0.003554629	0.0426	0.0056
0.0269428	0.00516754	0.0393777777778	0.00572222222222
0.0202976	0.004608455	0.0434222222222	0.00607777777778
0.02104961	0.003565314	0.0424911111111	0.00558888888889
0.02122634	0.00484495	0.0437222222222	0.00597777777778
0.021298	0.003701739	0.0424222222222	0.00557777777778
0.01934925	0.004093686	0.0435666666667	0.00573333333333
0.02825191	0.001783332	0.0421955555556	0.00624444444444
0.02229301	0.005175418	0.0424266666667	0.00623333333333
0.02793509	0.003319161	0.0415066666667	0.00553333333333
0.02186171	0.005253253	0.0411333333333	0.00626666666667
0.02087542	0.003223727	0.0431955555556	0.00564444444444
0.01830654	0.005208304	0.0406444444444	0.00625555555556
0.03036702	0.003485989	0.0438666666667	0.00583333333333
0.01910212	0.005502959	0.0423955555556	0.00624444444444
0.01981235	0.004597014	0.0391777777778	0.00572222222222
0.01975992	0.004496156	0.0422555555556	0.00554444444444
0.02284139	0.005012022	0.0403555555556	0.00624444444444
0.02475455	0.004849191	0.0394555555556	0.00614444444444
0.02603396	0.005798515	0.0439333333333	0.00586666666667
0.02305661	0.003843776	0.0432333333333	0.00616666666667
0.02185639	0.005412342	0.0399111111111	0.00558888888889
0.03049478	0.005725426	0.0434333333333	0.00566666666667
0.02365144	0.004202359	0.0426666666667	0.00623333333333
0.02438445	0.00397227	0.043	0.0056
0.02252721	0.002759735	0.0421566666667	0.00553333333333
0.02402651	0.006831979	0.0439555555556	0.00594444444444
0.02426849	0.006205344	0.0437555555556	0.00574444444444
0.02549296	0.003248716	0.0406133333333	0.00626666666667
0.03115499	0.005700813	0.0388355555556	0.00594444444444
0.02784228	0.005901142	0.0432666666667	0.00563333333333
0.02992456	0.004281497	0.0437666666667	0.00573333333333
0.02416709	0.002788061	0.0397888888889	0.00621111111111
0.02707509	0.003335075	0.0426955555556	0.00624444444444
0.03339139	0.003805887	0.0387555555556	0.00584444444444
0.01938847	0.002828338	0.0387555555556	0.00584444444444
0.02554481	0.003905909	0.0436688888889	0.00611111111111
0.02145249	0.004319356	0.0440222222222	0.00597777777778
0.02187195	0.005019155	0.0405222222222	0.00627777777778
0.01857385	0.005085428	0.0430888888889	0.00621111111111
0.02101391	0.002699542	0.0402766666667	0.00553333333333
0.01259818	0.001835773	0.0402666666667	0.00553333333333
0.02880629	0.005258284	0.0432888888889	0.00561111111111
0.02038846	0.003657823	0.0388222222222	0.00577777777778
0.01882483	0.003433618	0.0390088888889	0.00571111111111
0.02085311	0.003145575	0.0392444444444	0.00565555555556
0.0245114	0.003328201	0.0423777777778	0.00552222222222
0.01624901	0.005501134	0.0398366666667	0.00623333333333
0.02303732	0.001944154	0.0400455555556	0.00554444444444
0.02330623	0.001871826	0.0423888888889	0.00551111111111
0.01820144	0.003501693	0.0434777777778	0.00562222222222
0.01929524	0.003697964	0.0441888888889	0.00591111111111
0.01644196	0.003542278	0.0387755555556	0.00604444444444
0.0219079	0.002613818	0.0441311111111	0.00578888888889
0.02568601	0.003302187	0.0434711111111	0.00618888888889
0.0173205	0.002203449	0.0411677777778	0.00632222222222
0.02247557	0.003658603	0.0430555555556	0.00624444444444
0.02873032	0.004720634	0.0388588888889	0.00571111111111
0.02051732	0.002542321	0.0440233333333	0.00606666666667
0.02015597	0.003516249	0.0437355555556	0.00614444444444
0.02069726	0.004935395	0.0386866666667	0.00603333333333
0.03054456	0.003502103	0.0418222222222	0.00547777777778
0.02416561	0.003054111	0.0425788888889	0.00551111111111
0.01977995	0.003653945	0.0424	0.0055
0.02614638	0.003839779	0.0442644444444	0.00585555555556
0.02189374	0.003225773	0.0389733333333	0.00566666666667
0.02016932	0.002565586	0.0432333333333	0.00556666666667
0.02456586	0.004175257	0.0441044444444	0.00605555555556
0.02506084	0.002123614	0.0415033333333	0.00546666666667
0.02173772	0.004053136	0.0432666666667	0.00623333333333
0.03026417	0.004269512	0.0402	0.0055
0.019303	0.004014178	0.0438444444444	0.00565555555556
0.02631857	0.003644602	0.0431555555556	0.00554444444444
0.0252704	0.004572116	0.0431555555556	0.00554444444444
0.02449256	0.00458044	0.0443444444444	0.00585555555556
0.02610117	0.001893454	0.0394466666667	0.00623333333333
0.02052266	0.004037133	0.0398222222222	0.00627777777778
0.0262449	0.002856818	0.0441666666667	0.00573333333333
0.01964895	0.003288755	0.0424222222222	0.00547777777778
0.02093325	0.00337706	0.0437777777778	0.00562222222222
0.02168501	0.002147404	0.0439444444444	0.00565555555556
0.01866873	0.004159261	0.0419555555556	0.00634444444444
0.02256694	0.002317471	0.0385444444444	0.00605555555556
0.02423312	0.005374884	0.0430111111111	0.00628888888889
0.02459964	0.002304578	0.0444222222222	0.00597777777778
0.02949627	0.004319295	0.0439944444444	0.00565555555556
0.01611526	0.004773825	0.0444	0.006
0.02231201	0.003348007	0.0395333333333	0.00626666666667
0.02331488	0.002764977	0.0444566666667	0.00583333333333
0.03020132	0.003678317	0.0405555555556	0.00634444444444
0.02121574	0.00557047	0.0444111111111	0.00578888888889
0.03580145	0.003110353	0.0444733333333	0.00596666666667
0.02729947	0.00367772	0.0413433333333	0.00636666666667
0.0216503	0.003675208	0.0394666666667	0.00553333333333
0.02157374	0.004419989	0.0388333333333	0.00616666666667
0.0273288	0.003633037	0.0436777777778	0.00622222222222
0.02180517	0.003455169	0.0429111111111	0.00548888888889
0.02863658	0.002454071	0.0436133333333	0.00556666666667
0.02431317	0.00578213	0.0445	0.0058
0.02922759	0.005516795	0.0383	0.006
0.01997987	0.004516245	0.0443111111111	0.00608888888889
0.02163122	0.00148657	0.0420666666667	0.00543333333333
0.02108229	0.004285647	0.0382333333333	0.00596666666667
0.02900621	0.002626353	0.0386444444444	0.00565555555556
0.02255972	0.004427803	0.0410822222222	0.00637777777778
0.02020928	0.003471382	0.0388288888889	0.00561111111111
0.02094178	0.002956015	0.0445488888889	0.00601111111111
0.01719675	0.007890564	0.0430222222222	0.00547777777778
0.0197433	0.003735367	0.0423333333333	0.00636666666667
0.02309745	0.003960135	0.0440777777778	0.00562222222222
0.01692476	0.005694557	0.0396511111111	0.00548888888889
0.01451821	0.003275769	0.0388888888889	0.00621111111111
0.01336423	0.003967069	0.0414888888889	0.00541111111111
0.0236018	0.004620833	0.0415111111111	0.00638888888889
0.0295765	0.002853916	0.0421222222222	0.00637777777778
0.02284239	0.005298424	0.0406577777778	0.00542222222222
0.02399373	0.001907413	0.044	0.0062
0.01557281	0.004843821	0.0424666666667	0.00543333333333
0.02352369	0.001592586	0.0445555555556	0.00604444444444
0.02049502	0.005737955	0.0438666666667	0.00623333333333
0.02295711	0.003589934	0.0382666666667	0.00573333333333
0.02768943	0.003174047	0.0444111111111	0.00568888888889
0.02324837	0.001623497	0.0430333333333	0.00546666666667
0.02961219	0.002480398	0.0434888888889	0.00551111111111
0.01997612	0.00596927	0.0437555555556	0.00554444444444
0.02908561	0.003729925	0.0429555555556	0.00634444444444
0.02278886	0.005312804	0.03937	0.0063
0.01909122	0.003903197	0.0389555555556	0.00624444444444
0.02964325	0.003895029	0.0447555555556	0.00594444444444
0.02526154	0.003372636	0.0424777777778	0.00542222222222
0.02701684	0.002953181	0.0435488888889	0.00551111111111
0.02522437	0.001999369	0.0447555555556	0.00584444444444
0.0194583	0.003571802	0.04414	0.0062
0.02193226	0.004328867	0.038	0.0059
0.02008067	0.00197827	0.038	0.0059
0.02603187	0.004473759	0.0393	0.0055
0.01972766	0.005716998	0.0412088888889	0.00641111111111
0.01567779	0.001962219	0.0379855555556	0.00594444444444
0.02196487	0.00474107	0.0424511111111	0.00638888888889
0.02003967	0.004763324	0.0424888888889	0.00541111111111
0.02299517	0.002509042	0.0399333333333	0.00636666666667
0.02257591	0.004637716	0.0429033333333	0.00636666666667
0.02125234	0.003616878	0.0435111111111	0.00548888888889
0.02591459	0.00396313	0.0434177777778	0.00632222222222
0.02125071	0.005268322	0.04237	0.0064
0.02312951	0.004628917	0.0404	0.0054
0.0278375	0.005454605	0.0404	0.0064
0.02401834	0.003360686	0.0380555555556	0.00574444444444
0.02019475	0.002977062	0.0446977777778	0.00572222222222
0.02145505	0.004035079	0.0418222222222	0.00537777777778
0.02157794	0.003346326	0.0425	0.0064
0.02188313	0.003726837	0.0437	0.0055
0.02431116	0.005445791	0.0422888888889	0.00641111111111
0.01137475	0.003706342	0.0382555555556	0.00614444444444
0.02178326	0.005216205	0.0378577777778	0.00592222222222
0.0283644	0.003956445	0.0446222222222	0.00567777777778
0.02246383	0.004622495	0.0378911111111	0.00598888888889
0.02091403	0.004169753	0.0378888888889	0.00581111111111
0.02203739	0.003785722	0.0414333333333	0.00536666666667
0.02251121	0.005131577	0.0379555555556	0.00604444444444
0.02062638	0.00329321	0.0406222222222	0.00537777777778
0.02264309	0.005759522	0.0447777777778	0.00572222222222
0.01989147	0.003290144	0.0441555555556	0.00624444444444
0.009932542	0.004334364	0.0391777777778	0.00632222222222
0.01985126	0.003701459	0.0434444444444	0.00545555555556
0.02312413	0.002627714	0.0384	0.0062
0.02734367	0.005139702	0.0383488888889	0.00561111111111
0.02357547	0.00387361	0.0446666666667	0.00613333333333
0.0222837	0.003473447	0.0448111111111	0.00608888888889
0.02063248	0.004246125	0.0415444444444	0.00535555555556
0.02513723	0.003466429	0.04288	0.0064
0.02087805	0.001935662	0.0450222222222	0.00597777777778
0.02151731	0.003829176	0.0377677777778	0.00582222222222
0.02340555	0.004081805	0.0380222222222	0.00567777777778
0.02076123	0.003046895	0.0376977777778	0.00592222222222
0.02758437	0.003826036	0.0385555555556	0.00554444444444
0.01996656	0.004303103	0.0398	0.0054
0.03054334	0.003485926	0.0443666666667	0.00623333333333
0.02603355	0.003225844	0.0406844444444	0.00535555555556
0.02069218	0.003843238	0.0450422222222	0.00577777777778
0.0208762	0.00357889	0.0389477777778	0.00632222222222
0.02307119	0.003665867	0.0446111111111	0.00618888888889
0.0249933	0.003902176	0.0448266666667	0.00613333333333
0.01907742	0.003459191	0.0376888888889	0.00601111111111
0.03077153	0.002372406	0.0392366666667	0.00543333333333
0.02376211	0.004022971	0.0448666666667	0.00613333333333
0.02108193	0.004169245	0.0442477777778	0.00552222222222
0.02304145	0.00293852	0.0375933333333	0.00586666666667
0.02999826	0.002855561	0.0430888888889	0.00641111111111
0.02255541	0.005438661	0.0405444444444	0.00645555555556
0.02315194	0.002383584	0.0429777777778	0.00642222222222
0.02030263	0.005238663	0.0383344444444	0.00555555555556
0.02504748	0.00565218	0.0438244444444	0.00545555555556
0.02134253	0.00401449	0.0376666666667	0.00603333333333
0.02414016	0.002608208	0.0375666666667	0.00593333333333
0.03218988	0.003251199	0.0382222222222	0.00557777777778
0.02111377	0.003452851	0.0433	0.0064
0.03298022	0.003060703	0.0452433333333	0.00586666666667
0.02542441	0.004766628	0.0375888888889	0.00581111111111
0.01264152	0.003697131	0.0375666666667	0.00583333333333
0.02428088	0.002976099	0.0384777777778	0.00552222222222
0.01661523	0.002348451	0.0414222222222	0.00647777777778
0.01888772	0.003687243	0.0417222222222	0.00647777777778
0.02535269	0.004072604	0.0392022222222	0.00637777777778
0.02561566	0.003694593	0.0452777777778	0.00592222222222
0.02587818	0.002138005	0.0445244444444	0.00555555555556
0.02411114	0.008284193	0.0375888888889	0.00601111111111
0.02487658	0.003667844	0.0376666666667	0.00573333333333
0.02329563	0.004116159	0.0450888888889	0.00571111111111
0.01769783	0.002539154	0.0384888888889	0.00551111111111
0.02128044	0.004650205	0.0375777777778	0.00602222222222
0.02135328	0.003487913	0.0394888888889	0.00641111111111
0.02555688	0.001718889	0.0424333333333	0.00646666666667
0.01923231	0.003387683	0.0436877777778	0.00542222222222
0.02139119	0.003461957	0.0374666666667	0.00593333333333
0.02538799	0.003787874	0.0422222222222	0.00647777777778
0.02376889	0.002079825	0.0380777777778	0.00622222222222
0.03464113	0.001922179	0.0451777777778	0.00572222222222
0.02167924	0.002460116	0.0398444444444	0.00535555555556
0.02453794	0.005012962	0.0452777777778	0.00602222222222
0.0261136	0.00447466	0.0374444444444	0.00585555555556
0.0210232	0.005297338	0.0382666666667	0.00553333333333
0.01687002	0.002806153	0.0374222222222	0.00587777777778
0.01900824	0.004346724	0.0453111111111	0.00578888888889
0.02115982	0.003925297	0.0426666666667	0.00533333333333
0.02323674	0.002847035	0.0397444444444	0.00535555555556
0.01971804	0.003791705	0.0406888888889	0.00531111111111
0.02157833	0.003202322	0.0434888888889	0.00641111111111
0.01931239	0.002654641	0.0453777777778	0.00582222222222
0.02718115	0.003015468	0.0449933333333	0.00616666666667
0.02289642	0.003255894	0.0454133333333	0.00586666666667
0.02477019	0.004489959	0.0412	0.0065
0.01612968	0.00286973	0.0446555555556	0.00554444444444
0.02924254	0.002987701	0.0442777777778	0.00632222222222
0.02505071	0.005954262	0.0422888888889	0.00531111111111
0.02228909	0.002658679	0.0393622222222	0.00537777777778
0.02333784	0.004513252	0.0451333333333	0.00566666666667
0.02079816	0.004005797	0.0390111111111	0.00638888888889
0.02628205	0.003260086	0.0445111111111	0.00628888888889
0.02463392	0.005138992	0.042	0.0053
0.02271759	0.003059707	0.0382222222222	0.00627777777778
0.01893547	0.006518103	0.0375788888889	0.00611111111111
0.02487868	0.002615059	0.04448	0.0055
0.01598295	0.004685542	0.0432444444444	0.00535555555556
0.02590111	0.003655784	0.0454888888889	0.00591111111111
0.02639474	0.003859615	0.0398666666667	0.00533333333333
0.02775373	0.003545109	0.0446222222222	0.00627777777778
0.02100442	0.006540873	0.0451555555556	0.00614444444444
0.03185025	0.004376303	0.0411088888889	0.00651111111111
0.03054779	0.004608954	0.0443777777778	0.00632222222222
0.02021718	0.005246887	0.03729	0.0059
0.02493295	0.003270583	0.0450311111111	0.00618888888889
0.02755218	0.002403915	0.0438	0.0054
0.02413703	0.00228355	0.0455222222222	0.00587777777778
0.01858866	0.004790202	0.0387777777778	0.00542222222222
0.02396097	0.005066171	0.0400888888889	0.00531111111111
0.02955018	0.003604799	0.0435333333333	0.00536666666667
0.02226133	0.002399259	0.0422111111111	0.00528888888889
0.02225123	0.004518177	0.0416222222222	0.00527777777778
0.02500358	0.002597361	0.0390111111111	0.00538888888889
0.0209339	0.004632864	0.0382	0.0063
0.02454035	0.002965596	0.0446	0.0063
0.01880398	0.004323877	0.0386333333333	0.00636666666667
0.01997498	0.005025552	0.0455111111111	0.00578888888889
0.02386906	0.003206856	0.0399888888889	0.00531111111111
0.0279941	0.004967726	0.0454555555556	0.00574444444444
0.02446819	0.004122347	0.0383077777778	0.00632222222222
0.01833407	0.003204534	0.0375133333333	0.00566666666667
0.01970803	0.006307763	0.0423111111111	0.00528888888889
0.02108844	0.00418442	0.0455888888889	0.00591111111111
0.0237852	0.00419676	0.0397577777778	0.00532222222222
0.02388331	0.002356895	0.0419777777778	0.00652222222222
0.03007968	0.002969437	0.0450222222222	0.00557777777778
0.0212436	0.003389174	0.0372666666667	0.00603333333333
0.02487696	0.003843338	0.0424888888889	0.00651111111111
0.02649831	0.003653496	0.0450888888889	0.00621111111111
0.01864986	0.004387275	0.0375777777778	0.00562222222222
0.0253277	0.004891791	0.0382222222222	0.00547777777778
0.01340026	0.005727392	0.0456222222222	0.00597777777778
0.0188446	0.004583495	0.0383555555556	0.00634444444444
0.02440206	0.003074724	0.0449444444444	0.00625555555556
0.02071828	0.005020033	0.0373711111111	0.00568888888889
0.02414066	0.002104068	0.0456555555556	0.00584444444444
0.02505964	0.003795373	0.0372444444444	0.00605555555556
0.02341456	0.002976016	0.0456666666667	0.00583333333333
0.01945567	0.003426652	0.0374255555556	0.00614444444444
0.02570924	0.00384603	0.0442777777778	0.00542222222222
0.01952016	0.004117765	0.0400311111111	0.00528888888889
0.02034456	0.003706982	0.0383244444444	0.00635555555556
0.02510128	0.003448358	0.0389333333333	0.00536666666667
0.03016159	0.00385889	0.0439777777778	0.00642222222222
0.02295306	0.003154315	0.0408444444444	0.00525555555556
0.02348626	0.004183885	0.0455822222222	0.00607777777778
0.01957526	0.00377499	0.0457222222222	0.00597777777778
0.02542306	0.004280314	0.0456666666667	0.00603333333333
0.02271245	0.001546717	0.0407444444444	0.00525555555556
0.01928709	0.004519023	0.0373555555556	0.00614444444444
0.02248874	0.004326857	0.0454444444444	0.00565555555556
0.01395567	0.003475127	0.0453866666667	0.00563333333333
0.02141108	0.005914626	0.0398188888889	0.00651111111111
0.01872177	0.005042055	0.0390555555556	0.00534444444444
0.02315411	0.005389867	0.0388333333333	0.00536666666667
0.03053315	0.003654131	0.0437555555556	0.00534444444444
0.02663985	0.002985577	0.0451555555556	0.00624444444444
0.02794349	0.005132772	0.0457255555556	0.00604444444444
0.02632066	0.004032679	0.0455244444444	0.00565555555556
0.02147102	0.005638862	0.0448222222222	0.00547777777778
0.02196343	0.003378855	0.0433	0.0053
0.0187199	0.003746343	0.0458	0.0058
0.02489015	0.004115198	0.0451333333333	0.00626666666667
0.02018712	0.004973139	0.0410866666667	0.00523333333333
0.01976414	0.003425365	0.0374777777778	0.00622222222222
0.02597639	0.0049289	0.0418133333333	0.00656666666667
0.01987057	0.004662533	0.0458777777778	0.00592222222222
0.02698676	0.003754677	0.0404555555556	0.00524444444444
0.02394992	0.003323348	0.0423555555556	0.00524444444444
0.0239809	0.003189114	0.0381666666667	0.00543333333333
0.02236371	0.003372811	0.0387555555556	0.00644444444444
0.022871	0.002949781	0.0438333333333	0.00646666666667
0.0192598	0.006478081	0.0396777777778	0.00652222222222
0.02373544	0.002828381	0.0403455555556	0.00524444444444
0.03146156	0.005176805	0.0450911111111	0.00628888888889
0.02981	0.003376649	0.0452444444444	0.00625555555556
0.01934694	0.002961468	0.0438666666667	0.00533333333333
0.02467589	0.00387544	0.0430133333333	0.00526666666667
0.02068559	0.004322597	0.0413777777778	0.00522222222222
0.01926932	0.005082485	0.0371555555556	0.00614444444444
0.02097266	0.003759286	0.0457711111111	0.00608888888889
0.02383337	0.003293316	0.0417777777778	0.00522222222222
0.02315852	0.005581926	0.0408777777778	0.00522222222222
0.02407162	0.001418518	0.0459555555556	0.00594444444444
0.02480215	0.006469677	0.0381222222222	0.00637777777778
0.02413218	0.003953252	0.0369777777778	0.00572222222222
0.020285	0.003358293	0.03768	0.0055
0.01817505	0.004804507	0.0429555555556	0.00654444444444
0.02015857	0.004300952	0.0368411111111	0.00598888888889
0.02262918	0.002386332	0.0368	0.0059
0.02425932	0.003725739	0.0369333333333	0.00606666666667
0.02463985	0.002842093	0.0435288888889	0.00651111111111
0.02713751	0.00456668	0.0414911111111	0.00658888888889
0.02330424	0.004671789	0.0454777777778	0.00622222222222
0.02275207	0.004465102	0.0422422222222	0.00657777777778
0.02597782	0.004271465	0.0369888888889	0.00611111111111
0.01829472	0.002679245	0.0459455555556	0.00604444444444
0.01848141	0.004912047	0.0367777777778	0.00582222222222
0.02960502	0.002347221	0.0460222222222	0.00597777777778
0.02787668	0.003386821	0.0460222222222	0.00597777777778
0.01721197	0.003217994	0.0434777777778	0.00652222222222
0.01571162	0.006355445	0.0380888888889	0.00541111111111
0.03131293	0.00311821	0.0460333333333	0.00596666666667
0.02584142	0.003490415	0.0382111111111	0.00538888888889
0.02254778	0.003152693	0.0406111111111	0.00658888888889
0.01890901	0.001642965	0.0457555555556	0.00564444444444
0.02168505	0.004642888	0.0376111111111	0.00548888888889
0.02213096	0.005815399	0.0383666666667	0.00643333333333
0.02763146	0.003646187	0.0454444444444	0.00625555555556
0.02435121	0.002456439	0.0428666666667	0.00523333333333
0.02820548	0.003633905	0.0447688888889	0.00541111111111
0.01781097	0.002947352	0.0367	0.0059
0.01661145	0.00287047	0.041	0.0066
0.02145434	0.002896491	0.041	0.0052
0.02347854	0.003260295	0.0367222222222	0.00597777777778
0.02715855	0.002814229	0.0419	0.0066
0.02198553	0.004047428	0.0434666666667	0.00653333333333
0.03231248	0.002973609	0.0449333333333	0.00636666666667
0.02005982	0.006267303	0.0391677777778	0.00652222222222
0.03371902	0.004705739	0.0460888888889	0.00581111111111
0.0250459	0.004410262	0.0424888888889	0.00521111111111
0.023047	0.005630097	0.03671	0.0058
0.02487351	0.003920564	0.0376333333333	0.00546666666667
0.02662879	0.005782706	0.0460555555556	0.00604444444444
0.02302421	0.003207403	0.0460555555556	0.00604444444444
0.01624281	0.003484183	0.0447111111111	0.00538888888889
0.02209152	0.004016646	0.0386222222222	0.00647777777778
0.01746729	0.004999738	0.0374111111111	0.00628888888889
0.02116691	0.003532717	0.0459511111111	0.00568888888889
0.02167405	0.004862392	0.038	0.0054
0.02216431	0.007490104	0.038	0.0064
0.02490453	0.002457001	0.0440888888889	0.00531111111111
0.036723	0.004101188	0.04237	0.0052
0.02306536	0.002903797	0.0366177777778	0.00592222222222
0.02611559	0.002970889	0.0436333333333	0.00526666666667
0.02423312	0.002337463	0.0366222222222	0.00597777777778
0.01965213	0.002914844	0.0366222222222	0.00597777777778
0.02349108	0.003979513	0.0371333333333	0.00556666666667
0.03430458	0.001926047	0.0447222222222	0.00537777777778
0.02444578	0.001877728	0.0397222222222	0.00657777777778
0.02412642	0.004517708	0.0395333333333	0.00656666666667
0.0194315	0.002016375	0.0441	0.0053
0.02064336	0.005003782	0.0439888888889	0.00651111111111
0.019669	0.004117595	0.0366555555556	0.00604444444444
0.02488978	0.002721773	0.0404888888889	0.00661111111111
0.02289632	0.003342036	0.0385811111111	0.00648888888889
0.01725312	0.003499145	0.04264	0.0066
0.009568316	0.003656653	0.0365511111111	0.00588888888889
0.03033732	0.003309797	0.0444566666667	0.00533333333333
0.01990993	0.002348813	0.0420222222222	0.00517777777778
0.02878305	0.004331634	0.0450777777778	0.00542222222222
0.02198694	0.00381791	0.0434333333333	0.00656666666667
0.02828267	0.005346005	0.0383777777778	0.00532222222222
0.02460694	0.002919586	0.0432777777778	0.00522222222222
0.02123395	0.003507609	0.0446944444444	0.00535555555556
0.02096364	0.004190853	0.0431111111111	0.00658888888889
0.01923787	0.003957507	0.0370555555556	0.00624444444444
0.02897499	0.006425581	0.0380955555556	0.00644444444444
0.02101595	0.005279665	0.0364933333333	0.00596666666667
0.02418768	0.005769533	0.0364666666667	0.00593333333333
0.02229667	0.002932019	0.0462777777778	0.00602222222222
0.01510976	0.00361053	0.0451777777778	0.00542222222222
0.02258161	0.00384592	0.0440777777778	0.00652222222222
0.02125856	0.002712161	0.0387222222222	0.00527777777778
0.02440644	0.00279156	0.0457555555556	0.00554444444444
0.03054964	0.006215932	0.0432511111111	0.00658888888889
0.02215173	0.003813729	0.04306	0.0052
0.01936698	0.005124165	0.0369955555556	0.00624444444444
0.02548278	0.005420012	0.04559	0.0055
0.02970487	0.004046094	0.0390555555556	0.00524444444444
0.02267068	0.004239355	0.0448666666667	0.00643333333333
0.02103546	0.004217335	0.0457333333333	0.00626666666667
0.02278872	0.00351773	0.0457333333333	0.00626666666667
0.02202012	0.003221071	0.0367777777778	0.00562222222222
0.02581458	0.002700536	0.0426222222222	0.00517777777778
0.02109051	0.005192905	0.0451	0.0054
0.03144678	0.004013999	0.04561	0.0063
0.02593098	0.002499533	0.0423333333333	0.00516666666667
0.02739815	0.004089071	0.0409555555556	0.00664444444444
0.02261474	0.001787876	0.0366222222222	0.00567777777778
0.02709229	0.003510133	0.0403666666667	0.00663333333333
0.02526881	0.002454708	0.0433888888889	0.00521111111111
0.02247806	0.0068961	0.0367222222222	0.00617777777778
0.02134743	0.002389796	0.0402333333333	0.00516666666667
0.02989158	0.004191786	0.0425666666667	0.00663333333333
0.0265073	0.004168413	0.04328	0.0066
0.02171681	0.003382708	0.0413555555556	0.00514444444444
0.0191869	0.00224991	0.0396888888889	0.00661111111111
0.02032488	0.001669417	0.0464444444444	0.00595555555556
0.03029749	0.009800512	0.0443888888889	0.00651111111111
0.02224694	0.001996666	0.0363888888889	0.00601111111111
0.02016823	0.004057227	0.0410444444444	0.00665555555556
0.02884094	0.003557685	0.0439655555556	0.00524444444444
0.02732491	0.002558236	0.0459666666667	0.00623333333333
0.02671367	0.004353275	0.0363244444444	0.00595555555556
0.01797582	0.004331276	0.0464888888889	0.00591111111111
0.02105241	0.002313245	0.0403444444444	0.00515555555556
0.0247485	0.004011902	0.0385733333333	0.00526666666667
0.01897006	0.004749053	0.0368555555556	0.00624444444444
0.02635014	0.004401895	0.0407444444444	0.00665555555556
0.02360298	0.002787255	0.0363222222222	0.00597777777778
0.02527699	0.004008881	0.0441455555556	0.00654444444444
0.02216343	0.003808363	0.0451377777778	0.00642222222222
0.03032968	0.002716464	0.0441555555556	0.00654444444444
0.02370629	0.003398138	0.0395111111111	0.00518888888889
0.02258819	0.003356921	0.0367111111111	0.00558888888889
0.02261	0.003136687	0.0431222222222	0.00517777777778
0.01829682	0.003584555	0.0431222222222	0.00517777777778
0.02757689	0.00334062	0.0449444444444	0.00645555555556
0.02184061	0.004271043	0.0462444444444	0.00615555555556
0.02103344	0.003516104	0.0436711111111	0.00658888888889
0.02342753	0.003203378	0.0436888888889	0.00521111111111
0.02000776	0.003429212	0.0362555555556	0.00584444444444
0.02692788	0.00472244	0.0449844444444	0.00645555555556
0.02860327	0.002405407	0.0365777777778	0.00562222222222
0.01968917	0.005001531	0.0420666666667	0.00513333333333
0.02391183	0.003022537	0.0420666666667	0.00513333333333
0.01839454	0.007094917	0.0364	0.0061
0.02412529	0.003414087	0.0452888888889	0.00641111111111
0.02131139	0.005285233	0.0440333333333	0.00656666666667
0.02562255	0.003512502	0.0363244444444	0.00605555555556
0.02807924	0.004356906	0.0430666666667	0.00663333333333
0.02231183	0.003131127	0.0462666666667	0.00563333333333
0.02004261	0.003471001	0.0365577777778	0.00562222222222
0.02442423	0.00282339	0.0399444444444	0.00515555555556
0.02285499	0.006384632	0.0362	0.0059
0.01845565	0.004295183	0.0362	0.0059
0.02591572	0.00345641	0.0362	0.0059
0.02240914	0.003646347	0.0433222222222	0.00517777777778
0.02225631	0.003737964	0.0414022222222	0.00667777777778
0.02716239	0.004464035	0.0414222222222	0.00667777777778
0.02109009	0.004350617	0.0398555555556	0.00664444444444
0.01810733	0.004260937	0.0463555555556	0.00614444444444
0.01849738	0.00279997	0.0361777777778	0.00592222222222
0.02387805	0.004090588	0.0418777777778	0.00512222222222
0.02987114	0.002749035	0.0449222222222	0.00647777777778
0.02208464	0.003248562	0.0427555555556	0.00514444444444
0.02565207	0.00223097	0.0459	0.0063
0.02239756	0.001863737	0.0373111111111	0.00638888888889
0.0271912	0.004691888	0.0432333333333	0.00516666666667
0.02217246	0.003840322	0.0362455555556	0.00604444444444
0.02223105	0.004908629	0.0391888888889	0.00661111111111
0.02322771	0.003198044	0.0361555555556	0.00594444444444
0.0209835	0.005097093	0.0465333333333	0.00606666666667
0.02852666	0.003480909	0.0465555555556	0.00574444444444
0.02726792	0.003160296	0.0452666666667	0.00643333333333
0.02302369	0.001932255	0.0421777777778	0.00512222222222
0.02306199	0.004225136	0.0448888888889	0.00531111111111
0.0285152	0.002483533	0.0422022222222	0.00667777777778
0.02342309	0.001597361	0.0387222222222	0.00657777777778
0.02010683	0.005590071	0.0422222222222	0.00667777777778
0.0209775	0.003778929	0.0405222222222	0.00667777777778
0.01409737	0.006102563	0.0365777777778	0.00622222222222
0.02323889	0.003323609	0.0466222222222	0.00577777777778
0.02426245	0.003023313	0.0398555555556	0.00514444444444
0.02160375	0.002853954	0.0388111111111	0.00658888888889
0.02671443	0.00326899	0.0404222222222	0.00667777777778
0.02226403	0.003442096	0.0400666666667	0.00513333333333
0.0221694	0.002939116	0.0466777777778	0.00582222222222
0.02596703	0.00397954	0.0419111111111	0.00668888888889
0.01891512	0.003401851	0.0395555555556	0.00664444444444
0.01732836	0.00629278	0.0364222222222	0.00617777777778
0.01566945	0.006387558	0.0364222222222	0.00617777777778
0.02143077	0.002533519	0.0451333333333	0.00646666666667
0.02488848	0.005899994	0.0395155555556	0.00664444444444
0.02822462	0.004837909	0.0454888888889	0.00641111111111
0.03014248	0.00388853	0.0461333333333	0.00626666666667
0.01978561	0.003777902	0.0361555555556	0.00604444444444
0.02937921	0.004590626	0.0444444444444	0.00655555555556
0.03317088	0.004657138	0.0456777777778	0.00542222222222
0.0206835	0.002488064	0.0370666666667	0.00543333333333
0.03005884	0.003559961	0.0466444444444	0.00605555555556
0.0281794	0.005050108	0.0456311111111	0.00638888888889
0.02406654	0.005153917	0.0433555555556	0.00664444444444
0.02243482	0.003624495	0.0363044444444	0.00565555555556
0.03178249	0.003466437	0.0431555555556	0.00514444444444
0.02429945	0.002356077	0.0415	0.0051
0.02467284	0.003912463	0.04154	0.0067
0.01839401	0.004256407	0.0363777777778	0.00562222222222
0.02504214	0.005149796	0.0388	0.0052
0.0344117	0.004855369	0.0467444444444	0.00595555555556
0.02150841	0.003544808	0.0426777777778	0.00512222222222
0.01674725	0.003702694	0.0462444444444	0.00555555555556
0.01588136	0.002979374	0.0363888888889	0.00561111111111
0.01784703	0.003179954	0.0365444444444	0.00555555555556
0.03145827	0.004196227	0.0459777777778	0.00632222222222
0.02541744	0.005222903	0.04194	0.0067
0.02350664	0.002156177	0.0395555555556	0.00514444444444
0.02788276	0.004140165	0.0393555555556	0.00664444444444
0.02291324	0.004194137	0.0369555555556	0.00544444444444
0.03149095	0.003623771	0.0452333333333	0.00646666666667
0.02791832	0.002942097	0.0464777777778	0.00562222222222
0.0255113	0.003536393	0.0367	0.0055
0.02146478	0.00493253	0.0361222222222	0.00607777777778
0.02667832	0.006940022	0.0422	0.0067
0.02939823	0.004470109	0.0401688888889	0.00511111111111
0.02593773	0.00413583	0.0394444444444	0.00665555555556
0.02257858	0.00256334	0.0375777777778	0.00532222222222
0.02386482	0.004260894	0.036	0.0058
0.02223511	0.005099567	0.0373555555556	0.00644444444444
0.02210411	0.003919452	0.0383777777778	0.00522222222222
0.02558625	0.002110984	0.0382666666667	0.00523333333333
0.02111373	0.005746433	0.0393555555556	0.00514444444444
0.01887831	0.005392107	0.0386	0.0052
0.02892566	0.004684025	0.04682	0.006
0.0264501	0.003662939	0.0447555555556	0.00654444444444
0.01208731	0.006651924	0.0463244444444	0.00625555555556
0.0261197	0.003791002	0.0365477777778	0.00552222222222
0.02022804	0.005746507	0.0359333333333	0.00596666666667
0.02480122	0.00458462	0.0426	0.0067
0.02711329	0.003288873	0.0372233333333	0.00536666666667
0.0189495	0.003145789	0.0367333333333	0.00546666666667
0.02358566	0.004160129	0.0386511111111	0.00518888888889
0.0163559	0.004233278	0.0363111111111	0.00558888888889
0.0296547	0.001889412	0.0440222222222	0.00517777777778
0.0229309	0.004418385	0.0422888888889	0.00671111111111
0.02517264	0.005429903	0.0458777777778	0.00542222222222
0.02787344	0.003193221	0.0459333333333	0.00636666666667
0.02178441	0.003364619	0.0368666666667	0.00543333333333
0.01573993	0.005584614	0.0437444444444	0.00515555555556
0.02630853	0.005647603	0.0447444444444	0.00655555555556
0.02836741	0.005493834	0.0456066666667	0.00643333333333
0.02424382	0.002713176	0.0448444444444	0.00525555555556
0.02671279	0.00312889	0.0451111111111	0.00528888888889
0.02653103	0.003177037	0.0418777777778	0.00672222222222
0.01868042	0.002867354	0.0463177777778	0.00552222222222
0.02502621	0.003944336	0.0468444444444	0.00575555555556
0.03158733	0.004325106	0.0469333333333	0.00586666666667
0.02023328	0.004247761	0.0393033333333	0.00666666666667
0.01919859	0.003726468	0.0359555555556	0.00574444444444
0.02611329	0.002944082	0.04582	0.0064
0.02337192	0.002919773	0.0386522222222	0.00517777777778
0.02065303	0.007634882	0.0456666666667	0.00643333333333
0.02429513	0.004420325	0.0358444444444	0.00595555555556
0.02308132	0.00190356	0.0466	0.0062
0.02202072	0.005290804	0.0414666666667	0.00673333333333
0.01696234	0.003490238	0.0359888888889	0.00611111111111
0.02728736	0.00561776	0.0464644444444	0.00625555555556
0.01936268	0.003331201	0.0369	0.0054
0.02874664	0.003565904	0.0421333333333	0.00506666666667
0.03072827	0.005207507	0.0406666666667	0.00673333333333
0.02526504	0.004890212	0.0435322222222	0.00667777777778
0.02381033	0.004887902	0.0358555555556	0.00604444444444
0.01691829	0.006215392	0.0364888888889	0.00631111111111
0.023376	0.004370628	0.0359111111111	0.00608888888889
0.02579407	0.005582203	0.0449444444444	0.00655555555556
0.02490032	0.005399942	0.0433911111111	0.00668888888889
0.01789257	0.005813642	0.0371544444444	0.00645555555556
0.02532839	0.002798826	0.0358444444444	0.00605555555556
0.02496848	0.00289723	0.0411555555556	0.00674444444444
0.02492292	0.00161999	0.0427422222222	0.00507777777778
0.02514281	0.002907707	0.0374	0.0053
0.01323996	0.005326739	0.0376266666667	0.00653333333333
0.02209411	0.00454011	0.0465555555556	0.00554444444444
0.02809407	0.0043048	0.0457555555556	0.00644444444444
0.02992201	0.004069866	0.04599	0.0064
0.02724745	0.002581736	0.0442666666667	0.00663333333333
0.03103782	0.002952823	0.0392888888889	0.00511111111111
0.02101101	0.004689064	0.0407155555556	0.00674444444444
0.02449824	0.002400431	0.0372222222222	0.00647777777778
0.01739312	0.003367715	0.0365444444444	0.00545555555556
0.02153025	0.004938334	0.0384666666667	0.00663333333333
0.03175507	0.004365305	0.0468333333333	0.00616666666667
0.01984193	0.005044015	0.0391888888889	0.00511111111111
0.01637455	0.004108782	0.0471155555556	0.00584444444444
0.02861164	0.003475252	0.0450844444444	0.00655555555556
0.02134895	0.004908151	0.0423444444444	0.00505555555556
0.01390809	0.005617857	0.0465111111111	0.00628888888889
0.0258311	0.003712257	0.0417555555556	0.00504444444444
0.02359988	0.006236283	0.03674	0.0054
0.02425875	0.004423499	0.0385444444444	0.00515555555556
0.032596	0.002523756	0.0461777777778	0.00542222222222
0.02215121	0.004145799	0.0382777777778	0.00662222222222
0.0238495	0.004002454	0.0458555555556	0.00644444444444
0.02229699	0.003732887	0.0370666666667	0.00533333333333
0.02160989	0.003732495	0.0470377777778	0.00572222222222
0.02384339	0.002498015	0.0456111111111	0.00648888888889
0.02776743	0.004079028	0.0461	0.0054
0.0248136	0.003760697	0.0437588888889	0.00511111111111
0.01656963	0.003598901	0.0384555555556	0.00664444444444
0.01874122	0.00279868	0.0447111111111	0.00518888888889
0.01997576	0.0027812	0.0370777777778	0.00532222222222
0.01310696	0.003312127	0.0414666666667	0.00503333333333
0.03419183	0.002453741	0.0415466666667	0.00503333333333
0.0234647	0.00719008	0.0450222222222	0.00657777777778
0.02909526	0.002727678	0.0439777777778	0.00512222222222
0.03128935	0.002988465	0.0469333333333	0.00616666666667
0.0227594	0.004244166	0.0360555555556	0.00624444444444
0.01982766	0.003732219	0.0391	0.0051
0.01915975	0.003500734	0.0391	0.0067
0.03002756	0.003207809	0.0469222222222	0.00617777777778
0.02177952	0.002719944	0.0387777777778	0.00512222222222
0.01705799	0.00345132	0.0428344444444	0.00505555555556
0.02193477	0.002309238	0.0375555555556	0.00524444444444
0.01949759	0.002991936	0.0420333333333	0.00676666666667
0.01897168	0.003726181	0.0363333333333	0.00546666666667
0.02272726	0.002783444	0.0356555555556	0.00574444444444
0.02299858	0.002348377	0.0399244444444	0.00505555555556
0.01857664	0.003341398	0.0472111111111	0.00598888888889
0.0263869	0.004304449	0.0406333333333	0.00676666666667
0.01931909	0.002393287	0.0357	0.0061
0.02576268	0.004709123	0.0457977777778	0.00532222222222
0.02268689	0.002840792	0.0443755555556	0.00514444444444
0.02746643	0.004807188	0.0357222222222	0.00567777777778
0.02477178	0.004298091	0.0412277777778	0.00502222222222
0.023276	0.003766979	0.0415777777778	0.00502222222222
0.02195437	0.003572575	0.0432666666667	0.00673333333333
0.01672712	0.006079258	0.0355333333333	0.00596666666667
0.02608359	0.002652348	0.0472888888889	0.00591111111111
0.02430915	0.002221298	0.0436888888889	0.00671111111111
0.02907696	0.004254422	0.0464444444444	0.00635555555556
0.0171257	0.005550718	0.0382355555556	0.00664444444444
0.02636038	0.00406762	0.0367555555556	0.00644444444444
0.02261996	0.002331898	0.0420477777778	0.00502222222222
0.01957564	0.002259807	0.0378888888889	0.00661111111111
0.02259513	0.004011954	0.0396544444444	0.00505555555556
0.02156689	0.003688746	0.0440888888889	0.00511111111111
0.0268412	0.003507926	0.0465666666667	0.00633333333333
0.02494914	0.003453919	0.0472555555556	0.00604444444444
0.02216273	0.004034578	0.0466222222222	0.00547777777778
0.01961464	0.005734432	0.0467777777778	0.00552222222222
0.02975042	0.003501519	0.0472	0.0057
0.02901328	0.002203766	0.0427666666667	0.00503333333333
0.01960418	0.00234894	0.0373555555556	0.00524444444444
0.0208806	0.002818464	0.0390777777778	0.00672222222222
0.01675856	0.002070943	0.0444666666667	0.00513333333333
0.01893257	0.005536583	0.0388888888889	0.00671111111111
0.01889164	0.001814407	0.0359777777778	0.00552222222222
0.02771902	0.004435588	0.0471555555556	0.00614444444444
0.02914637	0.003608277	0.0471977777778	0.00612222222222
0.02291734	0.003304769	0.0406888888889	0.00501111111111
0.0286292	0.005577731	0.0421811111111	0.00678888888889
0.01895159	0.005236381	0.0354133333333	0.00596666666667
0.03098298	0.006090564	0.0447555555556	0.00664444444444
0.02356465	0.004373413	0.0356777777778	0.00562222222222
0.01796244	0.007825328	0.0382333333333	0.00666666666667
0.02256241	0.003247762	0.0453777777778	0.00522222222222
0.02107844	0.0052	0.0354222222222	0.00577777777778
0.02551422	0.003105113	0.0473555555556	0.00604444444444
0.01793647	0.004103402	0.0444577777778	0.00512222222222
0.01113555	0.005908706	0.0474	0.0058
0.03022966	0.004124123	0.04745	0.0059
0.02141406	0.003759454	0.0353555555556	0.00594444444444
0.01994971	0.004075394	0.0431333333333	0.00676666666667
0.02020246	0.004551217	0.0371444444444	0.00525555555556
0.0290599	0.004147702	0.0466444444444	0.00635555555556
0.03755949	0.004765083	0.0474555555556	0.00584444444444
0.02201351	0.003241285	0.0447555555556	0.00514444444444
0.02537454	0.005832906	0.0465111111111	0.00638888888889
0.02492023	0.006150395	0.0473666666667	0.00573333333333
0.01581835	0.003228019	0.0422	0.0068
0.02644424	0.002510871	0.0393555555556	0.00504444444444
0.02290901	0.004144512	0.0472555555556	0.00614444444444
0.02145299	0.003294555	0.0427111111111	0.00678888888889
0.02472868	0.004388289	0.0434844444444	0.00675555555556
0.01980095	0.001556738	0.0356111111111	0.00618888888889
0.02098943	0.001527289	0.0352888888889	0.00591111111111
0.02469186	0.00534197	0.0352888888889	0.00591111111111
0.0229601	0.00320302	0.0474244444444	0.00605555555556
0.01813946	0.005846408	0.0360944444444	0.00635555555556
0.02289689	0.003166603	0.0377333333333	0.00516666666667
0.02772816	0.002166872	0.0474	0.0057
0.02450509	0.005878618	0.0442888888889	0.00671111111111
0.03369408	0.004953591	0.0475333333333	0.00596666666667
0.01969867	0.004450414	0.0369366666667	0.00653333333333
0.0171879	0.005949484	0.0389555555556	0.00674444444444
0.02192055	0.004372501	0.0454	0.0066
0.02466681	0.005741392	0.0432622222222	0.00677777777778
0.02198783	0.003843848	0.0423111111111	0.00498888888889
0.0247461	0.00415382	0.0471777777778	0.00622222222222
0.01638138	0.00294257	0.0353333333333	0.00606666666667
0.01996485	0.002976312	0.0414222222222	0.00497777777778
0.02386695	0.003618066	0.0354644444444	0.00615555555556
0.03138011	0.005213369	0.0452477777778	0.00662222222222
0.03046215	0.003465077	0.0446111111111	0.00668888888889
0.02422892	0.003646049	0.0365777777778	0.00532222222222
0.02866235	0.003393965	0.0449555555556	0.00514444444444
0.01881399	0.005070762	0.0370444444444	0.00655555555556
0.0173372	0.004287994	0.0354555555556	0.00564444444444
0.02658703	0.001921246	0.0365577777778	0.00532222222222
0.0266626	0.004192094	0.0425111111111	0.00498888888889
0.02026398	0.004290522	0.0356444444444	0.00555555555556
0.02760367	0.004788998	0.0458555555556	0.00654444444444
0.0242004	0.00279744	0.0388444444444	0.00505555555556
0.02734606	0.004301541	0.0372511111111	0.00658888888889
0.02286817	0.004963128	0.0421022222222	0.00497777777778
0.0299658	0.003418133	0.0475888888889	0.00581111111111
0.02356578	0.003821618	0.0446888888889	0.00511111111111
0.02866904	0.001977261	0.0464444444444	0.00535555555556
0.02224933	0.0027425	0.0464444444444	0.00535555555556
0.02218779	0.002069144	0.0389555555556	0.00504444444444
0.0186147	0.003594134	0.0398	0.0068
0.02194603	0.004148446	0.0404777777778	0.00682222222222
0.01790155	0.004321654	0.0476111111111	0.00598888888889
0.02364869	0.006006869	0.0414333333333	0.00496666666667
0.02797246	0.004591285	0.0472888888889	0.00621111111111
0.01818218	0.005531985	0.0412666666667	0.00683333333333
0.01573546	0.003877951	0.0358222222222	0.00547777777778
0.01873224	0.005543506	0.0476455555556	0.00594444444444
0.02788293	0.004688516	0.0453777777778	0.00662222222222
0.0329624	0.003302561	0.0418666666667	0.00683333333333
0.02197683	0.003332794	0.0468333333333	0.00636666666667
0.0290192	0.002810434	0.0473111111111	0.00558888888889
0.01962759	0.002464276	0.03966	0.005
0.01630366	0.004732581	0.0428611111111	0.00498888888889
0.03177694	0.004272419	0.0476666666667	0.00593333333333
0.02164282	0.003110365	0.0351288888889	0.00591111111111
0.02485945	0.004403521	0.0408066666667	0.00683333333333
0.0179039	0.003284658	0.0471111111111	0.00628888888889
0.02891961	0.004751883	0.0465666666667	0.00643333333333
0.0306271	0.004875224	0.0407333333333	0.00496666666667
0.02307341	0.004478565	0.0353555555556	0.00564444444444
0.02171639	0.00435928	0.0472444444444	0.00555555555556
0.02772067	0.00323699	0.0476666666667	0.00583333333333
0.02948085	0.004502556	0.0445888888889	0.00671111111111
0.01485121	0.005800366	0.0361111111111	0.00538888888889
0.02445597	0.003551723	0.0477	0.0059
0.01977189	0.003856658	0.0358444444444	0.00545555555556
0.0225019	0.004597588	0.0358444444444	0.00545555555556
0.02696362	0.004488586	0.0469555555556	0.00634444444444
0.02174171	0.002965063	0.0370222222222	0.00657777777778
0.02456629	0.004214479	0.0472444444444	0.00625555555556
0.02438836	0.004249373	0.04627	0.0065
0.02350396	0.003700007	0.0459444444444	0.00655555555556
0.02422864	0.003179987	0.0414555555556	0.00684444444444
0.02185564	0.004310667	0.0474	0.0056
0.02480353	0.002315289	0.0448888888889	0.00511111111111
0.01917007	0.004982898	0.0417555555556	0.00684444444444
0.01985679	0.003416232	0.0351444444444	0.00575555555556
0.02703635	0.002927663	0.0351111111111	0.00578888888889
0.0301979	0.005265267	0.0463	0.0053
0.02381651	0.003750813	0.0476555555556	0.00574444444444
0.02355703	0.004343278	0.0359222222222	0.00637777777778
0.022087	0.003906125	0.0436111111111	0.00678888888889
0.02254475	0.003928568	0.0434	0.005
0.0188338	0.005618097	0.036	0.0064
0.02385553	0.005439872	0.0389777777778	0.00502222222222
0.02173152	0.002785922	0.0445777777778	0.00672222222222
0.02656669	0.002690074	0.0453544444444	0.00515555555556
0.02364709	0.005856355	0.0441844444444	0.00675555555556
0.01856732	0.00473993	0.0477555555556	0.00584444444444
0.02437019	0.002735002	0.0477477777778	0.00582222222222
0.01933026	0.00292031	0.0405555555556	0.00684444444444
0.02374927	0.002692452	0.0471222222222	0.00547777777778
0.01641001	0.003713893	0.0361555555556	0.00644444444444
0.02223677	0.006053132	0.0373133333333	0.00516666666667
0.0239747	0.003062348	0.0400333333333	0.00496666666667
0.0206836	0.003573332	0.0357344444444	0.00545555555556
0.01801055	0.002320511	0.0350222222222	0.00597777777778
0.02792234	0.003568879	0.04748	0.0056
0.02259696	0.003820577	0.0377711111111	0.00668888888889
0.02502808	0.002358564	0.0381177777778	0.00672222222222
0.02808076	0.005525463	0.0418144444444	0.00685555555556
0.01896965	0.002950012	0.0350533333333	0.00576666666667
0.01913589	0.004080124	0.0371777777778	0.00662222222222
0.01940045	0.00151497	0.0402444444444	0.00495555555556
0.02500687	0.002347757	0.0477444444444	0.00605555555556
0.03733098	0.003255068	0.0460366666667	0.00523333333333
0.01441357	0.003207992	0.035	0.006
0.0221832	0.002590332	0.0450888888889	0.00511111111111
0.03415905	0.001901372	0.0477555555556	0.00574444444444
0.02205232	0.002902842	0.0459777777778	0.00522222222222
0.01511743	0.003613949	0.0384355555556	0.00504444444444
0.02803272	0.003757227	0.0459822222222	0.00657777777778
0.0160352	0.003251558	0.0389111111111	0.00678888888889
0.01847729	0.003337549	0.0389111111111	0.00678888888889
0.02618636	0.00245273	0.0401155555556	0.00684444444444
0.02747127	0.002799794	0.0465622222222	0.00647777777778
0.02852383	0.007076903	0.0432777777778	0.00682222222222
0.0252992	0.004736995	0.0405444444444	0.00685555555556
0.03007842	0.002074798	0.0478444444444	0.00585555555556
0.02944834	0.005109453	0.0465111111111	0.00648888888889
0.02142318	0.003174491	0.0475111111111	0.00558888888889
0.03316527	0.00204323	0.0475111111111	0.00558888888889
0.02638531	0.002154624	0.0452222222222	0.00667777777778
0.02187864	0.00726099	0.0468788888889	0.00641111111111
0.02172406	0.003556739	0.0353366666667	0.00623333333333
0.02511525	0.003279194	0.0404444444444	0.00685555555556
0.03006272	0.006519537	0.0478555555556	0.00584444444444
0.01783144	0.003333993	0.0359111111111	0.00538888888889
0.02129067	0.006615839	0.0353555555556	0.00624444444444
0.0245236	0.003040618	0.0382444444444	0.00505555555556
0.02317477	0.002436836	0.0438	0.005
0.02433819	0.00543189	0.0370777777778	0.00662222222222
0.02672475	0.003575628	0.0357888888889	0.00541111111111
0.02193183	0.006933569	0.0357888888889	0.00541111111111
0.02192366	0.001809874	0.0366666666667	0.00523333333333
0.02218837	0.003370096	0.0398555555556	0.00684444444444
0.02002601	0.005792652	0.0455955555556	0.00664444444444
0.0212222	0.005853189	0.0406333333333	0.00686666666667
0.02714916	0.002010921	0.0479155555556	0.00594444444444
0.02614547	0.002726691	0.0358	0.0064
0.02690943	0.004939826	0.0441111111111	0.00678888888889
0.01601538	0.005100034	0.0476933333333	0.00616666666667
0.02310506	0.00301811	0.0414222222222	0.00687777777778
0.01556423	0.004451989	0.0348777777778	0.00582222222222
0.03173395	0.002999418	0.0477888888889	0.00611111111111
0.02583942	0.003736354	0.0475777777778	0.00622222222222
0.01616717	0.002389663	0.0455555555556	0.00514444444444
0.01980314	0.00536328	0.0360633333333	0.00646666666667
0.03415502	0.002675382	0.0433666666667	0.00683333333333
0.02210186	0.003663892	0.0374222222222	0.00667777777778
0.02061234	0.003868477	0.0348555555556	0.00594444444444
0.02099571	0.006068483	0.0457466666667	0.00663333333333
0.03393008	0.005672768	0.0463444444444	0.00525555555556
0.02249839	0.003554461	0.0478666666667	0.00573333333333
0.02586881	0.0036904	0.0452	0.0067
0.02523661	0.003124229	0.0453111111111	0.00668888888889
0.02695725	0.004130311	0.0477444444444	0.00615555555556
0.02333716	0.003660095	0.0477444444444	0.00615555555556
0.03219996	0.003454648	0.0365666666667	0.00523333333333
0.01887333	0.003575543	0.0401966666667	0.00493333333333
0.02211223	0.002880942	0.0429555555556	0.00494444444444
0.02668073	0.003307835	0.0450222222222	0.00507777777778
0.02493432	0.003254629	0.0445333333333	0.00676666666667
0.02542652	0.002820561	0.0478222222222	0.00567777777778
0.01290961	0.003450845	0.0437222222222	0.00497777777778
0.03191419	0.001887606	0.0478888888889	0.00571111111111
0.0186976	0.002829016	0.0394444444444	0.00495555555556
0.01883285	0.003845958	0.0414711111111	0.00688888888889
0.02052517	0.00201704	0.0470222222222	0.00537777777778
0.02847466	0.002407849	0.0443111111111	0.00678888888889
0.0289509	0.001983149	0.0480222222222	0.00587777777778
0.01717706	0.004472263	0.0479555555556	0.00604444444444
0.02436586	0.00425343	0.0479333333333	0.00606666666667
0.02165522	0.004195175	0.0446133333333	0.00676666666667
0.02568725	0.002516744	0.048	0.006
0.03250384	0.004164475	0.0371044444444	0.00665555555556
0.02334011	0.004467416	0.0349	0.0057
0.02092124	0.002511347	0.0349	0.0057
0.03087266	0.00234452	0.0467	0.0053
0.02198579	0.002275729	0.0467	0.0053
0.01447255	0.006679851	0.0395444444444	0.00685555555556
0.0213803	0.002235831	0.0462211111111	0.00658888888889
0.02623518	0.003562767	0.0460888888889	0.00661111111111
0.026715	0.004458352	0.0353111111111	0.00548888888889
0.01784014	0.005632436	0.0351555555556	0.00554444444444
0.01729816	0.005211047	0.0443	0.0068
0.01667714	0.002639205	0.0394355555556	0.00494444444444
0.02624328	0.002862772	0.0347111111111	0.00588888888889
0.02719402	0.005208034	0.0459466666667	0.00663333333333
0.02149311	0.003488635	0.0428222222222	0.00687777777778
0.02139209	0.005074458	0.0461111111111	0.00518888888889
