root_height	pop_size	pi_net	pi_within
0.09636279	0.007711148	0.183588888889	0.00901111111111
0.08107475	0.00608855	0.182311111111	0.00898888888889
0.1020068	0.006876617	0.183444444444	0.00895555555556
0.1099246	0.004325301	0.182166666667	0.00893333333333
0.09986328	0.005184062	0.184266666667	0.00903333333333
0.1073306	0.004705644	0.181477777778	0.00902222222222
0.1023212	0.004510437	0.183777777778	0.00882222222222
0.1239594	0.00695727	0.181166666667	0.00903333333333
0.1086614	0.005866173	0.183077777778	0.00932222222222
0.1057851	0.002800427	0.183204444444	0.00875555555556
0.1138831	0.003181786	0.181911111111	0.00878888888889
0.09784728	0.003285343	0.182975555556	0.00874444444444
0.09792267	0.003984341	0.181955555556	0.00934444444444
0.1013889	0.003991477	0.1826	0.0087
0.1064036	0.003273106	0.185272222222	0.00897777777778
0.1022047	0.004225841	0.1846	0.0093
0.1166451	0.004234015	0.18305	0.0094
0.1029911	0.00401238	0.180646666667	0.00893333333333
0.09564998	0.008061497	0.183731111111	0.00938888888889
0.09645022	0.002798608	0.1852	0.0092
0.08305186	0.004049285	0.182111111111	0.00868888888889
0.1030105	0.003645903	0.180444444444	0.00895555555556
0.1034138	0.004535794	0.182895555556	0.00944444444444
0.09486468	0.007000648	0.184677777778	0.00872222222222
0.1052926	0.003434011	0.180537777778	0.00882222222222
0.1012307	0.004717974	0.180755555556	0.00934444444444
0.101541	0.004149363	0.181	0.0087
0.0979931	0.003378038	0.180666666667	0.00873333333333
0.1050716	0.004177227	0.186255555556	0.00904444444444
0.09469538	0.004584484	0.183444444444	0.00855555555556
0.09317178	0.003634658	0.183155555556	0.00854444444444
0.09902124	0.004939913	0.1804	0.0094
0.1061698	0.004854075	0.179517777778	0.00892222222222
0.09006965	0.006215714	0.186604444444	0.00905555555556
0.1064056	0.004371571	0.182611111111	0.00958888888889
0.09924623	0.004757871	0.180091111111	0.00938888888889
0.1077424	0.007672809	0.184324444444	0.00955555555556
0.1063087	0.004166031	0.184555555556	0.00854444444444
0.06113771	0.01008925	0.180233333333	0.00866666666667
0.1093025	0.005795589	0.180628888889	0.00861111111111
0.1029991	0.003915785	0.186602222222	0.00917777777778
0.09763638	0.003452213	0.186733333333	0.00896666666667
0.09714336	0.005956371	0.183522222222	0.00847777777778
0.1078956	0.004890087	0.185561111111	0.00948888888889
0.1085388	0.003403095	0.186611111111	0.00928888888889
0.1080912	0.002239966	0.182895555556	0.00964444444444
0.09706835	0.005158022	0.180288888889	0.00951111111111
0.07239058	0.005783822	0.183855555556	0.00844444444444
0.09258833	0.005553404	0.186957777778	0.00922222222222
0.09565006	0.002571574	0.181775555556	0.00844444444444
0.1025418	0.00339599	0.182433333333	0.00966666666667
0.09202989	0.005375148	0.182788888889	0.00841111111111
0.1120351	0.003880122	0.186188888889	0.00861111111111
0.1120731	0.003495599	0.187306666667	0.00903333333333
0.08195798	0.008855856	0.178602222222	0.00907777777778
0.1140715	0.004186229	0.179434444444	0.00865555555556
0.09967681	0.003671725	0.178652222222	0.00917777777778
0.09394799	0.006505343	0.178977777778	0.00872222222222
0.1112616	0.005438363	0.182233333333	0.00836666666667
0.1071731	0.008497293	0.179388888889	0.00861111111111
0.1072591	0.002523915	0.185195555556	0.00964444444444
0.09635713	0.003038513	0.183044444444	0.00835555555556
0.1081726	0.005113258	0.18694	0.0094
0.08847584	0.004793021	0.180444444444	0.00845555555556
0.1038823	0.007345761	0.182715555556	0.00974444444444
0.1007592	0.004534053	0.185266666667	0.00843333333333
0.09642519	0.003642625	0.180344444444	0.00845555555556
0.09964075	0.003231623	0.17832	0.0089
0.1039642	0.004306933	0.1875	0.0088
0.09614349	0.006367256	0.185433333333	0.00966666666667
0.09735958	0.003103083	0.180026666667	0.00963333333333
0.09608122	0.005602708	0.1831	0.0083
0.09568805	0.007296203	0.186055555556	0.00844444444444
0.09720308	0.006053233	0.178526666667	0.00943333333333
0.1043738	0.007436313	0.186977777778	0.00952222222222
0.0946148	0.00327633	0.185602222222	0.00837777777778
0.05515207	0.007195711	0.1876	0.0094
0.07129836	0.01191254	0.181988888889	0.00981111111111
0.1240055	0.004634598	0.1881	0.0089
0.08234525	0.002803337	0.179666666667	0.00843333333333
0.1110454	0.004704388	0.179788888889	0.00841111111111
0.1063804	0.004825771	0.187933333333	0.00876666666667
0.09719863	0.004419932	0.17786	0.0088
0.1112806	0.003722136	0.1878	0.0087
0.1043436	0.008314326	0.187033333333	0.00956666666667
0.09813589	0.004533066	0.185	0.0083
0.1041423	0.0054914	0.180037777778	0.00972222222222
0.1016113	0.003683903	0.177788888889	0.00881111111111
0.1026647	0.006307688	0.180602222222	0.00977777777778
0.1060271	0.007826736	0.185513333333	0.00976666666667
0.09881016	0.005635847	0.184633333333	0.00826666666667
0.1111409	0.003926953	0.186833333333	0.00846666666667
0.09620878	0.004256002	0.183217777778	0.00822222222222
0.09259054	0.008908302	0.180922222222	0.00827777777778
0.08646709	0.006345898	0.177651111111	0.00878888888889
0.09416963	0.002668797	0.183488888889	0.00821111111111
0.1010484	0.006861638	0.188477777778	0.00922222222222
0.1121096	0.003598818	0.177311111111	0.00908888888889
0.1249467	0.00612313	0.179188888889	0.00841111111111
0.110098	0.01358983	0.188422222222	0.00927777777778
0.1065116	0.004534149	0.177708888889	0.00871111111111
0.1156199	0.004487254	0.177615555556	0.00874444444444
0.09265726	0.003710139	0.178111111111	0.00858888888889
0.09078262	0.007853579	0.178166666667	0.00953333333333
0.09574314	0.006584541	0.177277777778	0.00922222222222
0.1111665	0.005314891	0.17914	0.0097
0.1089305	0.004603211	0.183488888889	0.00991111111111
0.1065305	0.006207306	0.187725555556	0.00854444444444
0.1150503	0.003661754	0.185633333333	0.00826666666667
0.09394109	0.005795351	0.188777777778	0.00922222222222
0.08342434	0.003830633	0.176993333333	0.00896666666667
0.1082587	0.003655178	0.189011111111	0.00898888888889
0.09941546	0.006026968	0.177088888889	0.00931111111111
0.07631705	0.005268177	0.182124444444	0.00995555555556
0.07963106	0.003570439	0.179133333333	0.00976666666667
0.1055887	0.00527431	0.1806	0.0099
0.1039355	0.007721812	0.176766666667	0.00913333333333
0.09678116	0.006044397	0.180833333333	0.00816666666667
0.1169644	0.005231782	0.188255555556	0.00854444444444
0.1225592	0.003659386	0.181797777778	0.00812222222222
0.08715761	0.005850734	0.184277777778	0.00812222222222
0.1064972	0.004176954	0.181126666667	0.00813333333333
0.09341822	0.008610364	0.188642222222	0.00947777777778
0.0961903	0.00418918	0.189177777778	0.00882222222222
0.09204531	0.003961827	0.177522222222	0.00957777777778
0.1079996	0.00320979	0.188494444444	0.00955555555556
0.09125241	0.005256945	0.187722222222	0.00837777777778
0.1020552	0.003481884	0.181611111111	0.00808888888889
0.1034372	0.003328811	0.179175555556	0.00824444444444
0.1036191	0.005748485	0.180315555556	0.00994444444444
0.1004514	0.004332822	0.176722222222	0.00937777777778
0.09543658	0.00657194	0.177488888889	0.00961111111111
0.1120103	0.003138873	0.1885	0.0096
0.0980937	0.003117893	0.183055555556	0.0100444444444
0.08978007	0.004955073	0.179441111111	0.00818888888889
0.1061942	0.004045481	0.176248888889	0.00911111111111
0.1224362	0.001543235	0.187677777778	0.00832222222222
0.08506857	0.004445025	0.176471111111	0.00938888888889
0.098224	0.003641054	0.182003333333	0.0100666666667
0.1026659	0.004099787	0.18288	0.008
0.1002815	0.002537728	0.189444444444	0.00865555555556
0.09288577	0.008971618	0.1829	0.0101
0.1193786	0.00599042	0.190051111111	0.00908888888889
0.1065685	0.005234729	0.181611111111	0.0100888888889
0.1046081	0.00389483	0.187378888889	0.00821111111111
0.1046021	0.005295602	0.175892222222	0.00917777777778
0.09070853	0.005867234	0.184351111111	0.0100888888889
0.0869677	0.006679572	0.187402222222	0.00987777777778
0.1080968	0.006870474	0.182548888889	0.0101111111111
0.1021033	0.003221906	0.176253333333	0.00866666666667
0.09292315	0.005111441	0.180144444444	0.00805555555556
0.1077566	0.006364495	0.176555555556	0.00954444444444
0.1060785	0.005283857	0.189277777778	0.00852222222222
0.1064561	0.005632548	0.178167777778	0.00822222222222
0.09553097	0.005599682	0.1771	0.0097
0.09965386	0.006039996	0.177433333333	0.00976666666667
0.09142645	0.004349441	0.176	0.0094
0.1017511	0.004375434	0.182635555556	0.0101444444444
0.08921116	0.004269894	0.176578888889	0.00961111111111
0.09089283	0.006501242	0.176644444444	0.00965555555556
0.1015322	0.005707945	0.183477777778	0.00792222222222
0.08719327	0.00445704	0.178588888889	0.00811111111111
0.0977804	0.004533592	0.190555555556	0.00894444444444
0.1109467	0.002155489	0.182088888889	0.00791111111111
0.09443104	0.002336586	0.177533333333	0.00986666666667
0.0936204	0.004665034	0.188577777778	0.00822222222222
0.107954	0.003521529	0.185855555556	0.00794444444444
0.0820789	0.005464912	0.175155555556	0.00884444444444
0.1041564	0.005378295	0.185151111111	0.0101888888889
0.104784	0.004001505	0.190922222222	0.00897777777778
0.09222803	0.007521927	0.175011111111	0.00888888888889
0.1131555	0.003869707	0.190255555556	0.00954444444444
0.09242332	0.007076195	0.183055555556	0.00784444444444
0.08811264	0.005419675	0.177831111111	0.00998888888889
0.09342015	0.0034828	0.181555555556	0.00784444444444
0.09669533	0.009556769	0.17779	0.01
0.0937115	0.004712441	0.175386666667	0.00953333333333
0.1151261	0.006042224	0.191177777778	0.00892222222222
0.1008228	0.005067031	0.176533333333	0.00826666666667
0.1061371	0.00444814	0.187597777778	0.00802222222222
0.1176363	0.006819723	0.183552222222	0.0102777777778
0.09406313	0.009489971	0.190587777778	0.00952222222222
0.1026303	0.005113109	0.175124444444	0.00945555555556
0.1123173	0.00274511	0.191244444444	0.00895555555556
0.07122964	0.006235002	0.174693333333	0.00926666666667
0.08681377	0.004647116	0.187511111111	0.00798888888889
0.1271945	0.003808516	0.179177777778	0.00792222222222
0.1034003	0.00379771	0.191364444444	0.00905555555556
0.1072315	0.003580611	0.188044444444	0.0100555555556
0.10249	0.004975316	0.188397777778	0.0100222222222
0.09976709	0.005043183	0.189606666667	0.00823333333333
0.09265936	0.004047399	0.175122222222	0.00957777777778
0.08545856	0.004620611	0.186622222222	0.00787777777778
0.0960097	0.004590993	0.176562222222	0.00817777777778
0.1102913	0.005292941	0.181433333333	0.00776666666667
0.100261	0.00449753	0.191244444444	0.00865555555556
0.1104119	0.005862902	0.190933333333	0.00956666666667
0.1072525	0.003884225	0.176584444444	0.00815555555556
0.09537519	0.002684422	0.1758	0.0083
0.1129087	0.006402749	0.186733333333	0.00786666666667
0.1031188	0.002312785	0.174215555556	0.00904444444444
0.1066128	0.004026846	0.18029	0.0078
0.1016201	0.00618637	0.174284444444	0.00885555555556
0.1033813	0.00253813	0.189866666667	0.00823333333333
0.0980764	0.004835892	0.177913333333	0.00796666666667
0.1016791	0.005915879	0.183128888889	0.00771111111111
0.08727116	0.004441238	0.189644444444	0.00815555555556
0.09123674	0.004142255	0.174344444444	0.00865555555556
0.09293409	0.006804477	0.180916666667	0.00773333333333
0.07367438	0.006521646	0.176155555556	0.00814444444444
0.08958017	0.005589579	0.180777777778	0.00772222222222
0.08521882	0.004070638	0.177444444444	0.00795555555556
0.08343421	0.005591975	0.173822222222	0.00897777777778
0.1142594	0.00475399	0.182752222222	0.00767777777778
0.08124455	0.004585052	0.173811111111	0.00898888888889
0.09384428	0.004409349	0.187355555556	0.0102444444444
0.09265148	0.004518589	0.174111111111	0.00868888888889
0.05774477	0.00830978	0.181611111111	0.00768888888889
0.09600714	0.005168247	0.177455555556	0.0101444444444
0.1128466	0.005115365	0.192033333333	0.00926666666667
0.09113221	0.00406188	0.177122222222	0.00797777777778
0.1251411	0.006445109	0.190004444444	0.00815555555556
0.1013899	0.006840815	0.176911111111	0.0100888888889
0.1139329	0.003273057	0.173722222222	0.00897777777778
0.09665343	0.005753745	0.185171111111	0.0103888888889
0.1021857	0.00392744	0.188328888889	0.00791111111111
0.09663716	0.006018858	0.174711111111	0.00968888888889
0.1013661	0.004509931	0.1739	0.0094
0.09920183	0.003620809	0.178488888889	0.00781111111111
0.09245126	0.008821597	0.179415555556	0.0103444444444
0.101444	0.005834937	0.173744444444	0.00875555555556
0.1039415	0.004078384	0.176477777778	0.00802222222222
0.06978429	0.007033766	0.1754	0.0082
0.1121582	0.005085631	0.191602222222	0.00847777777778
0.1004183	0.004147301	0.190422222222	0.00817777777778
0.1145016	0.004923358	0.186343333333	0.0103666666667
0.09329855	0.00335537	0.173988888889	0.00951111111111
0.1092124	0.006301433	0.191266666667	0.00973333333333
0.1184201	0.003030577	0.189238888889	0.0101111111111
0.09921202	0.005677401	0.175555555556	0.00814444444444
0.1262521	0.004679559	0.182273333333	0.0104666666667
0.1255062	0.004500635	0.192425555556	0.00884444444444
0.09075951	0.003611162	0.177755555556	0.00784444444444
0.09779597	0.005850868	0.173343333333	0.00906666666667
0.09804933	0.006014207	0.186733333333	0.0103666666667
0.1045092	0.00542948	0.177744444444	0.0102555555556
0.1097104	0.004629654	0.186441111111	0.0103888888889
0.1080854	0.007626715	0.183231111111	0.0104888888889
0.1120076	0.004114668	0.191388888889	0.00831111111111
0.1015636	0.007760811	0.183778888889	0.0105111111111
0.1246535	0.00557602	0.189911111111	0.0100888888889
0.1066957	0.002585403	0.192148888889	0.00851111111111
0.08086211	0.004592867	0.175166666667	0.00813333333333
0.09821957	0.007958266	0.173915555556	0.00964444444444
0.1157202	0.004399273	0.188644444444	0.0102555555556
0.1000476	0.003960531	0.180302222222	0.0104777777778
0.09932178	0.003176535	0.181733333333	0.00756666666667
0.09442447	0.003054797	0.182444444444	0.00755555555556
0.1130785	0.003046537	0.186007777778	0.00762222222222
0.08270683	0.002798193	0.173103333333	0.00876666666667
0.1034625	0.004102543	0.190366666667	0.00803333333333
0.09717351	0.005276604	0.172911111111	0.00898888888889
0.09916364	0.004185944	0.1772	0.0078
0.09376529	0.003891026	0.172802222222	0.00897777777778
0.09649584	0.005853605	0.173533333333	0.00846666666667
0.08622898	0.004254061	0.172788888889	0.00891111111111
0.07215352	0.004941808	0.185533333333	0.00756666666667
0.09116075	0.003649664	0.174716666667	0.00813333333333
0.09270174	0.005263535	0.180233333333	0.00756666666667
0.1100148	0.006292815	0.173197777778	0.00952222222222
0.1239101	0.007444677	0.193244444444	0.00905555555556
0.09892069	0.003746718	0.184477777778	0.00752222222222
0.1076356	0.002081245	0.174155555556	0.00984444444444
0.1053789	0.005232228	0.191473333333	0.00816666666667
0.09742194	0.003610115	0.179622222222	0.00757777777778
0.09197088	0.008867553	0.189614444444	0.00785555555556
0.09906481	0.005382597	0.175793333333	0.0101666666667
0.1228986	0.004600592	0.188744444444	0.00775555555556
0.1043838	0.002514472	0.175544444444	0.00795555555556
0.08496861	0.006234062	0.174251111111	0.00818888888889
0.1045531	0.0037439	0.173428888889	0.00841111111111
0.09787745	0.003456952	0.176477777778	0.00782222222222
0.1079289	0.005441553	0.193377777778	0.00912222222222
0.09498541	0.006609553	0.182918888889	0.0106111111111
0.08053779	0.007550248	0.190966666667	0.00803333333333
0.1053501	0.006251978	0.177471111111	0.0103888888889
0.09675877	0.003081747	0.1765	0.0078
0.08943296	0.00950924	0.172422222222	0.00897777777778
0.09377643	0.004541524	0.18067	0.0075
0.09164708	0.005319683	0.18052	0.0075
0.09335632	0.004919722	0.177522222222	0.00767777777778
0.09472512	0.007098309	0.178044444444	0.0104555555556
0.1225655	0.00452175	0.192077777778	0.00822222222222
0.1016809	0.005665461	0.185581111111	0.0105888888889
0.08252827	0.003278849	0.17356	0.0098
0.095551	0.004173902	0.181944444444	0.00745555555556
0.09180324	0.002429034	0.1729	0.0085
0.09912011	0.005805568	0.178222222222	0.0104777777778
0.1035882	0.003105868	0.186444444444	0.0105555555556
0.08725823	0.004346536	0.190025555556	0.0102444444444
0.1283447	0.003288524	0.193651111111	0.00908888888889
0.08116382	0.007599293	0.193622222222	0.00917777777778
0.07255453	0.006898744	0.172511111111	0.00868888888889
0.09233491	0.003184747	0.188175555556	0.00764444444444
0.1000728	0.004734294	0.193193333333	0.00856666666667
0.09565339	0.00628943	0.172215555556	0.00914444444444
0.09189543	0.003939501	0.176322222222	0.00777777777778
0.09961275	0.005561102	0.185428888889	0.0106111111111
0.09514835	0.005970196	0.192511111111	0.00828888888889
0.08967755	0.00520986	0.173322222222	0.00977777777778
0.1294127	0.005135407	0.192433333333	0.00826666666667
0.1096513	0.005979882	0.189688888889	0.0103111111111
0.09269142	0.007031287	0.172132222222	0.00907777777778
0.1158558	0.004183369	0.193413333333	0.00946666666667
0.1055164	0.003678386	0.1742	0.01
0.09383423	0.006502678	0.181804444444	0.0106555555556
0.1108731	0.006453856	0.193833333333	0.00906666666667
0.09401813	0.007346291	0.172732222222	0.00847777777778
0.0999506	0.005028793	0.180133333333	0.00746666666667
0.09625018	0.003888336	0.172027777778	0.00902222222222
0.1125114	0.003145691	0.177911111111	0.00758888888889
0.0840672	0.005401027	0.171975555556	0.00904444444444
0.08775398	0.004952308	0.186033333333	0.00746666666667
0.07909938	0.006569444	0.184178888889	0.00741111111111
0.1076448	0.003029637	0.1924	0.0082
0.09310746	0.001889658	0.179522222222	0.00747777777778
0.09560711	0.008387152	0.174522222222	0.00797777777778
0.1045374	0.007189525	0.178017777778	0.0105222222222
0.09045912	0.00430839	0.1723	0.0086
0.0899756	0.004914854	0.181711111111	0.0106888888889
0.1050547	0.004625256	0.190017777778	0.0103222222222
0.04563928	0.00602264	0.181911111111	0.00738888888889
0.1129444	0.003609997	0.184051111111	0.00738888888889
0.07855461	0.008887475	0.174412222222	0.00797777777778
0.1091426	0.005962851	0.182268888889	0.0107111111111
0.1052348	0.00419935	0.182122222222	0.00737777777778
0.1225939	0.003761948	0.180562222222	0.0106777777778
0.09484748	0.004706546	0.183793333333	0.00736666666667
0.104926	0.002538676	0.1717	0.009
0.1165031	0.005150776	0.1888	0.0076
0.1117755	0.005250812	0.181122222222	0.00737777777778
0.1098047	0.003789995	0.182744444444	0.00735555555556
0.08855788	0.005140828	0.172394444444	0.00965555555556
0.1009709	0.006057243	0.1736	0.01
0.1040051	0.005967689	0.178251111111	0.0105888888889
0.1014275	0.005273627	0.176743333333	0.0104666666667
0.1065266	0.006424982	0.183755555556	0.00734444444444
0.09741646	0.005120001	0.173705555556	0.00804444444444
0.1169546	0.005520877	0.185488888889	0.0107111111111
0.1010042	0.003691158	0.189515555556	0.00764444444444
0.1227088	0.00444074	0.178875555556	0.00744444444444
0.09079033	0.004274264	0.172433333333	0.00836666666667
0.1081291	0.004243962	0.189555555556	0.00764444444444
0.08746245	0.005578448	0.172857777778	0.00822222222222
0.08718397	0.00463183	0.178755555556	0.00744444444444
0.1246411	0.004858602	0.193475555556	0.00834444444444
0.1040752	0.00459683	0.176255555556	0.00764444444444
0.1216815	0.006826033	0.187235555556	0.0106444444444
0.0981615	0.004963738	0.1718	0.0095
0.09620428	0.006309669	0.190757777778	0.0103222222222
0.1032535	0.004037738	0.173822222222	0.00797777777778
0.1024409	0.003710984	0.188755555556	0.00754444444444
0.1231214	0.004349308	0.184966666667	0.00733333333333
0.08518947	0.005911405	0.171747777778	0.00952222222222
0.1010091	0.002581704	0.1835	0.0073
0.09531621	0.006038704	0.185386666667	0.00733333333333
0.08627204	0.004550086	0.171277777778	0.00892222222222
0.08807717	0.003641486	0.172308888889	0.00831111111111
0.09123204	0.004150402	0.171611111111	0.00948888888889
0.1082391	0.004017953	0.1896	0.0076
0.101017	0.007779795	0.176391111111	0.00758888888889
0.1032338	0.006207751	0.183211111111	0.00728888888889
0.1038209	0.003795945	0.188133333333	0.00746666666667
0.08043061	0.004919414	0.173255555556	0.00804444444444
0.09502393	0.004022462	0.172776666667	0.00993333333333
0.09383641	0.006497699	0.1762	0.0076
0.08035835	0.004064545	0.177522222222	0.00747777777778
0.101149	0.004101311	0.175188888889	0.00771111111111
0.09323038	0.00545912	0.193351111111	0.00818888888889
0.1056809	0.002916557	0.191715555556	0.00784444444444
0.09985201	0.005860432	0.175088888889	0.00771111111111
0.06802103	0.006849406	0.176333333333	0.00756666666667
0.108304	0.006367214	0.183327777778	0.0108222222222
0.0905042	0.005897942	0.17704	0.0075
0.09524487	0.004375657	0.171288888889	0.00941111111111
0.09322681	0.004976291	0.186695555556	0.00734444444444
0.06199069	0.006005896	0.175677777778	0.00762222222222
0.103366	0.00446095	0.171011111111	0.00918888888889
0.09959267	0.005453057	0.171133333333	0.00936666666667
0.08261435	0.005565737	0.190396666667	0.00763333333333
0.1226157	0.004352512	0.194833333333	0.00876666666667
0.1011326	0.002734929	0.184384444444	0.00725555555556
0.09951525	0.003882545	0.179333333333	0.0107666666667
0.09524001	0.005253629	0.171478888889	0.00961111111111
0.08709785	0.007054303	0.1801	0.0108
0.08829044	0.007626902	0.171166666667	0.00863333333333
0.1080237	0.003131477	0.184315555556	0.00724444444444
0.1059669	0.003687922	0.1714	0.0096
0.09702514	0.005509373	0.172844444444	0.0100555555556
0.1070728	0.003473199	0.17468	0.0077
0.08762651	0.005996302	0.171424444444	0.00965555555556
0.09829577	0.004714751	0.1795	0.0108
0.09381415	0.006016763	0.185305555556	0.0108444444444
0.09268824	0.005567963	0.17204	0.0082
0.08848661	0.002947705	0.176633333333	0.00746666666667
0.1179886	0.004488261	0.185144444444	0.0108555555556
0.1050211	0.003896172	0.171022222222	0.00857777777778
0.09834624	0.004218496	0.175097777778	0.00762222222222
0.09333648	0.008260287	0.171866666667	0.00823333333333
0.1174914	0.003815841	0.195088888889	0.00941111111111
0.1295829	0.004775069	0.185564444444	0.0108555555556
0.1024363	0.003593505	0.172311111111	0.00808888888889
0.1013813	0.005171443	0.1872	0.0073
0.09117823	0.004342486	0.173933333333	0.00776666666667
0.09647904	0.006485269	0.177022222222	0.0106777777778
0.09395387	0.003805149	0.183811111111	0.00718888888889
0.1151654	0.003933271	0.175888888889	0.00751111111111
0.1005282	0.005514612	0.171788888889	0.00821111111111
0.09530469	0.007041054	0.170755555556	0.00864444444444
0.1103004	0.004583974	0.195377777778	0.00882222222222
0.111439	0.004144255	0.194488888889	0.00831111111111
0.09811441	0.006903173	0.192066666667	0.0103333333333
0.08934932	0.004223279	0.179435555556	0.00724444444444
0.09297134	0.005979871	0.17044	0.0089
0.08776455	0.006483946	0.191966666667	0.00773333333333
0.1192537	0.00399272	0.193053333333	0.0101666666667
0.07965719	0.005623508	0.185111111111	0.00718888888889
0.1257883	0.004580898	0.187322222222	0.00727777777778
0.1077668	0.005565326	0.183754444444	0.00715555555556
0.1013296	0.003843033	0.17402	0.0077
0.09158178	0.005001276	0.176264444444	0.0106555555556
0.08567644	0.004398495	0.172257777778	0.00802222222222
0.09651131	0.004402591	0.194697777778	0.00832222222222
0.08506489	0.005139613	0.182955555556	0.0109444444444
0.06778238	0.005164746	0.170233333333	0.00896666666667
0.1082474	0.003582574	0.1936	0.008
0.09273112	0.005505416	0.170308888889	0.00881111111111
0.0982532	0.005853383	0.191477777778	0.00762222222222
0.08604736	0.004884404	0.180637777778	0.0109222222222
0.09226228	0.00391954	0.173321111111	0.00778888888889
0.1079774	0.004346729	0.175844444444	0.00745555555556
0.09779072	0.007045383	0.179332222222	0.0108777777778
0.1127809	0.003536233	0.191533333333	0.0104666666667
0.1067654	0.004551602	0.188706666667	0.00733333333333
0.07460363	0.005940124	0.194315555556	0.00814444444444
0.1153359	0.00446798	0.195644444444	0.00935555555556
0.08886223	0.005780648	0.175815555556	0.00744444444444
0.09667762	0.003917257	0.172722222222	0.00787777777778
0.08395117	0.0049723	0.1764	0.0107
0.101512	0.005150761	0.180795555556	0.0109444444444
0.1266828	0.006821971	0.195215555556	0.00844444444444
0.09298581	0.004910291	0.174233333333	0.0104666666667
0.07034482	0.004253262	0.179211111111	0.00718888888889
0.09008749	0.00414086	0.170981111111	0.00978888888889
0.1107841	0.004184362	0.195484444444	0.00955555555556
0.08127507	0.004425322	0.173611111111	0.00768888888889
0.09884213	0.004649823	0.182031111111	0.0109888888889
0.09300031	0.002723366	0.184628888889	0.00711111111111
0.07510213	0.003851879	0.17198	0.0101
0.1078103	0.003818095	0.195062222222	0.00977777777778
0.09736449	0.004859843	0.171211111111	0.00818888888889
0.09312023	0.004647266	0.169966666667	0.00883333333333
0.09201773	0.004853114	0.190366666667	0.00743333333333
0.107934	0.006211586	0.1957	0.0086
0.08592868	0.005498549	0.172066666667	0.0101333333333
0.08740182	0.007606699	0.1749	0.0075
0.09121991	0.005680952	0.172526666667	0.0102333333333
0.09974927	0.006089239	0.170277777778	0.00852222222222
0.09837509	0.008138427	0.170694444444	0.00975555555556
0.09883444	0.003165427	0.182822222222	0.00707777777778
0.101476	0.003928462	0.190655555556	0.0106444444444
0.1009328	0.003020746	0.1808	0.0071
0.1072509	0.005283843	0.172034444444	0.0101555555556
0.09977826	0.006849177	0.174082222222	0.00757777777778
0.07279453	0.007341393	0.17332	0.0104
0.106505	0.004097218	0.170366666667	0.00843333333333
0.0833133	0.005402634	0.172366666667	0.0102333333333
0.08460421	0.006237188	0.176508888889	0.00731111111111
0.09532713	0.004506617	0.182544444444	0.00705555555556
0.1018856	0.005684511	0.184613333333	0.00706666666667
0.09443761	0.004569009	0.169777777778	0.00872222222222
0.1108431	0.005304387	0.181624444444	0.00705555555556
0.08140244	0.003917342	0.171447777778	0.00802222222222
0.09897362	0.004653906	0.176648888889	0.0108111111111
0.08529138	0.006544825	0.170704444444	0.00985555555556
0.1233531	0.009320655	0.194257777778	0.0101222222222
0.1046139	0.004294257	0.190422222222	0.00737777777778
0.09905651	0.006914207	0.177492222222	0.0108777777778
0.08974161	0.003833536	0.170355555556	0.00974444444444
0.1100158	0.002715729	0.179811111111	0.00708888888889
0.08107385	0.006153746	0.1695	0.009
0.09730178	0.00675347	0.185477777778	0.0110222222222
0.0990171	0.002786378	0.169488888889	0.00911111111111
0.1089911	0.006026388	0.194778888889	0.0100111111111
0.101991	0.00503242	0.1964	0.0092
0.06638026	0.009788518	0.169511111111	0.00888888888889
0.1170832	0.005417767	0.196166666667	0.00863333333333
0.1033557	0.003605306	0.173377777778	0.00762222222222
0.09714887	0.003725505	0.171533333333	0.00796666666667
0.1231041	0.004986627	0.196455555556	0.00894444444444
0.1126041	0.002604418	0.187555555556	0.00714444444444
0.1195101	0.004745263	0.196215555556	0.00864444444444
0.1122611	0.003796507	0.181124444444	0.0110555555556
0.09830837	0.006938175	0.170672222222	0.00817777777778
0.09657171	0.003319532	0.169766666667	0.00953333333333
0.0991878	0.003101234	0.1741	0.0075
0.1005165	0.006365641	0.170522222222	0.00987777777778
0.101432	0.004051757	0.173644444444	0.00755555555556
0.1020135	0.004753945	0.172642222222	0.0103777777778
0.08536218	0.006036315	0.181882222222	0.0110777777778
0.1104326	0.004634308	0.193288888889	0.00771111111111
0.09894129	0.003578691	0.186851111111	0.00708888888889
0.1037008	0.005243917	0.187955555556	0.0109444444444
0.1200364	0.003761874	0.185795555556	0.00704444444444
0.1112391	0.007929631	0.1951	0.0081
0.09117406	0.005245908	0.181288888889	0.00701111111111
0.102873	0.004075825	0.185157777778	0.00702222222222
0.100853	0.005559005	0.175166666667	0.0107333333333
0.09769252	0.003085042	0.170122222222	0.00977777777778
0.103326	0.007300943	0.169355555556	0.00874444444444
0.09081443	0.002952721	0.171188888889	0.0101111111111
0.09957808	0.006191883	0.169157777778	0.00912222222222
0.1045365	0.003018767	0.169555555556	0.00854444444444
0.09885237	0.004047803	0.1747	0.0107
0.1194195	0.005495444	0.176588888889	0.00721111111111
0.08440735	0.003968681	0.169166666667	0.00923333333333
0.1138244	0.005534286	0.170455555556	0.00814444444444
0.09989735	0.006911671	0.170311111111	0.00818888888889
0.06966964	0.005847804	0.170877777778	0.00802222222222
0.08448784	0.006246811	0.170877777778	0.00802222222222
0.1016527	0.01056253	0.18108	0.0111
0.09400802	0.004862962	0.169844444444	0.00835555555556
0.09911546	0.0048563	0.17139	0.0102
0.1114843	0.009827419	0.192433333333	0.0105666666667
0.08400484	0.003118326	0.16906	0.0092
0.09922982	0.005210221	0.169425555556	0.00954444444444
0.08502623	0.004182868	0.169844444444	0.00975555555556
0.07290955	0.005313112	0.184133333333	0.00696666666667
0.07003588	0.004791854	0.169633333333	0.00966666666667
0.1004616	0.004714923	0.175895555556	0.00724444444444
0.08682951	0.003225714	0.174966666667	0.00733333333333
0.08538675	0.007915286	0.196855555556	0.00924444444444
0.1213448	0.0056949	0.180111111111	0.0110888888889
0.1011156	0.003240329	0.189688888889	0.00721111111111
0.1125116	0.003924532	0.192311111111	0.00748888888889
0.09307579	0.007044034	0.169033333333	0.00926666666667
0.1038083	0.004042537	0.178327777778	0.0110222222222
0.0940208	0.006093346	0.188011111111	0.00708888888889
0.1045229	0.006377574	0.194778888889	0.00791111111111
0.1118403	0.007369366	0.182285555556	0.0111444444444
0.0988582	0.002942351	0.171252222222	0.00787777777778
0.09869719	0.004743072	0.169026666667	0.00873333333333
0.1204363	0.005659104	0.195355555556	0.0100444444444
0.09655942	0.006167212	0.171904444444	0.0103555555556
0.1250376	0.007128079	0.195922222222	0.00987777777778
0.1007329	0.003561942	0.169444444444	0.00965555555556
0.1152466	0.003593135	0.184315555556	0.00694444444444
0.1249575	0.005426466	0.184345555556	0.0111444444444
0.1002338	0.004549971	0.168918888889	0.00881111111111
0.1051547	0.00350158	0.174868888889	0.00731111111111
0.1081209	0.004850505	0.1733	0.0075
0.0901854	0.005978656	0.1727	0.0105
0.09098851	0.004647017	0.168811111111	0.00908888888889
0.101846	0.002972207	0.171622222222	0.00777777777778
0.09086673	0.004165057	0.172548888889	0.00761111111111
0.08811788	0.005133837	0.189344444444	0.00715555555556
0.08591854	0.005052318	0.169017777778	0.00942222222222
0.09475766	0.004885566	0.169413333333	0.00966666666667
0.09998181	0.005200716	0.181806666667	0.00693333333333
0.0676057	0.007032902	0.186088888889	0.0111111111111
0.09842198	0.00722955	0.185376666667	0.0111333333333
0.09175506	0.00742328	0.16921	0.0085
0.09428236	0.003545624	0.170006666667	0.00993333333333
0.1040427	0.00273911	0.169233333333	0.00846666666667
0.08810186	0.002509738	0.170103333333	0.00996666666667
0.1227669	0.004831097	0.194377777778	0.0103222222222
0.07682954	0.005996469	0.175911111111	0.00718888888889
0.1019038	0.006012423	0.184447777778	0.00692222222222
0.09724086	0.00677363	0.169066666667	0.00853333333333
0.08167306	0.006164898	0.1701	0.0081
0.06308797	0.005394137	0.172431111111	0.00758888888889
0.0831958	0.004751423	0.184322222222	0.0111777777778
0.09170505	0.004853148	0.168788888889	0.00871111111111
0.08861273	0.007461585	0.169993333333	0.00996666666667
0.1007208	0.003740883	0.171688888889	0.00771111111111
0.1055446	0.004657121	0.173355555556	0.00744444444444
0.09017924	0.005345715	0.169355555556	0.00834444444444
0.1008045	0.004534391	0.1929	0.0106
0.09628431	0.003561092	0.181	0.0069
0.1132207	0.003965053	0.176144444444	0.0109555555556
0.08533624	0.002641601	0.170044444444	0.00805555555556
0.08727794	0.004006801	0.171934444444	0.0104555555556
0.09516128	0.004420375	0.170117777778	0.00802222222222
0.06243924	0.005726841	0.192724444444	0.0106555555556
0.08287292	0.007292381	0.191337777778	0.0108222222222
0.1082706	0.003210817	0.181588888889	0.0112111111111
0.04183313	0.006638469	0.1932	0.0106
0.0983146	0.005662414	0.169877777778	0.0100222222222
0.09416954	0.004207317	0.173311111111	0.0106888888889
0.1248794	0.006423649	0.19451	0.0077
0.07990776	0.00530933	0.17095	0.0103
0.09227875	0.00458974	0.168951111111	0.00968888888889
0.1065793	0.009951166	0.197055555556	0.00964444444444
0.1032564	0.004809021	0.17499	0.0072
0.08723705	0.003194324	0.170157777778	0.0101222222222
0.0952276	0.004406567	0.168664444444	0.00955555555556
0.1018557	0.006568154	0.180877777778	0.0112222222222
0.08162308	0.004726687	0.168922222222	0.00837777777778
0.1104753	0.007197254	0.188018888889	0.0111111111111
0.08974056	0.007733141	0.176322222222	0.00707777777778
0.08370762	0.004525915	0.169186666667	0.00983333333333
0.08924953	0.005824718	0.168206666667	0.00903333333333
0.08970754	0.005364539	0.172726666667	0.0106333333333
0.08887663	0.003761312	0.175455555556	0.00714444444444
0.06720995	0.01288542	0.170702222222	0.0102777777778
0.1014114	0.005357913	0.173434444444	0.00735555555556
0.09938178	0.007432792	0.197693333333	0.00926666666667
0.09228293	0.003383202	0.169077777778	0.00982222222222
0.09712503	0.006821509	0.168137777778	0.00922222222222
0.09415768	0.004366489	0.177322222222	0.00697777777778
0.09507987	0.0059497	0.172772222222	0.0106777777778
0.1090135	0.003939965	0.168744444444	0.00835555555556
0.09711047	0.007438996	0.174966666667	0.0109333333333
0.1120962	0.004905851	0.174611111111	0.00718888888889
0.1024152	0.004780693	0.16798	0.009
0.1045964	0.004902725	0.182451111111	0.0112888888889
0.09241298	0.005966664	0.168314444444	0.00955555555556
0.1074639	0.005360269	0.172622222222	0.0106777777778
0.09820141	0.005288458	0.197644444444	0.00855555555556
0.09366541	0.005806672	0.173362222222	0.0107777777778
0.07537367	0.00768614	0.168113333333	0.00866666666667
0.1112054	0.003185555	0.176488888889	0.00701111111111
0.08928563	0.008516147	0.167937777778	0.00932222222222
0.09736157	0.004615132	0.187322222222	0.00687777777778
0.09758283	0.006847592	0.171733333333	0.0105666666667
0.09591105	0.004961316	0.168203333333	0.00956666666667
0.09955642	0.003923388	0.170466666667	0.0103333333333
0.1115338	0.002991705	0.191711111111	0.00718888888889
0.08137701	0.004525737	0.168777777778	0.00822222222222
0.08644094	0.003239314	0.167735555556	0.00904444444444
0.08869242	0.003791963	0.169533333333	0.00796666666667
0.09389526	0.007255758	0.172322222222	0.0106777777778
0.08811582	0.003257816	0.1677	0.009
0.1065855	0.003522689	0.179164444444	0.0112555555556
0.0770498	0.006463332	0.198197777778	0.00922222222222
0.0896849	0.005326518	0.181733333333	0.00676666666667
0.09542728	0.003720821	0.167733333333	0.00926666666667
0.1177797	0.002733482	0.197677777778	0.00842222222222
0.07801981	0.004803836	0.172533333333	0.00736666666667
0.09666768	0.00456773	0.197744444444	0.00965555555556
0.1011769	0.009642376	0.1899	0.0111
0.09587756	0.004994678	0.17044	0.0077
0.09971397	0.005406151	0.180633333333	0.00676666666667
0.09990102	0.004859138	0.174225555556	0.0109444444444
0.1028208	0.00453704	0.197377777778	0.00822222222222
0.09868662	0.00744596	0.198292222222	0.00877777777778
0.09576298	0.004199231	0.1686	0.0099
0.1046519	0.005646184	0.188888888889	0.00691111111111
0.1059999	0.002586659	0.18665	0.0068
0.07335604	0.004250944	0.179822222222	0.00677777777778
0.09690985	0.004201742	0.172577777778	0.00732222222222
0.09459341	0.004835274	0.168344444444	0.00825555555556
0.1233145	0.006041897	0.198246666667	0.00863333333333
0.07382525	0.004049055	0.167415555556	0.00904444444444
0.1038864	0.004923152	0.172236666667	0.0107333333333
0.08632566	0.006255995	0.173025555556	0.0108444444444
0.086125	0.003703131	0.169144444444	0.00795555555556
0.09615349	0.004614639	0.193813333333	0.00736666666667
0.09408458	0.003601403	0.171506666667	0.0106333333333
0.0947922	0.004683385	0.179202222222	0.00677777777778
0.1041728	0.003857588	0.190777777778	0.00702222222222
0.1029354	0.007321027	0.167311111111	0.00908888888889
0.1063095	0.006920302	0.167401111111	0.00878888888889
0.09370312	0.004753768	0.190702222222	0.0110777777778
0.09635977	0.005588979	0.167294444444	0.00905555555556
0.08580828	0.005780035	0.168101111111	0.00978888888889
0.08768089	0.005833343	0.167438888889	0.00871111111111
0.07011287	0.004689132	0.167405555556	0.00874444444444
0.09640886	0.005348637	0.178968888889	0.0113111111111
0.1036413	0.003923117	0.180777777778	0.00672222222222
0.0884497	0.004265795	0.173644444444	0.00715555555556
0.09665462	0.004703762	0.188644444444	0.00685555555556
0.1044506	0.007061031	0.186486666667	0.0113333333333
0.09275529	0.005623221	0.177435555556	0.0112444444444
0.09229659	0.004278774	0.168756666667	0.00803333333333
0.08389161	0.006205089	0.178048888889	0.00681111111111
0.08370788	0.004934259	0.172924444444	0.0108555555556
0.09745141	0.006874498	0.181761111111	0.0113888888889
0.08679177	0.00336201	0.167182222222	0.00897777777778
0.1048822	0.004976597	0.176722222222	0.00687777777778
0.1264838	0.002671413	0.188655555556	0.0112444444444
0.1075882	0.003556495	0.168	0.0098
0.08755967	0.004773015	0.167248888889	0.00931111111111
0.06900304	0.00694249	0.179644444444	0.0113555555556
0.1076688	0.006011343	0.171177777778	0.0106222222222
0.09765866	0.004084627	0.175655555556	0.0111444444444
0.0594276	0.006586991	0.167164444444	0.00925555555556
0.08138198	0.004099554	0.167224444444	0.00935555555556
0.08581557	0.003867668	0.169777777778	0.00772222222222
0.0983154	0.004030291	0.171195555556	0.00744444444444
0.0903653	0.006448214	0.16808	0.0082
0.127416	0.002675981	0.197288888889	0.00801111111111
0.09744973	0.003247806	0.177277777778	0.00682222222222
0.09408725	0.004865425	0.167311111111	0.00858888888889
0.07131788	0.01020412	0.168591111111	0.0100888888889
0.09937471	0.00739172	0.167242222222	0.00947777777778
0.08217485	0.004208383	0.1683	0.01
0.1017235	0.004661896	0.173651111111	0.0109888888889
0.07745184	0.005100494	0.180702222222	0.00667777777778
0.1196593	0.002912393	0.187355555556	0.00674444444444
0.1173768	0.009211263	0.197951111111	0.00988888888889
0.1121509	0.006985258	0.190933333333	0.00696666666667
0.09779307	0.00658413	0.190121111111	0.0111888888889
0.09298886	0.006068429	0.178953333333	0.0113666666667
0.1205641	0.004140782	0.195711111111	0.00758888888889
0.1162243	0.007583118	0.197438888889	0.00801111111111
0.09484739	0.003158026	0.172671111111	0.0108888888889
0.07534302	0.004136816	0.186451111111	0.0113888888889
0.07914121	0.00531003	0.167853333333	0.00986666666667
0.07976381	0.003833987	0.167237777778	0.00852222222222
0.0791923	0.005255996	0.167412222222	0.00967777777778
0.09466487	0.004896932	0.169344444444	0.00775555555556
0.06354011	0.006479559	0.167011111111	0.00868888888889
0.09777425	0.003976887	0.1792	0.0067
0.09343685	0.005408885	0.16699	0.0094
0.08027639	0.008688221	0.193533333333	0.0108666666667
0.1013288	0.006600354	0.179828888889	0.0114111111111
0.07483132	0.007893698	0.172955555556	0.0109444444444
0.08615182	0.008125342	0.167211111111	0.00848888888889
0.09126187	0.00432215	0.166788888889	0.00921111111111
0.1067356	0.005166579	0.188722222222	0.00677777777778
0.09528638	0.003494846	0.189944444444	0.00685555555556
0.0922105	0.005678167	0.170883333333	0.0106666666667
0.08386343	0.006755094	0.166717777778	0.00912222222222
0.1173811	0.005016731	0.187976666667	0.00673333333333
0.109841	0.003541382	0.188822222222	0.00677777777778
0.100146	0.003696598	0.185555555556	0.00664444444444
0.1216819	0.004349634	0.199173333333	0.00926666666667
0.1061538	0.00375059	0.194388888889	0.00731111111111
0.1161791	0.005828757	0.197002222222	0.0102777777778
0.08765544	0.00263852	0.179433333333	0.00666666666667
0.108859	0.00310338	0.171068888889	0.0107111111111
0.1016934	0.003677267	0.171488888889	0.00731111111111
0.102284	0.004318027	0.180055555556	0.00664444444444
0.09652423	0.003227502	0.18748	0.0067
0.1023077	0.005423227	0.172077777778	0.00722222222222
0.09673174	0.004852436	0.175686666667	0.0112333333333
0.09645736	0.006110685	0.180264444444	0.0114555555556
0.08909802	0.007142729	0.1666	0.009
0.1039117	0.004978646	0.198844444444	0.00845555555556
0.125523	0.005893473	0.192344444444	0.0110555555556
0.0950359	0.004384049	0.169133333333	0.0103666666667
0.09973305	0.004082289	0.180888888889	0.00661111111111
0.07659959	0.003160343	0.167331111111	0.00828888888889
0.1113216	0.004234012	0.193266666667	0.00713333333333
0.1139504	0.004679549	0.199378888889	0.00911111111111
0.08511654	0.007049902	0.1834	0.0115
0.08325346	0.005788459	0.166724444444	0.00865555555556
0.08496945	0.004100193	0.168781111111	0.0102888888889
0.09018158	0.004520185	0.166866666667	0.00853333333333
0.08691788	0.004458474	0.167944444444	0.0100555555556
0.08926353	0.003010743	0.166488888889	0.00911111111111
0.08634916	0.003538559	0.174577777778	0.00692222222222
0.08886963	0.004398504	0.167533333333	0.00816666666667
0.1124813	0.003192163	0.197122222222	0.00777777777778
0.09014834	0.003359338	0.182622222222	0.00657777777778
0.08800189	0.00344439	0.1761	0.0068
0.09945859	0.006547253	0.166471111111	0.00918888888889
0.09934091	0.005882315	0.19113	0.0069
0.1205388	0.003539434	0.194364444444	0.00725555555556
0.09565017	0.004616116	0.166744444444	0.00955555555556
0.07871303	0.007720947	0.168322222222	0.00787777777778
0.1106392	0.008415681	0.166467777778	0.00932222222222
0.06555498	0.007256373	0.170601111111	0.00738888888889
0.07466336	0.004990858	0.166566666667	0.00863333333333
0.0836108	0.006344011	0.17182	0.0072
0.09245525	0.004388459	0.178133333333	0.00666666666667
0.08762108	0.003757796	0.168477777778	0.00782222222222
0.1162178	0.005069183	0.1735	0.007
0.0863053	0.00573841	0.166535555556	0.00944444444444
0.06984929	0.006063302	0.1673	0.0082
0.0871052	0.004706067	0.175771111111	0.0112888888889
0.1233648	0.003289355	0.19945	0.0094
0.09420589	0.00520001	0.167644444444	0.00805555555556
0.07819648	0.004589142	0.169666666667	0.00753333333333
0.1161845	0.007106464	0.178345555556	0.0114444444444
0.08748672	0.007326201	0.198597777778	0.00992222222222
0.1134484	0.004562291	0.199655555556	0.00894444444444
0.1028919	0.004578565	0.199044444444	0.00835555555556
0.1032218	0.004768839	0.198633333333	0.00816666666667
0.0991919	0.005009917	0.172411111111	0.0109888888889
0.0935217	0.00364636	0.167377777778	0.00812222222222
0.1192204	0.005173588	0.1971	0.0077
0.08452268	0.005087179	0.1684	0.0078
0.1096668	0.004148036	0.166406666667	0.00863333333333
0.09023852	0.002951178	0.166418888889	0.00861111111111
0.0835638	0.008004039	0.171488888889	0.00721111111111
0.09140777	0.002377692	0.166777777778	0.00972222222222
0.09613816	0.002583048	0.185186666667	0.0115333333333
0.07616469	0.005942302	0.166188888889	0.00921111111111
0.09881343	0.004364645	0.1742	0.0069
0.06412971	0.009334	0.171955555556	0.0109444444444
0.09511068	0.003751627	0.177644444444	0.00665555555556
0.09802713	0.004516895	0.16875	0.0104
0.07201036	0.004486329	0.199788888889	0.00891111111111
0.1018549	0.003791575	0.166436666667	0.00853333333333
0.09443402	0.003649694	0.176377777778	0.00672222222222
0.1061726	0.003856806	0.180735555556	0.00654444444444
0.08224674	0.005427707	0.178502222222	0.0114777777778
0.1230083	0.003439914	0.194633333333	0.0108666666667
0.08435096	0.005329183	0.168177777778	0.00782222222222
0.0713017	0.004843641	0.170333333333	0.00736666666667
0.08227528	0.005001054	0.191166666667	0.00683333333333
0.1102572	0.003343803	0.180355555556	0.00654444444444
0.0881125	0.004195346	0.166033333333	0.00896666666667
0.0978839	0.004141141	0.166077777778	0.00882222222222
0.09036071	0.004297464	0.166182222222	0.00867777777778
0.09679648	0.002956545	0.192366666667	0.00693333333333
0.09449778	0.003172552	0.171103333333	0.0108666666667
0.1013867	0.003561162	0.175111111111	0.00678888888889
0.09871243	0.00312654	0.166155555556	0.00864444444444
0.09168994	0.006884057	0.192444444444	0.0111555555556
0.09208742	0.00566462	0.165937777778	0.00902222222222
0.09342947	0.006896266	0.19998	0.0091
0.1091513	0.007588725	0.183411111111	0.0115888888889
0.09907193	0.004102244	0.169348888889	0.00751111111111
0.09212567	0.006196053	0.167088888889	0.00811111111111
0.0796556	0.00393053	0.167088888889	0.00811111111111
0.08873268	0.005473026	0.171033333333	0.0108666666667
0.09716246	0.005008649	0.170855555556	0.00724444444444
0.08798464	0.00805946	0.169777777778	0.00742222222222
0.1276599	0.003237583	0.198877777778	0.00812222222222
0.08762181	0.007465458	0.184311111111	0.0115888888889
0.0815377	0.004036655	0.166506666667	0.00973333333333
0.1024181	0.001813516	0.178833333333	0.00656666666667
0.1249425	0.007572146	0.200044444444	0.00905555555556
0.13269	0.003813562	0.188377777778	0.00662222222222
0.08717639	0.00431573	0.166108888889	0.00861111111111
0.09154806	0.005988951	0.167122222222	0.00807777777778
0.1001427	0.00418956	0.199988888889	0.00881111111111
0.07438937	0.00212843	0.169268888889	0.00751111111111
0.1105272	0.002896513	0.185777777778	0.00652222222222
0.1114194	0.00542134	0.198493333333	0.00796666666667
0.09386281	0.004803674	0.172433333333	0.0110666666667
0.09464208	0.004190892	0.189711111111	0.00668888888889
0.1149179	0.005022447	0.191388888889	0.00681111111111
0.09351347	0.006987111	0.166233333333	0.00846666666667
0.09888878	0.005548962	0.179777777778	0.00652222222222
0.07912519	0.004888875	0.175633333333	0.0113666666667
0.09465097	0.007783148	0.169751111111	0.0106888888889
0.09960875	0.005150754	0.195235555556	0.0108444444444
0.09233403	0.006497309	0.172924444444	0.00695555555556
0.08572355	0.005404237	0.167715555556	0.0102444444444
0.1082742	0.0051535	0.169455555556	0.00744444444444
0.1012409	0.005076891	0.168485555556	0.0104444444444
0.1049446	0.004144947	0.170066666667	0.00733333333333
0.09350265	0.003483676	0.166534444444	0.00825555555556
0.09156039	0.006795514	0.169466666667	0.00743333333333
0.09981511	0.005761929	0.16716	0.008
0.1265458	0.00414442	0.199433333333	0.00826666666667
0.09705242	0.002898113	0.1744	0.0068
0.06887495	0.005164167	0.1691	0.0075
0.1016437	0.003934494	0.166933333333	0.00806666666667
0.1007172	0.005275489	0.172522222222	0.00697777777778
0.07855934	0.003992267	0.1666	0.0099
0.08890973	0.005283266	0.183464444444	0.00645555555556
0.1058231	0.002886358	0.191907777778	0.00682222222222
0.09692409	0.005514581	0.168846666667	0.00753333333333
0.08146992	0.006420625	0.173866666667	0.00683333333333
0.09103335	0.005314049	0.165694444444	0.00875555555556
0.08478729	0.002953194	0.167833333333	0.00776666666667
0.08619833	0.003967593	0.170781111111	0.00718888888889
0.1096582	0.003438532	0.175933333333	0.00666666666667
0.0583152	0.007164469	0.166004444444	0.00845555555556
0.1077448	0.004115937	0.200328888889	0.00921111111111
0.113486	0.007265379	0.172281111111	0.00698888888889
0.1170995	0.004327802	0.184744444444	0.00645555555556
0.1198872	0.003460961	0.192166666667	0.00683333333333
0.04008699	0.0077136	0.168266666667	0.00763333333333
0.1038384	0.00579932	0.190933333333	0.0113666666667
0.08312239	0.00371621	0.183066666667	0.00643333333333
0.09255365	0.005560591	0.199871111111	0.00838888888889
0.09543186	0.005183117	0.166077777778	0.00972222222222
0.1194562	0.003523098	0.187	0.0065
0.1015592	0.00535731	0.175311111111	0.00668888888889
0.1139655	0.006172161	0.1868	0.0116
0.0965038	0.003570464	0.199636666667	0.00823333333333
0.09699973	0.003917236	0.175051111111	0.0113888888889
0.09077978	0.00392337	0.187877777778	0.00652222222222
0.08243877	0.003951356	0.167432222222	0.0102777777778
0.1204678	0.007904547	0.199122222222	0.0100777777778
0.1351971	0.002302355	0.1972	0.0075
0.0721945	0.007569076	0.166033333333	0.00976666666667
0.09625758	0.003564531	0.166644444444	0.00805555555556
0.1243873	0.003440156	0.199177777778	0.00802222222222
0.1082421	0.003654821	0.176822222222	0.00657777777778
0.08851513	0.006272561	0.1656	0.0086
0.0996272	0.002907934	0.16976	0.0073
0.09700219	0.003286324	0.166144444444	0.00825555555556
0.03700989	0.01051378	0.181233333333	0.0116666666667
0.06566933	0.006788956	0.165408888889	0.00931111111111
0.09464534	0.003261036	0.166344444444	0.00815555555556
0.08957104	0.002917015	0.172083333333	0.00696666666667
0.1054919	0.003303242	0.178822222222	0.00647777777778
0.08259308	0.003793335	0.166314444444	0.00815555555556
0.1316151	0.003569583	0.200203333333	0.00846666666667
0.09960059	0.007169844	0.165688888889	0.00961111111111
0.11075	0.00381035	0.200457777778	0.00942222222222
0.1046134	0.004791621	0.193804444444	0.00695555555556
0.1028548	0.004923902	0.188964444444	0.00655555555556
0.08921407	0.004311991	0.16812	0.0076
0.1178731	0.003746409	0.198077777778	0.0104222222222
0.1048332	0.005421733	0.169955555556	0.00724444444444
0.09300536	0.00545992	0.173055555556	0.00684444444444
0.09566661	0.004790484	0.174357777778	0.00672222222222
0.09234768	0.00560357	0.165233333333	0.00886666666667
0.0884658	0.003467826	0.175345555556	0.00664444444444
0.1132285	0.00751354	0.180113333333	0.0116666666667
0.08737767	0.007552031	0.170911111111	0.00708888888889
0.07593588	0.00392848	0.167538888889	0.00771111111111
0.07805005	0.004369721	0.193955555556	0.0111444444444
0.07746944	0.004412607	0.165544444444	0.00845555555556
0.09458763	0.004584369	0.167755555556	0.00764444444444
0.09933678	0.003272837	0.178935555556	0.00644444444444
0.1097146	0.00510951	0.165555555556	0.00964444444444
0.08430253	0.00473605	0.170188888889	0.0109111111111
0.1122117	0.002236301	0.178895555556	0.00644444444444
0.0872821	0.005254412	0.172411111111	0.00688888888889
0.07840147	0.00464083	0.165905555556	0.00824444444444
0.1244431	0.003553819	0.200706666667	0.00873333333333
0.08847756	0.004856987	0.166125555556	0.00814444444444
0.09359635	0.005351792	0.165166666667	0.00933333333333
0.08201264	0.00497454	0.166577777778	0.0101222222222
0.1028693	0.004911681	0.173082222222	0.0112777777778
0.1021116	0.008602914	0.169095555556	0.0107444444444
0.1134582	0.006444009	0.2009	0.0091
0.09918597	0.003281711	0.186388888889	0.00641111111111
0.07916205	0.005847317	0.172655555556	0.0112444444444
0.09432085	0.006034608	0.165222222222	0.00947777777778
0.1288031	0.005388887	0.20078	0.0087
0.08116228	0.003429553	0.1755	0.0066
0.09780388	0.00384299	0.173655555556	0.00674444444444
0.09400322	0.006939693	0.167644444444	0.0104555555556
0.111555	0.006406137	0.174676666667	0.0114333333333
0.07809741	0.003326406	0.176888888889	0.00651111111111
0.1081313	0.006217707	0.168455555556	0.00744444444444
0.09203209	0.003841766	0.167555555556	0.0104444444444
0.0898818	0.002969909	0.169271111111	0.00728888888889
0.1131276	0.004323946	0.200333333333	0.00976666666667
0.1227884	0.008132869	0.187153333333	0.0116666666667
0.1141779	0.004654354	0.1993	0.0079
0.1258013	0.003634663	0.196533333333	0.00726666666667
0.1075533	0.002225656	0.184464444444	0.00635555555556
0.08478037	0.009696503	0.181196666667	0.0117333333333
0.09526007	0.00403046	0.166755555556	0.0102444444444
0.1077247	0.002757754	0.167311111111	0.00768888888889
0.08516579	0.005414816	0.164877777778	0.00922222222222
0.07719535	0.004511339	0.164922222222	0.00877777777778
0.09581941	0.003636777	0.164911111111	0.00878888888889
0.06176457	0.006334785	0.166167777778	0.00802222222222
0.08890807	0.006281769	0.165855555556	0.00994444444444
0.1132525	0.004971652	0.184555555556	0.00634444444444
0.08978371	0.004227297	0.165888888889	0.00811111111111
0.1108713	0.003722737	0.166366666667	0.00793333333333
0.06766238	0.008056468	0.167277777778	0.0104222222222
0.1265704	0.002923146	0.200144444444	0.00815555555556
0.09164472	0.003345266	0.178388888889	0.00641111111111
0.1259136	0.004047755	0.197744444444	0.00745555555556
0.1074387	0.006397156	0.200442222222	0.00827777777778
0.02622739	0.007259466	0.173641111111	0.0113888888889
0.08395022	0.004495086	0.164711111111	0.00908888888889
0.1068846	0.006590856	0.181877777778	0.00632222222222
0.09102144	0.004187689	0.164755555556	0.00884444444444
0.08270003	0.006196553	0.165611111111	0.00818888888889
0.09981054	0.00260823	0.1998	0.0101
0.0984914	0.006958318	0.167548888889	0.0105111111111
0.08460191	0.004541766	0.177146666667	0.0116333333333
0.07779913	0.004282062	0.164722222222	0.00927777777778
0.1067574	0.005072948	0.199446666667	0.0102333333333
0.131833	0.003923699	0.186733333333	0.00636666666667
0.1062534	0.004423575	0.169322222222	0.0108777777778
0.08462849	0.003940404	0.164611111111	0.00898888888889
0.09403276	0.007605251	0.17476	0.0115
0.07709708	0.004166342	0.165088888889	0.00841111111111
0.08612043	0.003466828	0.165166666667	0.00973333333333
0.1026216	0.009653003	0.19126	0.0115
0.1133311	0.005860952	0.193333333333	0.00676666666667
0.09845928	0.005722944	0.1652	0.0083
0.08027032	0.003787954	0.185388888889	0.00631111111111
0.0989296	0.005921112	0.174688888889	0.0115111111111
0.1005088	0.004704793	0.167588888889	0.00751111111111
0.08170169	0.003246544	0.167066666667	0.00763333333333
0.09292054	0.003263193	0.167777777778	0.0106222222222
0.0736528	0.004670551	0.169122222222	0.0108777777778
0.1037789	0.005946959	0.176277777778	0.0116222222222
0.09880846	0.004864711	0.185728888889	0.00631111111111
0.1052232	0.005856001	0.196893333333	0.0108666666667
0.1069602	0.004003338	0.175333333333	0.0115666666667
0.1037009	0.005094634	0.192922222222	0.0113777777778
0.09640507	0.004449109	0.1691	0.0072
