root_height	pop_size	pi_net	pi_within
0.03325581	0.003954622	0.0712111111111	0.00588888888889
0.04346237	0.003143585	0.0714666666667	0.00593333333333
0.03844014	0.003232575	0.0711977777778	0.00592222222222
0.03793221	0.004849159	0.0712333333333	0.00586666666667
0.03644212	0.002978444	0.0711111111111	0.00588888888889
0.03772455	0.003672182	0.0717222222222	0.00587777777778
0.04087285	0.003476256	0.0714444444444	0.00595555555556
0.03508284	0.005582601	0.0713455555556	0.00584444444444
0.04469174	0.00474312	0.0712444444444	0.00595555555556
0.03954727	0.003406079	0.0712444444444	0.00595555555556
0.03430705	0.003305884	0.0710333333333	0.00586666666667
0.0448129	0.002333364	0.0714666666667	0.00583333333333
0.03760139	0.004140814	0.0710544444444	0.00585555555556
0.03382795	0.002675832	0.0718444444444	0.00585555555556
0.04801773	0.003896199	0.0708866666667	0.00593333333333
0.03761038	0.003481071	0.0709555555556	0.00584444444444
0.03922474	0.002865513	0.0709666666667	0.00583333333333
0.03606497	0.003290006	0.0716888888889	0.00581111111111
0.03791045	0.004440223	0.0718222222222	0.00597777777778
0.03630247	0.004183638	0.07146	0.006
0.03667737	0.003962215	0.0719066666667	0.00583333333333
0.02841516	0.004485297	0.0707655555556	0.00594444444444
0.03371209	0.002485212	0.0720555555556	0.00594444444444
0.04361821	0.002336771	0.0717	0.006
0.03744393	0.002244902	0.0721311111111	0.00588888888889
0.03734704	0.00650727	0.0708133333333	0.00596666666667
0.03038043	0.004826119	0.0714888888889	0.00601111111111
0.03642612	0.004270233	0.0713111111111	0.00578888888889
0.04450527	0.002690349	0.07104	0.0058
0.0384866	0.002967101	0.0721666666667	0.00593333333333
0.02457621	0.003615875	0.0707777777778	0.00582222222222
0.04226102	0.002243143	0.0722111111111	0.00588888888889
0.04675851	0.005597369	0.0714577777778	0.00602222222222
0.04115766	0.003225378	0.0717611111111	0.00578888888889
0.04426477	0.003259799	0.0721444444444	0.00595555555556
0.0415133	0.003571677	0.0711922222222	0.00577777777778
0.03913767	0.003512255	0.0721333333333	0.00596666666667
0.05462575	0.003111727	0.0714666666667	0.00603333333333
0.04135999	0.00424465	0.072	0.0058
0.0395452	0.004031674	0.0723222222222	0.00587777777778
0.04220116	0.00637791	0.0704777777778	0.00592222222222
0.04101916	0.005602792	0.07206	0.0058
0.03843075	0.002939456	0.0707888888889	0.00601111111111
0.04051458	0.002946072	0.0721688888889	0.00581111111111
0.03215242	0.003008114	0.0723466666667	0.00593333333333
0.05039735	0.004693509	0.0712444444444	0.00575555555556
0.04515011	0.003585678	0.0721788888889	0.00581111111111
0.04279166	0.00279869	0.0704555555556	0.00594444444444
0.02776855	0.004121392	0.0723888888889	0.00591111111111
0.03755821	0.003042167	0.0704444444444	0.00585555555556
0.04267575	0.003438428	0.0705888888889	0.00581111111111
0.03937959	0.006140719	0.0709233333333	0.00576666666667
0.03943256	0.002782695	0.0707111111111	0.00578888888889
0.03911308	0.002959276	0.0717444444444	0.00575555555556
0.03662992	0.0027522	0.0708666666667	0.00603333333333
0.04675213	0.004709296	0.0712244444444	0.00605555555556
0.03540451	0.00463305	0.0703666666667	0.00593333333333
0.04137734	0.00272462	0.0711555555556	0.00574444444444
0.0333877	0.004255996	0.0703311111111	0.00588888888889
0.0322153	0.00360829	0.0724622222222	0.00587777777778
0.04265827	0.004450241	0.0721222222222	0.00577777777778
0.03829557	0.004180053	0.0724888888889	0.00591111111111
0.03418666	0.004446207	0.0703833333333	0.00596666666667
0.0366551	0.005937414	0.0725022222222	0.00587777777778
0.03316726	0.004929672	0.0703333333333	0.00596666666667
0.04399499	0.003078679	0.0725155555556	0.00584444444444
0.03700998	0.004982648	0.0704888888889	0.00601111111111
0.03338796	0.004837028	0.0720844444444	0.00575555555556
0.02814443	0.003923947	0.0719744444444	0.00605555555556
0.03958014	0.002489585	0.0724	0.006
0.03940965	0.003719077	0.0720044444444	0.00605555555556
0.04346649	0.004098393	0.0705866666667	0.00603333333333
0.04628789	0.00545655	0.0702444444444	0.00595555555556
0.02735465	0.003389044	0.0702666666667	0.00583333333333
0.04084085	0.004008223	0.0707555555556	0.00574444444444
0.03764151	0.004237239	0.0701777777778	0.00592222222222
0.04035648	0.004789556	0.0725222222222	0.00597777777778
0.03519623	0.002654529	0.0723422222222	0.00577777777778
0.03504541	0.004670498	0.0708333333333	0.00606666666667
0.03970661	0.00268362	0.0726666666667	0.00593333333333
0.0261539	0.005510257	0.0724888888889	0.00601111111111
0.0364449	0.004467426	0.0725888888889	0.00581111111111
0.03765114	0.002740038	0.07138	0.0061
0.03457541	0.004394123	0.0722555555556	0.00574444444444
0.03282948	0.005238945	0.07257	0.0058
0.035812	0.003297459	0.0718688888889	0.00571111111111
0.03601338	0.004653707	0.0701888888889	0.00581111111111
0.04242147	0.008880995	0.0704555555556	0.00604444444444
0.03837845	0.002384529	0.0709111111111	0.00608888888889
0.03384324	0.002762431	0.0704444444444	0.00575555555556
0.03358617	0.004408063	0.0719111111111	0.00608888888889
0.04775105	0.002934098	0.0700333333333	0.00586666666667
0.03852811	0.003119666	0.0700444444444	0.00585555555556
0.03228704	0.003889084	0.07	0.0059
0.03204018	0.00561979	0.0713888888889	0.00611111111111
0.03535328	0.00372641	0.07266	0.0058
0.03887283	0.003069103	0.0711888888889	0.00611111111111
0.04242825	0.003282892	0.0727666666667	0.00583333333333
0.04303959	0.002202518	0.0725333333333	0.00576666666667
0.03565123	0.005025862	0.0710311111111	0.00568888888889
0.04257847	0.003527925	0.0728577777778	0.00592222222222
0.03523847	0.00317032	0.0725666666667	0.00603333333333
0.03097157	0.00454364	0.0723666666667	0.00573333333333
0.04007815	0.002846449	0.0704333333333	0.00606666666667
0.03341524	0.00475457	0.0699555555556	0.00584444444444
0.03271374	0.003086468	0.0707	0.0057
0.03741918	0.004535423	0.0711222222222	0.00567777777778
0.04293566	0.004667088	0.0716777777778	0.00612222222222
0.0396283	0.005327776	0.0708511111111	0.00568888888889
0.03680595	0.002357094	0.0729222222222	0.00587777777778
0.02561279	0.002960387	0.0701333333333	0.00576666666667
0.03296341	0.006138875	0.0729333333333	0.00586666666667
0.04566722	0.003447577	0.0729333333333	0.00586666666667
0.03480991	0.002356241	0.0709622222222	0.00567777777778
0.03519293	0.004647168	0.0728	0.0058
0.04110436	0.002835707	0.0724222222222	0.00607777777778
0.04709206	0.003686377	0.0700111111111	0.00578888888889
0.04316687	0.004214417	0.0716133333333	0.00566666666667
0.03348596	0.005372267	0.0711433333333	0.00566666666667
0.04283681	0.003188132	0.0729444444444	0.00595555555556
0.03647192	0.003003021	0.0717133333333	0.00566666666667
0.03417388	0.004256572	0.0699111111111	0.00598888888889
0.03669243	0.005545624	0.0723888888889	0.00571111111111
0.0445835	0.00402672	0.0723	0.0057
0.04744845	0.005047908	0.0702333333333	0.00606666666667
0.04517888	0.003126469	0.0729111111111	0.00598888888889
0.02963895	0.004917606	0.0730222222222	0.00587777777778
0.03523933	0.007071252	0.0697777777778	0.00592222222222
0.03031548	0.004496424	0.0726555555556	0.00574444444444
0.028663	0.00273619	0.0724311111111	0.00608888888889
0.03815087	0.003259242	0.0713555555556	0.00614444444444
0.04248857	0.004991828	0.0712555555556	0.00614444444444
0.03916091	0.001702284	0.0712444444444	0.00565555555556
0.03424145	0.002162311	0.0706777777778	0.00612222222222
0.03942156	0.001860426	0.0728888888889	0.00601111111111
0.03909366	0.004416886	0.0697555555556	0.00594444444444
0.04033475	0.004403736	0.0723111111111	0.00568888888889
0.04034961	0.006518971	0.0699666666667	0.00603333333333
0.04166903	0.003628661	0.0728922222222	0.00577777777778
0.02409557	0.003869172	0.0731111111111	0.00588888888889
0.03321174	0.003751487	0.0706666666667	0.00613333333333
0.04448572	0.002644506	0.0708444444444	0.00565555555556
0.03392746	0.004771905	0.0698	0.0058
0.03517222	0.002918073	0.0700666666667	0.00573333333333
0.02981829	0.006305118	0.0729888888889	0.00601111111111
0.03674914	0.003686264	0.0696555555556	0.00594444444444
0.02129439	0.007629041	0.0728444444444	0.00605555555556
0.04716664	0.003715279	0.0731444444444	0.00595555555556
0.03224455	0.004184769	0.0696222222222	0.00587777777778
0.04580713	0.004793666	0.0724911111111	0.00568888888889
0.04545515	0.0025179	0.0712866666667	0.00563333333333
0.04159719	0.003044977	0.0728555555556	0.00574444444444
0.0354911	0.005332533	0.0726	0.0057
0.04488859	0.005780827	0.0706444444444	0.00565555555556
0.03763366	0.003251776	0.07262	0.0061
0.03071598	0.005195445	0.0696888888889	0.00581111111111
0.04214682	0.005765648	0.0695955555556	0.00594444444444
0.03687884	0.005569361	0.0725688888889	0.00611111111111
0.03308112	0.005732532	0.0718666666667	0.00563333333333
0.03541878	0.003232943	0.0730888888889	0.00601111111111
0.03304869	0.003579244	0.0697666666667	0.00603333333333
0.03297402	0.00405483	0.0711777777778	0.00562222222222
0.03628974	0.003646062	0.0708333333333	0.00616666666667
0.0402339	0.003693246	0.0710777777778	0.00562222222222
0.03345517	0.003403215	0.0695666666667	0.00583333333333
0.04346664	0.002948053	0.0732888888889	0.00591111111111
0.04496278	0.002211661	0.0730666666667	0.00603333333333
0.04335498	0.003708935	0.0723555555556	0.00614444444444
0.03879532	0.002760399	0.0728777777778	0.00572222222222
0.03246683	0.002398429	0.0695255555556	0.00594444444444
0.02992243	0.003696841	0.0705555555556	0.00564444444444
0.04080609	0.005124923	0.0705555555556	0.00564444444444
0.03978632	0.002956105	0.0704044444444	0.00565555555556
0.03277327	0.004589003	0.0697444444444	0.00575555555556
0.03744816	0.00389368	0.0732666666667	0.00583333333333
0.03803479	0.00497061	0.0732	0.0058
0.03524703	0.005241275	0.0696	0.0058
0.03919304	0.005320385	0.0725333333333	0.00566666666667
0.04212407	0.005288811	0.0729222222222	0.00607777777778
0.03645665	0.005702125	0.0713888888889	0.00561111111111
0.03689686	0.004237548	0.0713888888889	0.00561111111111
0.03009928	0.004634769	0.07	0.0061
0.0365464	0.004198453	0.0733244444444	0.00585555555556
0.04112033	0.002556363	0.0717111111111	0.00618888888889
0.03508755	0.005583165	0.0720222222222	0.00617777777778
0.04227947	0.003957604	0.0733333333333	0.00596666666667
0.03618298	0.003645384	0.0731355555556	0.00604444444444
0.03729328	0.003322715	0.0702555555556	0.00614444444444
0.03522142	0.004095521	0.0695777777778	0.00602222222222
0.02688394	0.003745088	0.0704333333333	0.00616666666667
0.04358496	0.00377721	0.0711	0.0056
0.03493184	0.003829893	0.0694377777778	0.00582222222222
0.03951602	0.003288054	0.0727133333333	0.00566666666667
0.03580409	0.005795414	0.0722422222222	0.00617777777778
0.03159353	0.004014758	0.0702344444444	0.00615555555556
0.04142333	0.004312374	0.0706411111111	0.00618888888889
0.03105842	0.001729668	0.0693555555556	0.00584444444444
0.03831952	0.005173474	0.0698	0.0057
0.04083218	0.003052717	0.0734222222222	0.00597777777778
0.03910357	0.003216004	0.0723777777778	0.00562222222222
0.03211624	0.004220391	0.0711111111111	0.00558888888889
0.02561056	0.004304015	0.0702666666667	0.00563333333333
0.04326017	0.004482711	0.0732444444444	0.00605555555556
0.03931901	0.003221352	0.0721	0.0062
0.02696537	0.003832415	0.0722888888889	0.00561111111111
0.03686476	0.003584506	0.0723111111111	0.00618888888889
0.03091925	0.005035257	0.0708888888889	0.00621111111111
0.04152829	0.005875823	0.0734111111111	0.00578888888889
0.03733739	0.003124572	0.07308	0.0061
0.04792454	0.004767253	0.0708111111111	0.00558888888889
0.03721174	0.003471479	0.0692377777778	0.00592222222222
0.02017092	0.004993333	0.0717022222222	0.00557777777778
0.03015209	0.005249548	0.0735666666667	0.00593333333333
0.03397466	0.005751549	0.0699555555556	0.00614444444444
0.04235296	0.003598696	0.0696188888889	0.00571111111111
0.04632626	0.003356496	0.0698666666667	0.00613333333333
0.03490869	0.001891918	0.0695477777778	0.00572222222222
0.03935934	0.004855391	0.0730888888889	0.00611111111111
0.0428167	0.003476483	0.0734233333333	0.00576666666667
0.04452991	0.002974251	0.0719222222222	0.00557777777778
0.04171907	0.003984003	0.0696888888889	0.00611111111111
0.03341115	0.005229649	0.0708222222222	0.00557777777778
0.03898491	0.003276701	0.0734777777778	0.00602222222222
0.04425448	0.004919282	0.0734777777778	0.00602222222222
0.03409667	0.003152614	0.0711666666667	0.00623333333333
0.03475958	0.003535907	0.0720222222222	0.00557777777778
0.03656869	0.003940725	0.0716666666667	0.00623333333333
0.0400817	0.002828024	0.0710733333333	0.00556666666667
0.03945404	0.005106686	0.0693555555556	0.00604444444444
0.03739039	0.004863432	0.0735222222222	0.00577777777778
0.03937401	0.004035714	0.0696777777778	0.00612222222222
0.03196118	0.003766732	0.0691666666667	0.00583333333333
0.0346527	0.003677281	0.0709333333333	0.00556666666667
0.03761192	0.002652629	0.0728333333333	0.00616666666667
0.03704535	0.002710725	0.0721777777778	0.00622222222222
0.02934694	0.004577068	0.0693555555556	0.00574444444444
0.03959838	0.006254908	0.0723888888889	0.00621111111111
0.03880252	0.005386677	0.0713444444444	0.00555555555556
0.03153046	0.005322313	0.0715555555556	0.00624444444444
0.03627218	0.004780268	0.0715555555556	0.00624444444444
0.03871468	0.002497745	0.0736666666667	0.00583333333333
0.04066508	0.004296652	0.0698444444444	0.00615555555556
0.03854957	0.002783703	0.0692111111111	0.00578888888889
0.03170023	0.004980871	0.0736011111111	0.00578888888889
0.03781578	0.003688741	0.0717555555556	0.00624444444444
0.03999832	0.003474039	0.0710444444444	0.00555555555556
0.02780124	0.004525572	0.0690722222222	0.00587777777778
0.04019567	0.002821573	0.0734666666667	0.00573333333333
0.03397452	0.004667042	0.0732277777778	0.00612222222222
0.04923342	0.007613342	0.0735144444444	0.00605555555556
0.03728543	0.003908548	0.0690555555556	0.00594444444444
0.0318762	0.00364292	0.0690333333333	0.00586666666667
0.03758765	0.002538561	0.0725511111111	0.00558888888889
0.03932993	0.003929763	0.0712444444444	0.00625555555556
0.04360828	0.005132129	0.0696555555556	0.00614444444444
0.03584889	0.002560389	0.0727	0.0056
0.03257524	0.003956693	0.0705333333333	0.00556666666667
0.04177591	0.004553938	0.0693222222222	0.00607777777778
0.04256223	0.003355426	0.0711244444444	0.00625555555556
0.04443103	0.003160089	0.0720555555556	0.00624444444444
0.03378586	0.002927931	0.0717244444444	0.00625555555556
0.0379266	0.00416057	0.0698777777778	0.00562222222222
0.04159734	0.003882892	0.0721155555556	0.00624444444444
0.03295982	0.005284289	0.0708555555556	0.00554444444444
0.04667052	0.003323019	0.07	0.0056
0.02899815	0.006918982	0.0696444444444	0.00615555555556
0.02667017	0.003771661	0.0734088888889	0.00611111111111
0.03596547	0.003583093	0.0689555555556	0.00594444444444
0.04826498	0.001924529	0.0730222222222	0.00617777777778
0.03595403	0.004237904	0.0689455555556	0.00594444444444
0.03362771	0.004188911	0.0738222222222	0.00597777777778
0.03727052	0.005487978	0.0709333333333	0.00626666666667
0.03029139	0.001849736	0.0737622222222	0.00577777777778
0.03488256	0.004372999	0.0739	0.0059
0.04722052	0.00334181	0.0689	0.0059
0.04664113	0.003066126	0.0729	0.0056
0.0361682	0.004022043	0.0739111111111	0.00588888888889
0.04261301	0.002994985	0.0728111111111	0.00558888888889
0.03801335	0.00434104	0.0695555555556	0.00564444444444
0.03911763	0.003603559	0.0702133333333	0.00556666666667
0.04262743	0.002332365	0.0688733333333	0.00586666666667
0.02792942	0.003882712	0.0694455555556	0.00614444444444
0.04706438	0.002814516	0.0734777777778	0.00612222222222
0.03761871	0.003610266	0.0726466666667	0.00623333333333
0.03597126	0.004944947	0.0723555555556	0.00554444444444
0.04216383	0.004626872	0.0723555555556	0.00554444444444
0.01714795	0.003650719	0.0723555555556	0.00554444444444
0.04130563	0.008435503	0.0690555555556	0.00574444444444
0.03472961	0.002317276	0.073	0.0056
0.03959224	0.002631373	0.0700022222222	0.00557777777778
0.04067234	0.002600926	0.0688455555556	0.00594444444444
0.04528372	0.003170791	0.0731777777778	0.00562222222222
0.03883103	0.00291706	0.0718777777778	0.00552222222222
0.04296061	0.003299549	0.0702555555556	0.00624444444444
0.04126318	0.002474274	0.0725555555556	0.00624444444444
0.03714323	0.00261214	0.0739111111111	0.00598888888889
0.03392863	0.002751132	0.0688222222222	0.00587777777778
0.03663051	0.003703263	0.0688444444444	0.00595555555556
0.03244198	0.004480924	0.0699777777778	0.00622222222222
0.02884306	0.007605006	0.0735177777778	0.00612222222222
0.03618617	0.005082843	0.0689111111111	0.00578888888889
0.04023434	0.00321091	0.0695777777778	0.00562222222222
0.04471554	0.002888482	0.0739666666667	0.00583333333333
0.03553276	0.003022193	0.0687888888889	0.00591111111111
0.03814271	0.003939871	0.0700266666667	0.00623333333333
0.04324367	0.004119642	0.0740166666667	0.00593333333333
0.03865269	0.004421443	0.0689555555556	0.00604444444444
0.04052029	0.001915725	0.0735333333333	0.00566666666667
0.02885088	0.003773714	0.0740066666667	0.00583333333333
0.05003199	0.003422017	0.0737311111111	0.00608888888889
0.03768822	0.003703653	0.0687555555556	0.00594444444444
0.03504518	0.004752889	0.0740566666667	0.00593333333333
0.04041229	0.002778349	0.0687777777778	0.00582222222222
0.04648731	0.003913076	0.0734555555556	0.00564444444444
0.04612327	0.005539937	0.07129	0.0055
0.03892819	0.003965989	0.0697111111111	0.00558888888889
0.04551974	0.002926903	0.0726444444444	0.00625555555556
0.03465786	0.002995386	0.0688666666667	0.00603333333333
0.03813723	0.002474468	0.0688666666667	0.00603333333333
0.04332295	0.002899443	0.07112	0.0063
0.05305984	0.004255638	0.0740988888889	0.00591111111111
0.03707598	0.003174643	0.0690111111111	0.00608888888889
0.04265954	0.003775145	0.0740666666667	0.00583333333333
0.03870103	0.003891314	0.0721488888889	0.00551111111111
0.02456388	0.005670888	0.0739733333333	0.00576666666667
0.04367683	0.005468739	0.0708	0.0063
0.04478228	0.002905115	0.0703222222222	0.00627777777778
0.04215258	0.002624414	0.0714111111111	0.00548888888889
0.04163341	0.002889259	0.0723111111111	0.00628888888889
0.0323116	0.00353986	0.0686555555556	0.00594444444444
0.03752567	0.007538946	0.0707	0.0063
0.03831265	0.003715242	0.0741777777778	0.00592222222222
0.04143148	0.005278121	0.0686222222222	0.00587777777778
0.03376386	0.002626443	0.0696277777778	0.00622222222222
0.03692733	0.004507842	0.0688677777778	0.00572222222222
0.03422635	0.003249415	0.0688333333333	0.00606666666667
0.0467941	0.003435878	0.0708788888889	0.00631111111111
0.03548736	0.004286306	0.0685888888889	0.00591111111111
0.03853839	0.003056589	0.0732222222222	0.00557777777778
0.05527966	0.005551566	0.0713777777778	0.00632222222222
0.03991098	0.003640463	0.0742222222222	0.00587777777778
0.04035204	0.005462679	0.0740444444444	0.00605555555556
0.03961007	0.003077592	0.0729555555556	0.00554444444444
0.04119999	0.002510933	0.0731666666667	0.00623333333333
0.03635246	0.003183004	0.0709777777778	0.00632222222222
0.04973074	0.002533292	0.0724	0.0055
0.02950801	0.005984374	0.0699333333333	0.00626666666667
0.04268407	0.003004666	0.0695222222222	0.00557777777778
0.03844142	0.002831458	0.0742444444444	0.00585555555556
0.04132567	0.002424665	0.0742444444444	0.00585555555556
0.03457895	0.003389613	0.0709422222222	0.00547777777778
0.04041045	0.003151335	0.07244	0.0055
0.03971033	0.003037934	0.0742	0.0058
0.04247037	0.005123608	0.0742788888889	0.00591111111111
0.04867885	0.003466298	0.0685233333333	0.00586666666667
0.0382081	0.005419336	0.0740666666667	0.00573333333333
0.0354803	0.00377814	0.0705111111111	0.00548888888889
0.03949736	0.00458974	0.0707677777778	0.00632222222222
0.03078119	0.004957945	0.0685333333333	0.00596666666667
0.0404276	0.003192843	0.0742111111111	0.00578888888889
0.0387097	0.004680313	0.0732666666667	0.00623333333333
0.0469649	0.004088086	0.0684888888889	0.00591111111111
0.04605228	0.004150344	0.0727111111111	0.00628888888889
0.0315879	0.00432725	0.0700888888889	0.00551111111111
0.03656251	0.002753809	0.0717333333333	0.00546666666667
0.04110964	0.003074892	0.0734488888889	0.00621111111111
0.04019285	0.004221568	0.0710333333333	0.00546666666667
0.0367005	0.004244997	0.0688	0.0057
0.03553436	0.006315693	0.0694222222222	0.00557777777778
0.03077555	0.004478937	0.0702	0.0055
0.03787047	0.00254637	0.0694077777778	0.00622222222222
0.03875695	0.003307327	0.0729122222222	0.00627777777778
0.0388042	0.004095255	0.0689444444444	0.00565555555556
0.04408836	0.002788384	0.0731555555556	0.00554444444444
0.0376075	0.00333599	0.0697333333333	0.00626666666667
0.04603675	0.003590873	0.0743333333333	0.00596666666667
0.03689207	0.002108116	0.0713555555556	0.00634444444444
0.03666552	0.005715612	0.0739777777778	0.00612222222222
0.03810732	0.003833605	0.0739777777778	0.00612222222222
0.03579846	0.003013149	0.0688222222222	0.00567777777778
0.02771775	0.002530946	0.0685	0.0058
0.04226402	0.002507637	0.0684444444444	0.00595555555556
0.03687192	0.003636142	0.0742777777778	0.00602222222222
0.02863138	0.00241485	0.0684	0.0059
0.03852646	0.003245029	0.0743666666667	0.00583333333333
0.03695876	0.005254255	0.0742666666667	0.00603333333333
0.03518144	0.004432327	0.0743111111111	0.00578888888889
0.02655339	0.003138423	0.0684888888889	0.00601111111111
0.03805799	0.003498538	0.0726111111111	0.00548888888889
0.03412363	0.005281475	0.0685444444444	0.00575555555556
0.0446885	0.003614815	0.0738333333333	0.00616666666667
0.04092581	0.005879266	0.07	0.0055
0.03196162	0.002741999	0.0735888888889	0.00621111111111
0.04037221	0.004496999	0.0743777777778	0.00582222222222
0.04074543	0.003492671	0.0724777777778	0.00632222222222
0.03372577	0.002212549	0.0708444444444	0.00545555555556
0.04361673	0.002681638	0.0744222222222	0.00587777777778
0.04513305	0.004904781	0.0705333333333	0.00546666666667
0.04294673	0.002076181	0.0742444444444	0.00605555555556
0.03810663	0.006120154	0.06868	0.0057
0.02940822	0.004217025	0.0720344444444	0.00545555555556
0.03403502	0.001691185	0.0740133333333	0.00566666666667
0.03975434	0.002593517	0.0720555555556	0.00634444444444
0.03793673	0.004208186	0.0713444444444	0.00635555555556
0.04977224	0.003692241	0.0743588888889	0.00601111111111
0.0315453	0.004065946	0.0715755555556	0.00544444444444
0.04091135	0.003812518	0.0704266666667	0.00633333333333
0.04247469	0.003970533	0.0702222222222	0.00547777777778
0.03834531	0.002723737	0.0740333333333	0.00566666666667
0.04730325	0.004657484	0.0742222222222	0.00607777777778
0.03917241	0.001847134	0.0687222222222	0.00567777777778
0.02925158	0.003110445	0.0684666666667	0.00603333333333
0.04279934	0.004536938	0.0744111111111	0.00598888888889
0.04122691	0.004252813	0.0744555555556	0.00594444444444
0.04531093	0.004625629	0.0703866666667	0.00633333333333
0.04162028	0.005051777	0.0703866666667	0.00633333333333
0.04605519	0.003615991	0.0684	0.0058
0.03851106	0.004413476	0.0685888888889	0.00571111111111
0.04454397	0.00571754	0.0734555555556	0.00624444444444
0.0385208	0.00264785	0.0699911111111	0.00548888888889
0.05199213	0.00380592	0.0736888888889	0.00621111111111
0.03568656	0.003863015	0.0691777777778	0.00622222222222
0.03761536	0.004390485	0.0683066666667	0.00593333333333
0.03923918	0.005766175	0.0702666666667	0.00633333333333
0.03683545	0.004106156	0.0696888888889	0.00551111111111
0.02855585	0.003718305	0.0698	0.0055
0.03555438	0.00251959	0.0740555555556	0.00614444444444
0.03332068	0.003192228	0.0704555555556	0.00634444444444
0.03324746	0.003464674	0.0702333333333	0.00546666666667
0.03768256	0.002477604	0.0744222222222	0.00577777777778
0.02911413	0.003744779	0.0711666666667	0.00543333333333
0.04148702	0.003241776	0.0743555555556	0.00574444444444
0.04597136	0.004095472	0.0742711111111	0.00608888888889
0.01508847	0.005654251	0.0721555555556	0.00544444444444
0.03857937	0.00445037	0.0717666666667	0.00543333333333
0.03797114	0.00470891	0.0683111111111	0.00598888888889
0.05185707	0.003827478	0.0731888888889	0.00551111111111
0.03649499	0.004147226	0.0682666666667	0.00583333333333
0.04410716	0.004378713	0.0722555555556	0.00544444444444
0.04509179	0.001824726	0.0708666666667	0.00543333333333
0.03830094	0.003793629	0.0744888888889	0.00601111111111
0.0384702	0.003164908	0.0682466666667	0.00583333333333
0.03767805	0.004971451	0.0707733333333	0.00636666666667
0.03900483	0.005331079	0.06892	0.0062
0.04230003	0.002832217	0.0713222222222	0.00637777777778
0.04130124	0.003483206	0.06964	0.0055
0.04137737	0.001779822	0.0717222222222	0.00637777777778
0.04566195	0.003490624	0.0724444444444	0.00635555555556
0.04571469	0.004364002	0.0705866666667	0.00543333333333
0.03855971	0.003386993	0.0697111111111	0.00548888888889
0.03939704	0.004457229	0.0685666666667	0.00613333333333
0.04987552	0.003115135	0.0734222222222	0.00627777777778
0.03434396	0.004110736	0.0696888888889	0.00631111111111
0.04376059	0.00481919	0.0719777777778	0.00542222222222
0.03385486	0.003650317	0.0728666666667	0.00633333333333
0.03770772	0.004498054	0.0699333333333	0.00546666666667
0.03709941	0.005376066	0.0692666666667	0.00553333333333
0.0476024	0.002139134	0.0737666666667	0.00623333333333
0.04709488	0.005961423	0.0731488888889	0.00631111111111
0.04144226	0.004145253	0.07466	0.0059
0.04574019	0.004621056	0.0697677777778	0.00632222222222
0.03008497	0.00473185	0.0746222222222	0.00597777777778
0.0391263	0.004354135	0.0744111111111	0.00608888888889
0.04114437	0.005778103	0.0744111111111	0.00608888888889
0.04419632	0.005110966	0.0746111111111	0.00598888888889
0.04101379	0.002565658	0.0723666666667	0.00543333333333
0.04152465	0.00419157	0.0711111111111	0.00638888888889
0.02806745	0.003274576	0.0689222222222	0.00557777777778
0.0247292	0.003741448	0.0691344444444	0.00625555555556
0.03514336	0.001638017	0.0745666666667	0.00603333333333
0.0443313	0.00599144	0.0741666666667	0.00563333333333
0.0445444	0.002369113	0.0681	0.0059
0.04578077	0.004311231	0.0709111111111	0.00638888888889
0.03562749	0.004089693	0.0740888888889	0.00561111111111
0.04526927	0.007306799	0.0696677777778	0.00632222222222
0.0455072	0.003356347	0.0739222222222	0.00557777777778
0.03094807	0.00460541	0.0739888888889	0.00621111111111
0.04020379	0.007593918	0.0725433333333	0.00636666666667
0.0411586	0.004796272	0.0720111111111	0.00638888888889
0.03105438	0.003865864	0.0692222222222	0.00627777777778
0.04028366	0.002703361	0.0693111111111	0.00628888888889
0.03748789	0.004411776	0.0737444444444	0.00625555555556
0.03423095	0.00364662	0.0690555555556	0.00554444444444
0.03615695	0.003372222	0.0691333333333	0.00626666666667
0.04052895	0.007634409	0.0681111111111	0.00598888888889
0.037887	0.004197604	0.0715	0.0054
0.04088235	0.004661769	0.0715	0.0054
0.03660721	0.002901245	0.0742333333333	0.00616666666667
0.0518951	0.005567746	0.0729444444444	0.00545555555556
0.03971557	0.003999051	0.07116	0.0054
0.04140499	0.006462306	0.0680555555556	0.00594444444444
0.0449734	0.003913001	0.0747111111111	0.00598888888889
0.03492083	0.002315315	0.07103	0.0054
0.04058751	0.002238268	0.0747	0.006
0.03609976	0.003094981	0.0701333333333	0.00636666666667
0.04166254	0.005284825	0.0709	0.0054
0.0348108	0.003730939	0.0741811111111	0.00618888888889
0.02242507	0.004009758	0.072	0.0054
0.04131285	0.00225633	0.0684555555556	0.00564444444444
0.04298149	0.003332966	0.0747077777778	0.00602222222222
0.03462269	0.00350956	0.06864	0.0056
0.04420471	0.003934351	0.0743555555556	0.00564444444444
0.04229224	0.005867583	0.0738644444444	0.00625555555556
0.0407618	0.002343858	0.0732333333333	0.00546666666667
0.04484517	0.001883443	0.0699333333333	0.00636666666667
0.04069652	0.002748592	0.0746111111111	0.00608888888889
0.04210481	0.002869865	0.0748222222222	0.00597777777778
0.03786489	0.002159413	0.0748444444444	0.00595555555556
0.04019333	0.002779704	0.0682	0.0061
0.03909854	0.004144203	0.0741177777778	0.00622222222222
0.03726673	0.002099199	0.0690222222222	0.00627777777778
0.03898143	0.004290533	0.0746622222222	0.00607777777778
0.04012154	0.003623928	0.0679333333333	0.00586666666667
0.03288662	0.005552154	0.0698666666667	0.00543333333333
0.03432083	0.006174346	0.0700222222222	0.00637777777778
0.02878688	0.005897987	0.0679188888889	0.00591111111111
0.04041462	0.004320672	0.0692488888889	0.00631111111111
0.04331665	0.003935401	0.0747133333333	0.00606666666667
0.02949629	0.006564758	0.0728222222222	0.00637777777778
0.02248783	0.00399107	0.0732444444444	0.00545555555556
0.04150158	0.003348293	0.0680444444444	0.00605555555556
0.03371928	0.003785734	0.0687444444444	0.00555555555556
0.03039602	0.004685037	0.0686222222222	0.00557777777778
0.02822764	0.005449856	0.0686222222222	0.00557777777778
0.03585978	0.002570256	0.0710022222222	0.00537777777778
0.03484993	0.005274265	0.0718222222222	0.00537777777778
0.03980398	0.002124216	0.0718222222222	0.00537777777778
0.04640584	0.005237988	0.0727111111111	0.00638888888889
0.03942795	0.004079736	0.0745255555556	0.00614444444444
0.03628835	0.003518347	0.0686666666667	0.00623333333333
0.03484095	0.003643423	0.0691888888889	0.00631111111111
0.03744679	0.003877018	0.0719222222222	0.00537777777778
0.03794237	0.003415483	0.0735222222222	0.00547777777778
0.03354102	0.007858206	0.0679111111111	0.00598888888889
0.04515105	0.004015672	0.0689222222222	0.00627777777778
0.03785833	0.005211014	0.07488	0.0058
0.03903701	0.003097635	0.0747666666667	0.00573333333333
0.037503	0.003185627	0.0698622222222	0.00637777777778
0.0448299	0.00410067	0.0744666666667	0.00563333333333
0.03883642	0.003617295	0.0746222222222	0.00567777777778
0.04156162	0.002517392	0.0707777777778	0.00642222222222
0.03954912	0.005976002	0.0707777777778	0.00642222222222
0.04492034	0.004213254	0.0685777777778	0.00622222222222
0.02976163	0.004001456	0.0745555555556	0.00614444444444
0.03254646	0.003130017	0.0726	0.0054
0.04122519	0.004988922	0.0712533333333	0.00536666666667
0.04274065	0.004875662	0.0715666666667	0.00643333333333
0.0441151	0.002410377	0.0743111111111	0.00558888888889
0.03918446	0.003196891	0.0721777777778	0.00642222222222
0.03314673	0.005894516	0.0736911111111	0.00548888888889
0.02533902	0.002947936	0.0678222222222	0.00587777777778
0.02959649	0.003365415	0.0703111111111	0.00538888888889
0.03197621	0.003719236	0.0746333333333	0.00566666666667
0.04603262	0.002751268	0.0737111111111	0.00548888888889
0.03860142	0.003901853	0.0705577777778	0.00642222222222
0.03569396	0.003259675	0.0679133333333	0.00576666666667
0.03557628	0.003571026	0.0709333333333	0.00536666666667
0.03840396	0.005162687	0.075	0.0059
0.0339625	0.00386296	0.0743511111111	0.00558888888889
0.03494309	0.004378967	0.0692333333333	0.00546666666667
0.03320175	0.003964319	0.0677777777778	0.00592222222222
0.03773129	0.002642303	0.0728	0.0064
0.0345434	0.002178307	0.0704222222222	0.00537777777778
0.02056565	0.004639837	0.0686555555556	0.00554444444444
0.04287802	0.004232359	0.0742666666667	0.00623333333333
0.03747042	0.003873817	0.0682777777778	0.00562222222222
0.02501075	0.003808612	0.0695333333333	0.00636666666667
0.03668474	0.004408029	0.0747222222222	0.00567777777778
0.04215009	0.003749528	0.0741555555556	0.00554444444444
0.02503238	0.002507898	0.0726488888889	0.00641111111111
0.04325763	0.002626467	0.0740222222222	0.00627777777778
0.03317724	0.002552217	0.0683111111111	0.00618888888889
0.02638782	0.00401048	0.0748	0.0057
0.04910107	0.003903228	0.0750444444444	0.00585555555556
0.04119441	0.004434376	0.0677555555556	0.00594444444444
0.04332482	0.002323053	0.0703222222222	0.00537777777778
0.03564264	0.002504973	0.0750222222222	0.00597777777778
0.03834215	0.004461642	0.0739	0.0063
0.0297288	0.004167965	0.0709555555556	0.00644444444444
0.03734199	0.002899839	0.0722666666667	0.00643333333333
0.03684234	0.004188906	0.06832	0.0056
0.03716461	0.005103121	0.0693444444444	0.00635555555556
0.03492905	0.002333203	0.0746555555556	0.00564444444444
0.03854959	0.005262379	0.0684666666667	0.00623333333333
0.04752328	0.002707913	0.0719555555556	0.00644444444444
0.0426091	0.004014202	0.0747055555556	0.00614444444444
0.04430356	0.003619514	0.0742844444444	0.00555555555556
0.03427623	0.003172108	0.0720355555556	0.00644444444444
0.04031465	0.004855505	0.0680466666667	0.00613333333333
0.04226675	0.002679546	0.0726222222222	0.00537777777778
0.04592283	0.005259136	0.0678444444444	0.00605555555556
0.04273796	0.002802471	0.073	0.0054
0.03929497	0.003216488	0.0744222222222	0.00557777777778
0.04088557	0.004695951	0.0750222222222	0.00577777777778
0.03812775	0.003609217	0.0724366666667	0.00643333333333
0.02972558	0.00199237	0.0747444444444	0.00565555555556
0.02442902	0.00459682	0.0733222222222	0.00637777777778
0.04389115	0.003293621	0.074	0.0055
0.02276753	0.006106099	0.0679	0.0061
0.04167175	0.003535714	0.0719355555556	0.00534444444444
0.04697	0.004644672	0.0700222222222	0.00537777777778
0.0368608	0.002842478	0.0719555555556	0.00534444444444
0.03735559	0.003162956	0.0751333333333	0.00596666666667
0.0337132	0.003745045	0.0677111111111	0.00578888888889
0.05194635	0.004216841	0.0748577777778	0.00612222222222
0.03789099	0.003130226	0.0686788888889	0.00551111111111
0.04074124	0.003225332	0.0744333333333	0.00556666666667
0.04243953	0.004468569	0.0747555555556	0.00564444444444
0.03628613	0.004943065	0.0751555555556	0.00594444444444
0.04264119	0.002665573	0.0746777777778	0.00562222222222
0.04020493	0.003258368	0.0676677777778	0.00582222222222
0.04341719	0.00255709	0.0751322222222	0.00597777777778
0.04553424	0.002504862	0.06821	0.0056
0.03359497	0.005032228	0.0751666666667	0.00593333333333
0.03927321	0.004041299	0.0695111111111	0.00638888888889
0.03651417	0.005371628	0.0677444444444	0.00575555555556
0.03926893	0.004190279	0.0690644444444	0.00545555555556
0.04575353	0.002806301	0.0749111111111	0.00568888888889
0.03306083	0.00500587	0.0697788888889	0.00641111111111
0.03654097	0.00356512	0.0736444444444	0.00635555555556
0.03413053	0.005250269	0.0726666666667	0.00643333333333
0.03546297	0.003730412	0.0683333333333	0.00556666666667
0.03610135	0.002511297	0.0713066666667	0.00533333333333
0.04119946	0.00267399	0.0706444444444	0.00645555555556
0.03992033	0.005207906	0.0701133333333	0.00536666666667
0.03850434	0.001863084	0.0696	0.0054
0.042795	0.003966469	0.0727333333333	0.00536666666667
0.04283657	0.005561316	0.06759	0.0059
0.03279175	0.002791076	0.0698777777778	0.00642222222222
0.04577801	0.005959519	0.0752111111111	0.00588888888889
0.03334131	0.005081499	0.0677777777778	0.00572222222222
0.03757009	0.002949258	0.0693222222222	0.00637777777778
0.03746656	0.003225256	0.0752066666667	0.00593333333333
0.04041938	0.004342818	0.0700233333333	0.00536666666667
0.04026179	0.004240518	0.0751377777778	0.00602222222222
0.04068266	0.003270443	0.0727866666667	0.00643333333333
0.03759253	0.003721781	0.0676944444444	0.00575555555556
0.03555981	0.004335114	0.0750666666667	0.00573333333333
0.03904391	0.004209119	0.0680888888889	0.00561111111111
0.03560789	0.003756188	0.0676666666667	0.00603333333333
0.03871183	0.002890488	0.0675777777778	0.00582222222222
0.04513987	0.003722727	0.0747	0.0056
0.03736658	0.00220467	0.0684777777778	0.00552222222222
0.03433644	0.002972802	0.0732111111111	0.00538888888889
0.04688985	0.002457771	0.0752555555556	0.00584444444444
0.03842431	0.003689928	0.0697222222222	0.00537777777778
0.03636573	0.003692598	0.0676444444444	0.00575555555556
0.03813641	0.004644396	0.0678177777778	0.00612222222222
0.03061502	0.003448845	0.0734888888889	0.00541111111111
0.04527627	0.00499846	0.0748955555556	0.00564444444444
0.0341046	0.002988866	0.0696777777778	0.00642222222222
0.03448876	0.003638505	0.0737333333333	0.00636666666667
0.03866141	0.006717682	0.0680111111111	0.00618888888889
0.03276563	0.004220333	0.0695111111111	0.00538888888889
0.03667945	0.002205385	0.0753188888889	0.00591111111111
0.03528729	0.004621187	0.0701555555556	0.00534444444444
0.04265096	0.001632905	0.0739555555556	0.00634444444444
0.0359651	0.005465399	0.0699355555556	0.00644444444444
0.04897665	0.003545765	0.0751	0.0061
0.03879617	0.004058804	0.0753333333333	0.00586666666667
0.04610963	0.004987464	0.0715011111111	0.00648888888889
0.03883811	0.002602588	0.0715888888889	0.00531111111111
0.03436894	0.003000349	0.0743	0.0063
0.03008461	0.005712217	0.0750888888889	0.00611111111111
0.03479165	0.002222738	0.0693	0.0054
0.02397729	0.004764702	0.0710888888889	0.00531111111111
0.0380714	0.002727973	0.0681333333333	0.00556666666667
0.03564642	0.003458305	0.0753111111111	0.00598888888889
0.04127434	0.002697734	0.0753333333333	0.00596666666667
0.03941011	0.006223632	0.0751777777778	0.00572222222222
0.03508521	0.003698577	0.0753444444444	0.00595555555556
0.0411036	0.004377447	0.0752777777778	0.00602222222222
0.04301208	0.004960335	0.0753555555556	0.00594444444444
0.038934	0.004183162	0.0734111111111	0.00538888888889
0.0404482	0.003766814	0.0699844444444	0.00645555555556
0.02475634	0.003493109	0.0682666666667	0.00553333333333
0.04127814	0.005281611	0.0745333333333	0.00626666666667
0.04437183	0.002368512	0.0753644444444	0.00595555555556
0.03655241	0.00505099	0.0752444444444	0.00605555555556
0.03788694	0.005537511	0.0752444444444	0.00605555555556
0.03678222	0.002417618	0.0748888888889	0.00561111111111
0.033332	0.004068897	0.0691111111111	0.00638888888889
0.04217068	0.003808339	0.0724222222222	0.00647777777778
0.02751179	0.002823687	0.0720888888889	0.00531111111111
0.03924269	0.002993483	0.0736	0.0054
0.03329557	0.006386593	0.0745122222222	0.00627777777778
0.03856428	0.004618228	0.0706111111111	0.00648888888889
0.0428757	0.00285695	0.07112	0.0053
0.03985091	0.002716784	0.0698555555556	0.00534444444444
0.04287118	0.003782752	0.0750444444444	0.00615555555556
0.03212331	0.003256852	0.0752	0.0061
0.02936558	0.003185564	0.0700333333333	0.00646666666667
0.04108159	0.004913438	0.0674666666667	0.00603333333333
0.0404991	0.004401779	0.0693777777778	0.00642222222222
0.04618367	0.005582062	0.0693777777778	0.00642222222222
0.03884872	0.002731454	0.0680333333333	0.00556666666667
0.04444676	0.005047713	0.0740555555556	0.00544444444444
0.03577626	0.0052067	0.06789	0.0062
0.02845994	0.003387592	0.0723111111111	0.00648888888889
0.0459448	0.005352493	0.0689222222222	0.00637777777778
0.04005409	0.002796626	0.0689177777778	0.00542222222222
0.03009587	0.005821937	0.0737888888889	0.00541111111111
0.03698486	0.004440284	0.0701777777778	0.00532222222222
0.0256802	0.003634675	0.0673555555556	0.00594444444444
0.03121554	0.002806381	0.0754444444444	0.00595555555556
0.04117522	0.004531805	0.0745822222222	0.00627777777778
0.04432942	0.003475913	0.0743222222222	0.00547777777778
0.03602428	0.005256288	0.0750533333333	0.00616666666667
0.03946751	0.003046209	0.0724111111111	0.00648888888889
0.03888501	0.003759211	0.0676644444444	0.00565555555556
0.0359726	0.001906663	0.0740333333333	0.00636666666667
0.03333737	0.004558252	0.0681333333333	0.00626666666667
0.0349626	0.002314432	0.0676444444444	0.00565555555556
0.03611046	0.005551401	0.0751244444444	0.00615555555556
0.03525773	0.006326344	0.0717088888889	0.00651111111111
0.03874246	0.004876055	0.0675777777778	0.00612222222222
0.03735325	0.005125718	0.0686555555556	0.00544444444444
0.02677232	0.005919336	0.0676066666667	0.00613333333333
0.04855613	0.00381881	0.0673777777778	0.00602222222222
0.04014649	0.004468551	0.0687333333333	0.00636666666667
0.04335975	0.002539151	0.0739777777778	0.00542222222222
0.04289636	0.003921071	0.0739777777778	0.00542222222222
0.04053183	0.003473213	0.0709888888889	0.00651111111111
0.0392771	0.003607103	0.0731555555556	0.00534444444444
0.04416271	0.004882555	0.069	0.0054
0.04177558	0.00377736	0.069	0.0064
0.03467669	0.004404597	0.0728222222222	0.00647777777778
0.03450823	0.004242835	0.0678	0.0062
0.0341909	0.003686114	0.0679333333333	0.00556666666667
0.03704017	0.002124087	0.0734666666667	0.00643333333333
0.03184664	0.00414857	0.0676444444444	0.00615555555556
0.04126775	0.003205365	0.0753766666667	0.00573333333333
0.04121251	0.002693752	0.0708111111111	0.00528888888889
0.03819411	0.002270628	0.0673111111111	0.00598888888889
0.03767733	0.003273782	0.0704	0.0065
0.02415305	0.003011005	0.0675111111111	0.00568888888889
0.03999649	0.002879316	0.0736222222222	0.00537777777778
0.0337037	0.001940266	0.0679555555556	0.00624444444444
0.03852596	0.004344315	0.0749888888889	0.00621111111111
0.0422436	0.006021712	0.0752466666667	0.00613333333333
0.04608709	0.003346135	0.0679444444444	0.00555555555556
0.02438385	0.006679279	0.0750111111111	0.00558888888889
0.04312382	0.003102881	0.0711977777778	0.00652222222222
0.04144425	0.003281408	0.0742444444444	0.00635555555556
0.0392828	0.002393026	0.0675333333333	0.00566666666667
0.03839862	0.003568486	0.0682	0.0063
0.04400703	0.004030323	0.0672888888889	0.00601111111111
0.04317381	0.002607624	0.0749333333333	0.00556666666667
0.04068104	0.003865839	0.0672222222222	0.00587777777778
0.04241321	0.002758473	0.0734555555556	0.00644444444444
0.03728036	0.005447402	0.0696333333333	0.00646666666667
0.04398734	0.002963312	0.0718222222222	0.00527777777778
0.03133243	0.005158311	0.0673444444444	0.00605555555556
0.03246268	0.003716162	0.0681188888889	0.00551111111111
0.03964292	0.003611425	0.0755666666667	0.00583333333333
0.04361769	0.005933226	0.0754222222222	0.00607777777778
0.03802557	0.003271328	0.0686777777778	0.00542222222222
0.04348195	0.007558268	0.0691866666667	0.00643333333333
0.04442625	0.004586774	0.0690577777778	0.00642222222222
0.0348164	0.004995086	0.0672166666667	0.00583333333333
0.04574757	0.004634158	0.0723888888889	0.00651111111111
0.02722788	0.003490168	0.0677	0.0062
0.03826289	0.002352344	0.0682777777778	0.00632222222222
0.0496381	0.006200899	0.0747111111111	0.00628888888889
0.03105854	0.004765705	0.0728888888889	0.00531111111111
0.03839316	0.003039921	0.0674	0.0061
0.04180272	0.003853636	0.0720777777778	0.00652222222222
0.03618432	0.004750351	0.0698888888889	0.00531111111111
0.0368226	0.002660711	0.0683333333333	0.00546666666667
0.03918952	0.002236807	0.0698788888889	0.00531111111111
0.02834154	0.004254841	0.0672844444444	0.00575555555556
0.03106812	0.002293832	0.0686222222222	0.00637777777778
0.03864435	0.003021708	0.0688	0.0054
0.0346907	0.002177763	0.0714333333333	0.00526666666667
0.03610245	0.002947431	0.0674277777778	0.00612222222222
0.04424843	0.003902674	0.0722222222222	0.00527777777778
0.03547489	0.005021906	0.0711333333333	0.00526666666667
0.04487993	0.00403207	0.0686888888889	0.00541111111111
0.0306673	0.005553538	0.0729888888889	0.00531111111111
0.04778792	0.003550554	0.0756266666667	0.00583333333333
0.04691844	0.002073123	0.0728	0.0053
0.04349449	0.002636113	0.0673177777778	0.00572222222222
0.03387664	0.004900573	0.0675333333333	0.00616666666667
0.0329864	0.003552705	0.0681488888889	0.00631111111111
0.03894344	0.004127247	0.0744555555556	0.00634444444444
0.03999521	0.002877949	0.0755555555556	0.00604444444444
0.03599565	0.004876554	0.0755555555556	0.00604444444444
0.04137906	0.005123481	0.0756555555556	0.00584444444444
0.02950653	0.003770117	0.06718	0.006
0.04530763	0.003588361	0.0746222222222	0.00547777777778
0.04287637	0.003536026	0.0730888888889	0.00531111111111
0.03570889	0.002987184	0.0681111111111	0.00548888888889
0.04341422	0.002968382	0.0753444444444	0.00615555555556
0.04331975	0.0033152	0.0675222222222	0.00617777777778
0.03917148	0.005738907	0.0688777777778	0.00642222222222
0.03388087	0.005743224	0.0712555555556	0.00654444444444
0.0320812	0.005734269	0.0671488888889	0.00601111111111
0.03632835	0.006656499	0.0733222222222	0.00647777777778
0.03734644	0.002888894	0.0674666666667	0.00563333333333
0.03040774	0.002639169	0.0705333333333	0.00526666666667
0.04065324	0.003694352	0.0754888888889	0.00611111111111
0.03336307	0.001497244	0.0731888888889	0.00531111111111
0.03742273	0.004610752	0.0682555555556	0.00634444444444
0.0341102	0.003314035	0.06977	0.0065
0.03509153	0.004549551	0.0709555555556	0.00654444444444
0.03635853	0.003049308	0.0738666666667	0.00643333333333
0.03174055	0.004264783	0.0723333333333	0.00526666666667
0.04554723	0.005633297	0.0733777777778	0.00532222222222
0.03605873	0.002234699	0.0755777777778	0.00572222222222
0.03379207	0.002526539	0.0719444444444	0.00525555555556
0.03578803	0.002566561	0.0670511111111	0.00588888888889
0.04731077	0.006964346	0.0756888888889	0.00601111111111
0.03525341	0.004017308	0.0671555555556	0.00604444444444
0.03749858	0.00370111	0.0701222222222	0.00527777777778
0.03455976	0.00468344	0.0726777777778	0.00652222222222
0.03835148	0.003547527	0.0731	0.0053
0.03639163	0.004854582	0.0720444444444	0.00525555555556
0.04311173	0.00279459	0.0670444444444	0.00585555555556
0.03246281	0.002499847	0.0670444444444	0.00585555555556
0.04572091	0.004568079	0.0692333333333	0.00646666666667
0.03830467	0.003683001	0.0681333333333	0.00546666666667
0.03612669	0.003529218	0.0740222222222	0.00537777777778
0.03440007	0.004470634	0.0724666666667	0.00653333333333
0.03653433	0.002891186	0.0724933333333	0.00526666666667
0.04439132	0.00408249	0.0751666666667	0.00623333333333
0.0330679	0.005013774	0.06965	0.0065
0.03944954	0.003929634	0.0748111111111	0.00548888888889
0.04817299	0.002448501	0.0753	0.0062
0.04114312	0.005005163	0.0713555555556	0.00524444444444
0.03857445	0.002917518	0.0712955555556	0.00524444444444
0.01653725	0.006268037	0.0670111111111	0.00588888888889
0.03265974	0.002972818	0.0722444444444	0.00525555555556
0.04153342	0.004862869	0.0697911111111	0.00528888888889
0.03966347	0.004858851	0.0717444444444	0.00655555555556
0.03939707	0.003464335	0.0736333333333	0.00646666666667
0.04041481	0.003253227	0.0691666666667	0.00533333333333
0.04034661	0.003451933	0.0740777777778	0.00642222222222
0.03459147	0.007290257	0.0749	0.0063
0.04480682	0.004412609	0.0756	0.0057
0.03976898	0.003691815	0.0670222222222	0.00597777777778
0.0343806	0.003612393	0.0718555555556	0.00524444444444
0.04073307	0.002985917	0.0750666666667	0.00553333333333
0.0370235	0.002658919	0.0747266666667	0.00633333333333
0.04816791	0.002875647	0.0733888888889	0.00531111111111
0.04034571	0.00355906	0.0719044444444	0.00655555555556
0.03289067	0.002120872	0.0672666666667	0.00613333333333
0.03874853	0.004940847	0.0752622222222	0.00557777777778
0.04542977	0.004054895	0.0684111111111	0.00638888888889
0.03868168	0.003938246	0.0696888888889	0.00651111111111
0.04502742	0.004692246	0.0748222222222	0.00547777777778
0.04226981	0.004695997	0.0756111111111	0.00568888888889
0.04613308	0.004886526	0.0700666666667	0.00653333333333
0.0402127	0.00458253	0.0721244444444	0.00655555555556
0.03962052	0.003599628	0.0672333333333	0.00566666666667
0.03998499	0.003880066	0.067	0.006
0.03773965	0.004135553	0.067	0.006
0.03376521	0.003314499	0.0758111111111	0.00598888888889
0.0364064	0.002552744	0.0670111111111	0.00578888888889
0.04934633	0.003246075	0.0669666666667	0.00583333333333
0.04187488	0.004458786	0.07565	0.0057
0.03818253	0.003717226	0.0713666666667	0.00523333333333
0.04214103	0.004597036	0.0702555555556	0.00654444444444
0.03383967	0.003791187	0.0755555555556	0.00614444444444
0.04221555	0.00425167	0.0722444444444	0.00655555555556
0.03473555	0.003674887	0.0711333333333	0.00656666666667
0.03268929	0.003940758	0.0753588888889	0.00621111111111
0.03534477	0.005603926	0.0674	0.0062
0.03299039	0.003234577	0.0678	0.0055
0.04325643	0.005383321	0.0723444444444	0.00655555555556
0.02976388	0.00345126	0.0726444444444	0.00525555555556
0.05050787	0.005194101	0.0723555555556	0.00524444444444
0.03599117	0.00297266	0.0752555555556	0.00624444444444
0.04110782	0.005000916	0.0757666666667	0.00573333333333
0.04742217	0.00465291	0.0735888888889	0.00531111111111
0.04862172	0.005320558	0.0758688888889	0.00581111111111
0.03579063	0.004402771	0.0678777777778	0.00632222222222
0.04997023	0.006367862	0.0686333333333	0.00536666666667
0.04040643	0.003549001	0.0743488888889	0.00641111111111
0.02409258	0.003707985	0.0700444444444	0.00525555555556
0.03660075	0.00400604	0.0669666666667	0.00603333333333
0.03269096	0.003039018	0.0689333333333	0.00646666666667
0.04088034	0.002936519	0.0680555555556	0.00544444444444
0.04325141	0.004120265	0.0706333333333	0.00656666666667
0.036044	0.005190529	0.0680444444444	0.00635555555556
0.04379035	0.003321749	0.0738866666667	0.00533333333333
0.03617108	0.003624248	0.0686955555556	0.00644444444444
0.04693657	0.004824814	0.0737777777778	0.00532222222222
0.0439865	0.003043102	0.0730333333333	0.00526666666667
0.03415231	0.003069715	0.0672888888889	0.00561111111111
0.04289276	0.003189399	0.0759111111111	0.00598888888889
0.03581743	0.005832874	0.0759222222222	0.00597777777778
0.03669966	0.004364341	0.0747133333333	0.00636666666667
0.03719732	0.003489217	0.0668444444444	0.00585555555556
0.04003443	0.002286636	0.0680666666667	0.00543333333333
0.04482083	0.001881755	0.0759477777778	0.00582222222222
0.04734008	0.003441133	0.07453	0.0064
0.04291642	0.002714691	0.0746111111111	0.00638888888889
0.03467179	0.003478859	0.0684277777778	0.00642222222222
0.04491713	0.004639045	0.0758	0.0057
0.0295742	0.004280959	0.06824	0.0054
0.03667778	0.005069229	0.0756466666667	0.00563333333333
0.020216	0.003067693	0.0679444444444	0.00635555555556
0.0317965	0.003110021	0.0715888888889	0.00521111111111
0.04391927	0.00294075	0.0752111111111	0.00628888888889
0.03762179	0.004892036	0.0699555555556	0.00524444444444
0.03642524	0.004345478	0.0716888888889	0.00521111111111
0.04112045	0.004136838	0.0668666666667	0.00603333333333
0.03626306	0.003343255	0.0745111111111	0.00538888888889
0.03286528	0.003086639	0.0668422222222	0.00577777777778
0.04215768	0.002406289	0.0726466666667	0.00523333333333
0.04456665	0.002652576	0.0758777777778	0.00572222222222
0.03553499	0.002957516	0.0671888888889	0.00561111111111
0.03504252	0.002181219	0.0673333333333	0.00556666666667
0.04340527	0.003802787	0.0746888888889	0.00541111111111
0.03191159	0.003923836	0.0708111111111	0.00658888888889
0.04731842	0.003905876	0.076	0.0058
0.04229425	0.003902279	0.0759888888889	0.00601111111111
0.03798187	0.003509831	0.0739822222222	0.00647777777778
0.02717477	0.006527949	0.0668333333333	0.00576666666667
0.02808445	0.005004635	0.0673555555556	0.00624444444444
0.03957419	0.002425771	0.07586	0.0057
0.0350758	0.004256904	0.0703222222222	0.00657777777778
0.03675336	0.004185289	0.0673444444444	0.00555555555556
0.04489414	0.005832238	0.0760555555556	0.00594444444444
0.03310015	0.004335192	0.0758222222222	0.00567777777778
0.04048169	0.003335151	0.0759333333333	0.00606666666667
0.04053207	0.003572658	0.0759333333333	0.00606666666667
0.03954314	0.003160029	0.0740222222222	0.00647777777778
0.03601229	0.002768005	0.0682111111111	0.00538888888889
0.0413174	0.004643919	0.0760655555556	0.00584444444444
0.04291643	0.004449997	0.0758133333333	0.00566666666667
0.0478289	0.002034717	0.0715	0.0066
0.03855618	0.005729744	0.0699666666667	0.00523333333333
0.03301274	0.003195183	0.0667111111111	0.00588888888889
0.04038783	0.002288313	0.0760222222222	0.00577777777778
0.03099461	0.001733395	0.0705111111111	0.00658888888889
0.04234823	0.003033301	0.0755333333333	0.00556666666667
0.03457743	0.002912044	0.0737111111111	0.00528888888889
0.03256584	0.00574442	0.0690888888889	0.00651111111111
0.03918201	0.005226636	0.0757222222222	0.00617777777778
0.03315722	0.003906686	0.0667222222222	0.00597777777778
0.0431506	0.004416774	0.0726822222222	0.00657777777778
0.04810572	0.004880946	0.0760333333333	0.00576666666667
0.04054808	0.002646333	0.072	0.0066
0.03854785	0.004141609	0.0756388888889	0.00621111111111
0.04874379	0.00503249	0.0727222222222	0.00657777777778
0.03247135	0.006290151	0.0671922222222	0.00557777777778
0.03700033	0.003237994	0.0668222222222	0.00607777777778
0.04005394	0.002416339	0.0681288888889	0.00641111111111
0.0333453	0.004511228	0.0685666666667	0.00533333333333
0.03684822	0.00609003	0.0724888888889	0.00521111111111
0.04056908	0.002447314	0.0681111111111	0.00538888888889
0.0319353	0.005706714	0.0671	0.0062
0.03095806	0.005981694	0.0733844444444	0.00525555555556
0.0396908	0.003941013	0.0760777777778	0.00602222222222
0.03756022	0.002025952	0.0754666666667	0.00553333333333
0.03853272	0.007035814	0.0673777777778	0.00552222222222
0.03374336	0.001630944	0.0673777777778	0.00552222222222
0.04252864	0.004499195	0.0757777777778	0.00562222222222
0.0362499	0.004765862	0.0732444444444	0.00655555555556
0.03943864	0.004165766	0.0713111111111	0.00518888888889
0.02709997	0.004626411	0.0667555555556	0.00574444444444
0.04903403	0.005144116	0.0759888888889	0.00571111111111
0.04592707	0.001863634	0.0747111111111	0.00538888888889
0.0374699	0.00357309	0.0668777777778	0.00612222222222
0.04168709	0.002514687	0.0730666666667	0.00523333333333
0.04215999	0.003981815	0.0711888888889	0.00661111111111
0.03962966	0.003680174	0.0675111111111	0.00548888888889
0.03252959	0.004136294	0.0716788888889	0.00661111111111
0.03422837	0.004778124	0.0666333333333	0.00586666666667
0.03730648	0.002315483	0.0669444444444	0.00615555555556
0.0455559	0.003433686	0.0743955555556	0.00534444444444
0.03062291	0.005083111	0.0701488888889	0.00521111111111
0.03427964	0.004636129	0.0729222222222	0.00657777777778
0.03537078	0.004940311	0.0685777777778	0.00532222222222
0.04287041	0.003756585	0.0750333333333	0.00636666666667
0.03833655	0.002485066	0.0690222222222	0.00527777777778
0.04281009	0.00278952	0.0749777777778	0.00542222222222
0.04729733	0.002953686	0.0733444444444	0.00655555555556
0.03771602	0.004490026	0.0678888888889	0.00541111111111
0.04677901	0.003318717	0.0683555555556	0.00534444444444
0.03810472	0.002245495	0.0666222222222	0.00597777777778
0.03588895	0.003987838	0.0675666666667	0.00633333333333
0.02832541	0.003669899	0.0674488888889	0.00631111111111
0.03339714	0.004715609	0.0695666666667	0.00523333333333
0.03508905	0.006014072	0.07408	0.0053
0.01464257	0.005362492	0.0676555555556	0.00544444444444
0.04593557	0.004017198	0.0741911111111	0.00648888888889
0.04432523	0.003567543	0.0732533333333	0.00656666666667
0.0375901	0.002483614	0.0758311111111	0.00618888888889
0.03857322	0.003474163	0.0688111111111	0.00528888888889
0.04648428	0.006402902	0.0722888888889	0.00661111111111
0.03913203	0.0030942	0.0711222222222	0.00517777777778
0.02962573	0.003869612	0.0734555555556	0.00524444444444
0.03453838	0.004563657	0.0709777777778	0.00662222222222
0.03769864	0.001746394	0.0761333333333	0.00606666666667
0.03424958	0.005217297	0.0759555555556	0.00564444444444
0.03223212	0.002346952	0.0682555555556	0.00534444444444
0.03936045	0.00380532	0.0682555555556	0.00534444444444
0.03356708	0.003200929	0.0720222222222	0.00517777777778
