root_height	pop_size	pi_net	pi_within
0.02771298	0.007765178	0.0461866666667	0.00983333333333
0.02822943	0.005435738	0.0456244444444	0.00975555555556
0.02481406	0.004425109	0.0455111111111	0.00978888888889
0.02719867	0.007992698	0.0464888888889	0.00981111111111
0.0314404	0.006153801	0.0455466666667	0.00973333333333
0.02643113	0.006962436	0.04547	0.0098
0.03131587	0.003853068	0.04576	0.0097
0.02757324	0.004702002	0.0466444444444	0.00975555555556
0.02367222	0.004960068	0.0462522222222	0.00967777777778
0.02012126	0.004435804	0.0458111111111	0.00988888888889
0.04119183	0.004521078	0.0455911111111	0.00988888888889
0.02661463	0.005757573	0.0469122222222	0.00977777777778
0.02737654	0.004332023	0.0455111111111	0.00988888888889
0.02420691	0.004691477	0.0451666666667	0.00983333333333
0.03108538	0.004040613	0.0451	0.0098
0.030736	0.006108398	0.0454311111111	0.00988888888889
0.03244628	0.005324216	0.0452144444444	0.00985555555556
0.02698194	0.002296074	0.0452	0.0097
0.0317845	0.00475759	0.0464888888889	0.00991111111111
0.02507431	0.008717164	0.0462466666667	0.00993333333333
0.02924489	0.005274647	0.0467444444444	0.00965555555556
0.02409057	0.006034435	0.0470555555556	0.00984444444444
0.02636164	0.004567548	0.0449388888889	0.00971111111111
0.0257438	0.007842958	0.0464088888889	0.00961111111111
0.02375105	0.003799331	0.0455888888889	0.00961111111111
0.02574415	0.006006988	0.0448244444444	0.00975555555556
0.02850266	0.003695516	0.04578	0.0096
0.02808745	0.003039865	0.0456	0.0096
0.03302136	0.004690561	0.0453888888889	0.00961111111111
0.02855732	0.004846249	0.0471711111111	0.00968888888889
0.02469986	0.005225022	0.0471133333333	0.00966666666667
0.03315127	0.005283441	0.0473444444444	0.00975555555556
0.01834931	0.003476216	0.0452888888889	0.00961111111111
0.02934995	0.006032883	0.0451377777778	0.00962222222222
0.02980396	0.007218842	0.0473577777778	0.00972222222222
0.0287198	0.009151456	0.0450777777778	0.00962222222222
0.02308577	0.003767838	0.0446666666667	0.00983333333333
0.02857016	0.002931637	0.0446111111111	0.00978888888889
0.02745119	0.004678797	0.0461111111111	0.00998888888889
0.02655259	0.003735718	0.0459333333333	0.00956666666667
0.02902363	0.003534901	0.0461333333333	0.00956666666667
0.01857265	0.004242289	0.0455522222222	0.00997777777778
0.0263692	0.005637837	0.0472333333333	0.00966666666667
0.02900475	0.005479289	0.0466933333333	0.00996666666667
0.02677547	0.005474693	0.0446377777778	0.00972222222222
0.02060301	0.007679831	0.04721	0.0099
0.01914411	0.005708859	0.0457033333333	0.00956666666667
0.0321615	0.003983802	0.0445744444444	0.00975555555556
0.0171196	0.005450647	0.046	0.01
0.03002906	0.004179672	0.0465133333333	0.00956666666667
0.0241341	0.004957157	0.0448777777778	0.00992222222222
0.02783125	0.005036628	0.0471666666667	0.00963333333333
0.02520015	0.003927251	0.0474777777778	0.00972222222222
0.02572384	0.00633434	0.0447133333333	0.00966666666667
0.03366054	0.005114033	0.04732	0.0099
0.01965498	0.005475824	0.0473733333333	0.00966666666667
0.02463616	0.005618363	0.0456	0.01
0.0160486	0.005354905	0.0460355555556	0.00954444444444
0.02602535	0.003968477	0.0458555555556	0.00954444444444
0.0265304	0.005911836	0.0462555555556	0.00954444444444
0.02716277	0.004942379	0.0456588888889	0.0100111111111
0.03189167	0.01048132	0.04671	0.01
0.03267715	0.003595364	0.0446355555556	0.00964444444444
0.03013841	0.006265051	0.0462666666667	0.00953333333333
0.02544322	0.005746441	0.0462777777778	0.0100222222222
0.02966213	0.005323127	0.0443777777778	0.00972222222222
0.03107896	0.003796634	0.0464666666667	0.00953333333333
0.0257335	0.003877548	0.0444333333333	0.00986666666667
0.02780989	0.005339345	0.0453355555556	0.00954444444444
0.02112953	0.003903136	0.0455066666667	0.00953333333333
0.02994457	0.006254714	0.0474888888889	0.00991111111111
0.02695758	0.004005074	0.0444844444444	0.00965555555556
0.02664523	0.004819272	0.0448111111111	0.00958888888889
0.03021847	0.008699693	0.0463966666667	0.0100333333333
0.02302428	0.004511977	0.0447933333333	0.00996666666667
0.02627341	0.004816646	0.04425	0.0098
0.02880672	0.00681457	0.0459555555556	0.0100444444444
0.0279068	0.003607226	0.0452777777778	0.0100222222222
0.02532286	0.004378101	0.0449111111111	0.00998888888889
0.0227958	0.004757603	0.0471533333333	0.00956666666667
0.02670384	0.005275592	0.0478166666667	0.00973333333333
0.02921414	0.003107861	0.0446244444444	0.00995555555556
0.02619797	0.005444117	0.0477844444444	0.00985555555556
0.02515577	0.004956774	0.0449	0.01
0.0123738	0.005282139	0.0441777777778	0.00982222222222
0.02469904	0.003359523	0.0469266666667	0.00953333333333
0.01775128	0.004780044	0.0478788888889	0.00971111111111
0.03129818	0.00643736	0.0476777777778	0.00962222222222
0.02395212	0.004435294	0.0445111111111	0.00958888888889
0.02535688	0.006630993	0.0444733333333	0.00996666666667
0.03170528	0.004867472	0.0474533333333	0.00956666666667
0.02124698	0.008064721	0.0440911111111	0.00968888888889
0.03254881	0.005331181	0.0473055555556	0.00954444444444
0.02915316	0.001873751	0.0439222222222	0.00977777777778
0.0306466	0.00444975	0.0478766666667	0.00993333333333
0.02180339	0.005393831	0.0440444444444	0.00965555555556
0.02493073	0.002933517	0.0440977777778	0.00992222222222
0.02139954	0.00543426	0.04593	0.0101
0.0297692	0.005076261	0.0438777777778	0.00982222222222
0.02832226	0.003750571	0.04491	0.0095
0.03083814	0.004737476	0.0457444444444	0.00945555555556
0.03149872	0.003327028	0.0439611111111	0.00988888888889
0.02451568	0.006504075	0.0469222222222	0.00947777777778
0.03116303	0.005143426	0.0482233333333	0.00976666666667
0.02801066	0.003524359	0.0439222222222	0.00987777777778
0.02851278	0.003243724	0.0449333333333	0.0100666666667
0.02980808	0.003840067	0.0442222222222	0.00997777777778
0.02551817	0.003353114	0.0482588888889	0.00981111111111
0.03503578	0.005397391	0.0442633333333	0.00956666666667
0.02917526	0.004058881	0.0482666666667	0.00983333333333
0.0222704	0.004161507	0.0461677777778	0.0101222222222
0.02321372	0.006317928	0.0475777777778	0.00952222222222
0.02309353	0.005134248	0.0482111111111	0.00988888888889
0.03261874	0.003336345	0.0458277777778	0.0101222222222
0.01964296	0.004045978	0.0478733333333	0.00956666666667
0.02387865	0.004934251	0.0481466666667	0.00963333333333
0.02419421	0.005165018	0.0436955555556	0.00974444444444
0.03087091	0.002458353	0.0472222222222	0.00947777777778
0.02730047	0.007554574	0.0483622222222	0.00977777777778
0.02151443	0.003024573	0.04459	0.0095
0.02507887	0.004802871	0.0442555555556	0.00954444444444
0.03598685	0.003721818	0.0483777777778	0.00982222222222
0.03237069	0.00673419	0.0461377777778	0.00942222222222
0.02327697	0.003642312	0.0444355555556	0.0100444444444
0.0299798	0.00557208	0.0468888888889	0.0101111111111
0.02864362	0.00477923	0.04837	0.0097
0.02692206	0.002933483	0.0441888888889	0.0100111111111
0.03839983	0.006135831	0.0478277777778	0.0100222222222
0.03084411	0.008494215	0.0466066666667	0.0101333333333
0.02465138	0.006830173	0.0458555555556	0.0101444444444
0.02515532	0.005079861	0.0484788888889	0.00981111111111
0.02533957	0.004704629	0.0479388888889	0.0100111111111
0.02971233	0.004158387	0.0482488888889	0.00961111111111
0.02884153	0.003484063	0.0483555555556	0.00964444444444
0.02705864	0.002460349	0.0485222222222	0.00977777777778
0.03069444	0.005058125	0.0481622222222	0.00997777777778
0.024371	0.004980246	0.0481233333333	0.00956666666667
0.02436169	0.005182741	0.04397	0.01
0.01828265	0.004514154	0.0453855555556	0.0101444444444
0.02721345	0.00290206	0.0483666666667	0.00963333333333
0.02488148	0.005010365	0.0483377777778	0.00962222222222
0.03024667	0.007688963	0.0481333333333	0.00956666666667
0.028008	0.005120867	0.0464	0.0094
0.02565991	0.004993434	0.0434777777778	0.00982222222222
0.02518537	0.002663235	0.0481711111111	0.00998888888889
0.02726877	0.006021987	0.0485777777778	0.00982222222222
0.03286153	0.006566335	0.0476522222222	0.00947777777778
0.02860533	0.005220145	0.0446888888889	0.0101111111111
0.03055483	0.004735832	0.0461111111111	0.00938888888889
0.02313931	0.003060042	0.0459311111111	0.00938888888889
0.02935	0.002749567	0.0484755555556	0.00964444444444
0.02234493	0.005072552	0.0453644444444	0.0101555555556
0.02937196	0.005088949	0.0445444444444	0.00945555555556
0.02862139	0.003654376	0.0463111111111	0.00938888888889
0.0233884	0.004664626	0.0486444444444	0.00975555555556
0.02816372	0.005313741	0.0435577777778	0.00992222222222
0.02349431	0.003036006	0.0433733333333	0.00976666666667
0.03006794	0.003162098	0.0486122222222	0.00987777777778
0.0189172	0.004154722	0.0446377777778	0.0101222222222
0.02885124	0.004055589	0.0479111111111	0.00948888888889
0.02294785	0.0046449	0.0464222222222	0.0101777777778
0.02882125	0.002523717	0.0440444444444	0.0100555555556
0.03070966	0.005136418	0.0446666666667	0.0101333333333
0.02806936	0.009144766	0.04496	0.0094
0.0222836	0.004625558	0.0459333333333	0.00936666666667
0.02633383	0.003764257	0.0478333333333	0.00946666666667
0.01947117	0.003422628	0.0479222222222	0.0100777777778
0.02432056	0.006087483	0.0467422222222	0.00937777777778
0.02429473	0.006708198	0.0432555555556	0.00974444444444
0.01602976	0.005205368	0.0464333333333	0.00936666666667
0.03490498	0.004638413	0.0475866666667	0.00943333333333
0.01806994	0.005978087	0.0436011111111	0.00998888888889
0.02727552	0.008239176	0.0473888888889	0.00941111111111
0.02911613	0.004687981	0.0439533333333	0.0100666666667
0.02565467	0.005708117	0.0462444444444	0.00935555555556
0.02554214	0.004846375	0.0431888888889	0.00981111111111
0.03139774	0.005795632	0.0440022222222	0.00947777777778
0.02386302	0.002571478	0.0481311111111	0.00948888888889
0.02633428	0.007339026	0.0477266666667	0.00943333333333
0.03082805	0.006402398	0.0483777777778	0.0100222222222
0.03209659	0.007562353	0.0488555555556	0.00984444444444
0.02573783	0.00589954	0.0431333333333	0.00976666666667
0.0130616	0.004650845	0.0460155555556	0.00934444444444
0.03136715	0.004043109	0.0431377777778	0.00982222222222
0.03228193	0.006697302	0.0453444444444	0.00935555555556
0.01909498	0.007251601	0.0432777777778	0.00992222222222
0.02265177	0.004869116	0.0484888888889	0.0100111111111
0.02793416	0.004404124	0.0434222222222	0.00957777777778
0.02300139	0.007082309	0.0487777777778	0.00962222222222
0.02456237	0.00596399	0.0458577777778	0.0102222222222
0.03171167	0.00573788	0.0489877777778	0.00982222222222
0.02859422	0.004106169	0.0489111111111	0.00988888888889
0.03068446	0.006497963	0.0484666666667	0.0100333333333
0.02788795	0.006144245	0.0478277777778	0.00942222222222
0.02614416	0.005110487	0.0490222222222	0.00977777777778
0.03081453	0.001882699	0.0489733333333	0.00986666666667
0.02631227	0.002323229	0.0434	0.01
0.02242491	0.002921802	0.0490266666667	0.00983333333333
0.02844654	0.005676317	0.0469288888889	0.0102111111111
0.01949955	0.00393975	0.0459577777778	0.00932222222222
0.03358802	0.006244399	0.0472	0.0102
0.02786603	0.00461106	0.0482	0.0101
0.03088571	0.004006008	0.0445222222222	0.00937777777778
0.02392099	0.003015245	0.0470555555556	0.00934444444444
0.02508263	0.00507603	0.0464666666667	0.0102333333333
0.02443852	0.008453233	0.0441555555556	0.0101444444444
0.02332902	0.004720503	0.0474333333333	0.00936666666667
0.02687287	0.005183264	0.0483111111111	0.0100888888889
0.02575593	0.003559495	0.0430111111111	0.00988888888889
0.02440817	0.004779647	0.0458888888889	0.00931111111111
0.02771964	0.005189028	0.0438255555556	0.00944444444444
0.02851631	0.003314528	0.0457555555556	0.0102444444444
0.02652586	0.004541633	0.0448288888889	0.0102111111111
0.0321349	0.004054624	0.0487555555556	0.00954444444444
0.02186535	0.004294648	0.0449777777778	0.0102222222222
0.03109453	0.00574339	0.0489444444444	0.00995555555556
0.02461173	0.008632734	0.0443422222222	0.0101777777778
0.02648507	0.006808234	0.0435111111111	0.00948888888889
0.03320263	0.009261819	0.0466555555556	0.0102444444444
0.0241251	0.004693563	0.0448666666667	0.00933333333333
0.01868165	0.007694804	0.0429555555556	0.00964444444444
0.0302755	0.006806973	0.0446588888889	0.0102111111111
0.02564402	0.00393474	0.0429666666667	0.00963333333333
0.02775447	0.005512729	0.0447777777778	0.0102222222222
0.02440596	0.003563014	0.0442222222222	0.0101777777778
0.02485488	0.006040056	0.0490777777778	0.00962222222222
0.0274065	0.007437711	0.04401	0.0094
0.04043369	0.003728164	0.0492377777778	0.00972222222222
0.02811658	0.004365188	0.0489822222222	0.00997777777778
0.02910781	0.003925211	0.0440533333333	0.0101666666667
0.02759026	0.005568555	0.0428222222222	0.00967777777778
0.02415999	0.004030734	0.0428222222222	0.00967777777778
0.02963111	0.003831759	0.0472077777778	0.00932222222222
0.02141355	0.002769858	0.0459333333333	0.0102666666667
0.02723865	0.006885151	0.0427666666667	0.00983333333333
0.02293959	0.004190362	0.04522	0.0093
0.02799795	0.007035374	0.0447277777778	0.00932222222222
0.02810784	0.004230882	0.0474866666667	0.00933333333333
0.02479854	0.004795134	0.0493355555556	0.00984444444444
0.02145692	0.004754401	0.0447788888889	0.00931111111111
0.02973139	0.006653505	0.0456222222222	0.0102777777778
0.02405256	0.004603994	0.0427333333333	0.00966666666667
0.0268844	0.003321185	0.0491222222222	0.00997777777778
0.02778908	0.003901245	0.0492666666667	0.00963333333333
0.03058743	0.004156776	0.0429122222222	0.00957777777778
0.03940372	0.007180327	0.0494211111111	0.00978888888889
0.0324861	0.003962955	0.0430666666667	0.0100333333333
0.02532572	0.005153069	0.0433111111111	0.0100888888889
0.029343	0.00609544	0.0485466666667	0.00943333333333
0.02603347	0.004229849	0.0432422222222	0.00947777777778
0.03514643	0.006532022	0.0482222222222	0.0101777777778
0.03302719	0.003766527	0.0485466666667	0.0101333333333
0.02133801	0.00371967	0.0444888888889	0.00931111111111
0.02325563	0.005717373	0.0492422222222	0.00997777777778
0.01873956	0.007233395	0.04263	0.0099
0.02144787	0.005126884	0.0425333333333	0.00976666666667
0.02908909	0.003666766	0.0430444444444	0.0100555555556
0.02114579	0.003439764	0.0430344444444	0.0100555555556
0.03045539	0.00348026	0.0471222222222	0.00927777777778
0.03101371	0.005234171	0.0493111111111	0.00958888888889
0.02945981	0.003917065	0.0465	0.0103
0.03048795	0.007938592	0.0493955555556	0.00994444444444
0.02385665	0.004363775	0.0448222222222	0.0102777777778
0.02645135	0.004570918	0.0439488888889	0.0102111111111
0.02940013	0.00451001	0.0495111111111	0.00988888888889
0.02904449	0.004877908	0.0495777777778	0.00982222222222
0.028565	0.003520432	0.0458488888889	0.0103111111111
0.01819934	0.005175109	0.0463755555556	0.00924444444444
0.02863194	0.005676181	0.0495333333333	0.00966666666667
0.03012965	0.00788036	0.04686	0.0103
0.03557209	0.004633916	0.0491555555556	0.0100444444444
0.03861272	0.004541387	0.0493922222222	0.00957777777778
0.01395791	0.006384363	0.0493922222222	0.00997777777778
0.02250389	0.005982268	0.0453755555556	0.00924444444444
0.02532573	0.004555087	0.0491444444444	0.0100555555556
0.02387108	0.009580478	0.0495266666667	0.00963333333333
0.02255894	0.00303807	0.0432666666667	0.0101333333333
0.01905261	0.00377204	0.0427666666667	0.00953333333333
0.02526927	0.003889635	0.0495555555556	0.00964444444444
0.02386166	0.004305329	0.0462377777778	0.0103222222222
0.03223564	0.005590137	0.0468288888889	0.0103111111111
0.02607224	0.004876001	0.0468555555556	0.00924444444444
0.02117364	0.004736172	0.0426333333333	0.00956666666667
0.03061572	0.005083083	0.0430444444444	0.00945555555556
0.02749317	0.003741461	0.0469555555556	0.00924444444444
0.0301728	0.003604138	0.0472044444444	0.00925555555556
0.03005388	0.005898061	0.0481066666667	0.0102333333333
0.0311957	0.00373707	0.0492977777778	0.00952222222222
0.02837354	0.003284633	0.0470355555556	0.00924444444444
0.02180432	0.00519673	0.0474733333333	0.00926666666667
0.02100507	0.005458872	0.0428044444444	0.0100555555556
0.03250214	0.007363796	0.0476422222222	0.00927777777778
0.02886255	0.005003805	0.0442333333333	0.0102666666667
0.03480308	0.004041708	0.0496555555556	0.00964444444444
0.03298025	0.006321818	0.0464877777778	0.00922222222222
0.01530771	0.005430119	0.0477222222222	0.0102777777778
0.02789275	0.00558996	0.0497811111111	0.00978888888889
0.02970886	0.006772579	0.0426666666667	0.0100333333333
0.02588093	0.008101872	0.0425888888889	0.0100111111111
0.02083218	0.002384151	0.0425444444444	0.00955555555556
0.02039309	0.006392587	0.0483666666667	0.00933333333333
0.02786731	0.006843	0.0497722222222	0.00987777777778
0.0231993	0.003312128	0.0454955555556	0.0103444444444
0.03214536	0.008548905	0.0442811111111	0.0102888888889
0.03396534	0.005219277	0.0433333333333	0.00936666666667
0.01758601	0.00638804	0.0434044444444	0.00935555555556
0.03070436	0.0051529	0.0423077777778	0.00962222222222
0.02958153	0.005070671	0.0474888888889	0.0103111111111
0.02047442	0.004495604	0.0429777777778	0.00942222222222
0.03382088	0.00355011	0.04599	0.0092
0.01993195	0.007476172	0.0421666666667	0.00973333333333
0.02710452	0.005880361	0.0424444444444	0.00955555555556
0.0281191	0.005643351	0.04635	0.0092
0.03081398	0.003693588	0.0473666666667	0.00923333333333
0.03376855	0.004556797	0.0498888888889	0.00971111111111
0.0250204	0.003759866	0.0433444444444	0.00935555555556
0.03164448	0.005721045	0.0474577777778	0.0103222222222
0.02025177	0.007618081	0.0499366666667	0.00973333333333
0.03120376	0.003529408	0.04238	0.01
0.03209543	0.003948899	0.0495	0.0095
0.0249742	0.003554534	0.0457333333333	0.0103666666667
0.03346711	0.003000164	0.0480133333333	0.00926666666667
0.02973831	0.004487816	0.04907	0.0094
0.03069587	0.003820437	0.0499133333333	0.00966666666667
0.02137021	0.004148967	0.0485666666667	0.0102333333333
0.02576731	0.003051559	0.0423555555556	0.00954444444444
0.02842086	0.008580508	0.0498555555556	0.00994444444444
0.03294799	0.007325331	0.0420633333333	0.00986666666667
0.02186512	0.005072984	0.0467333333333	0.0103666666667
0.02660785	0.006998451	0.0492477777778	0.00942222222222
0.0210754	0.003993053	0.0420355555556	0.00984444444444
0.02961458	0.008141158	0.0458922222222	0.0103777777778
0.03196973	0.004600901	0.0462222222222	0.00917777777778
0.01410748	0.00733527	0.0499066666667	0.00993333333333
0.02462473	0.002911709	0.0427777777778	0.00942222222222
0.02616684	0.004483463	0.0441555555556	0.00924444444444
0.02750017	0.004752427	0.0494444444444	0.00945555555556
0.02393397	0.004183634	0.0487666666667	0.00933333333333
0.02221924	0.005088873	0.0436311111111	0.00928888888889
0.02427119	0.003329091	0.0420222222222	0.00987777777778
0.02908178	0.004400239	0.0499	0.0096
0.0326284	0.004746092	0.0495111111111	0.0100888888889
0.02029572	0.005016207	0.0426666666667	0.00943333333333
0.02411573	0.007669267	0.0467022222222	0.00917777777778
0.02745191	0.006896241	0.0467022222222	0.00917777777778
0.02686792	0.004499596	0.0453222222222	0.00917777777778
0.02934762	0.006082721	0.0440455555556	0.00924444444444
0.02521055	0.007198124	0.0497	0.0095
0.02690521	0.005027786	0.0496733333333	0.0100666666667
0.02772407	0.008198436	0.0491133333333	0.00936666666667
0.02456813	0.003751136	0.0445	0.0092
0.03307341	0.005469129	0.0477555555556	0.0103444444444
0.01598263	0.00447627	0.0418555555556	0.00974444444444
0.02808605	0.002062923	0.0477888888889	0.00921111111111
0.0325471	0.005095564	0.0495266666667	0.00943333333333
0.0246113	0.00524172	0.04549	0.0104
0.02461006	0.002715356	0.0429	0.0102
0.02303715	0.004052609	0.0499933333333	0.00956666666667
0.02345799	0.001990207	0.0494	0.0094
0.02915001	0.004829569	0.0419455555556	0.00994444444444
0.02389683	0.005187871	0.0479188888889	0.00921111111111
0.02974258	0.002353249	0.0468744444444	0.00915555555556
0.03375314	0.004871276	0.0502111111111	0.00988888888889
0.02983276	0.0047201	0.0451444444444	0.00915555555556
0.02823954	0.004628421	0.0497333333333	0.00946666666667
0.03036345	0.003663883	0.0502	0.0099
0.03127807	0.006492429	0.0455888888889	0.0104111111111
0.02762766	0.004359021	0.0451	0.0104
0.01139694	0.005076286	0.0440555555556	0.0103444444444
0.03194559	0.003610695	0.0501777777778	0.00962222222222
0.0220252	0.004052041	0.04354	0.0103
0.02008024	0.003954599	0.0487222222222	0.00927777777778
0.02248756	0.006589026	0.04189	0.0096
0.03659506	0.00498983	0.0467555555556	0.00914444444444
0.03257187	0.006054098	0.0485344444444	0.00925555555556
0.0198871	0.002933275	0.0446733333333	0.00916666666667
0.02693548	0.003695534	0.0500644444444	0.00955555555556
0.02981621	0.003929433	0.0441144444444	0.0103555555556
0.03355039	0.004632644	0.0458666666667	0.00913333333333
0.02807214	0.003886467	0.0500488888889	0.0100111111111
0.0257437	0.006422212	0.0496777777778	0.0101222222222
0.02578775	0.005168069	0.0476222222222	0.00917777777778
0.03115962	0.003695119	0.0423155555556	0.00944444444444
0.02899025	0.007569567	0.0450555555556	0.00914444444444
0.02525811	0.003840293	0.0503555555556	0.00984444444444
0.02452743	0.005255759	0.0438555555556	0.0103444444444
0.02125301	0.008361283	0.0427555555556	0.00934444444444
0.02860665	0.007500177	0.0491577777778	0.00932222222222
0.02289697	0.00441069	0.0422588888889	0.0101111111111
0.02067313	0.005646683	0.0485555555556	0.00924444444444
0.0264743	0.005675164	0.04244	0.0094
0.01834163	0.004399534	0.0446444444444	0.00915555555556
0.03379971	0.004060889	0.0458777777778	0.00912222222222
0.02667015	0.003809328	0.0430911111111	0.00928888888889
0.03267364	0.004227249	0.0483777777778	0.00922222222222
0.0288261	0.006889978	0.0464777777778	0.00912222222222
0.0226683	0.003720585	0.0435266666667	0.00923333333333
0.02038787	0.004110611	0.0432111111111	0.0102888888889
0.0327271	0.003274499	0.0421111111111	0.0100888888889
0.02554259	0.00704645	0.0498555555556	0.00944444444444
0.02938147	0.005051929	0.0419555555556	0.0100444444444
0.01448713	0.006010482	0.0485866666667	0.00923333333333
0.02728568	0.003785187	0.0484777777778	0.00922222222222
0.01964323	0.005765391	0.0425111111111	0.0101888888889
0.03268564	0.00375097	0.0503777777778	0.00992222222222
0.02704423	0.004917257	0.0458955555556	0.0104444444444
0.03168436	0.007280435	0.0429733333333	0.0102666666667
0.02435403	0.002666772	0.0426777777778	0.0102222222222
0.02691635	0.005881676	0.0502444444444	0.00955555555556
0.03134057	0.004452687	0.0505044444444	0.00975555555556
0.02546134	0.003231146	0.0447777777778	0.0104222222222
0.02972727	0.008587205	0.0465555555556	0.0104444444444
0.02559328	0.00518067	0.0493377777778	0.00932222222222
0.03739709	0.005799844	0.0479111111111	0.0103888888889
0.01434356	0.006483087	0.0477444444444	0.00915555555556
0.02343123	0.003328621	0.0486177777778	0.00922222222222
0.01797063	0.005051156	0.05031	0.01
0.02127879	0.002871469	0.0476555555556	0.00914444444444
0.03086334	0.004239522	0.0463444444444	0.0104555555556
0.01760015	0.007291587	0.0445666666667	0.00913333333333
0.0291911	0.005467451	0.0505	0.0099
0.02293081	0.01145964	0.0485455555556	0.0103444444444
0.03065126	0.003134463	0.0480333333333	0.00916666666667
0.01610654	0.004460916	0.0472766666667	0.0104333333333
0.03049308	0.00411517	0.04552	0.0091
0.02056059	0.003475863	0.0415022222222	0.00987777777778
0.02800379	0.004803106	0.0497833333333	0.0101666666667
0.02942528	0.004897718	0.0466444444444	0.0104555555556
0.02912575	0.006616722	0.0504444444444	0.00995555555556
0.03001759	0.006844514	0.0453144444444	0.0104555555556
0.0319566	0.007686517	0.0501933333333	0.0100666666667
0.02877812	0.003732844	0.0461333333333	0.0104666666667
0.03174573	0.004269098	0.0428222222222	0.0102777777778
0.03566321	0.005989552	0.0498022222222	0.0101777777778
0.02983687	0.006309778	0.0427333333333	0.0102666666667
0.02992806	0.006043654	0.0475666666667	0.0104333333333
0.02252983	0.005731523	0.04499	0.0091
0.01950484	0.007015845	0.0501444444444	0.00945555555556
0.03422129	0.005005174	0.0453911111111	0.00908888888889
0.03173222	0.004819588	0.0481	0.0104
0.02821406	0.004722508	0.0413888888889	0.00971111111111
0.02201259	0.006511287	0.0419666666667	0.00943333333333
0.03167705	0.004665992	0.0473888888889	0.00911111111111
0.02700701	0.007575339	0.0439044444444	0.00915555555556
0.01922989	0.005013354	0.0434	0.0092
0.03009567	0.003709149	0.04865	0.0092
0.02583859	0.004302065	0.05032	0.0095
0.02464315	0.003841906	0.0468511111111	0.00908888888889
0.01855552	0.003471941	0.0448444444444	0.0104555555556
0.02152559	0.008160639	0.0476777777778	0.00912222222222
0.0186029	0.00583846	0.0415222222222	0.00997777777778
0.03000855	0.004441195	0.0472444444444	0.0104555555556
0.02810192	0.005664898	0.0456122222222	0.0104777777778
0.02249478	0.006289096	0.04478	0.0091
0.02329917	0.003211672	0.0447144444444	0.0104555555556
0.02094673	0.004379601	0.0425444444444	0.0102555555556
0.02386779	0.005856263	0.0442666666667	0.0104333333333
0.03088793	0.0067953	0.0506933333333	0.00966666666667
0.03060453	0.006253399	0.0475955555556	0.0104444444444
0.03048236	0.004984778	0.0479777777778	0.0104222222222
0.02644043	0.004615866	0.04466	0.0091
0.03161561	0.006622217	0.0459511111111	0.0104888888889
0.02957424	0.005664426	0.0458333333333	0.00906666666667
0.03502393	0.004920495	0.0438155555556	0.00914444444444
0.02248128	0.00662748	0.04451	0.0091
0.01872183	0.006098368	0.0506333333333	0.00996666666667
0.02971235	0.004611598	0.0475444444444	0.0104555555556
0.02789845	0.008320808	0.04838	0.0104
0.02179808	0.005204996	0.0465333333333	0.00906666666667
0.02529986	0.002192255	0.0428288888889	0.0103111111111
0.02369256	0.007480174	0.0470222222222	0.0104777777778
0.02345879	0.003635757	0.0417444444444	0.00945555555556
0.02298159	0.003770928	0.0473333333333	0.0104666666667
0.02607444	0.005509484	0.0413	0.0099
0.02491407	0.005337024	0.0418988888889	0.00941111111111
0.03302676	0.004150227	0.0452333333333	0.00906666666667
0.0203826	0.008801516	0.0412066666667	0.00973333333333
0.01806679	0.003818725	0.04772	0.0091
0.03255418	0.005245472	0.0501544444444	0.0101555555556
0.03266323	0.0057223	0.0435444444444	0.00915555555556
0.0195386	0.007153423	0.0500622222222	0.0101777777778
0.02726974	0.004046665	0.0480966666667	0.0104333333333
0.02880487	0.003371407	0.0479555555556	0.0104444444444
0.01964153	0.004322709	0.0427866666667	0.00923333333333
0.02137435	0.00530665	0.0497	0.0093
0.03024504	0.004109917	0.0411566666667	0.00973333333333
0.02553907	0.004288455	0.0493555555556	0.00924444444444
0.02861965	0.004204055	0.0495111111111	0.0102888888889
0.0345249	0.008165555	0.0476611111111	0.00908888888889
0.02052214	0.004528177	0.0497888888889	0.00931111111111
0.03060869	0.006303379	0.0467944444444	0.00905555555556
0.03528265	0.00574193	0.0509222222222	0.00977777777778
0.02921938	0.00381002	0.0495333333333	0.00926666666667
0.03232566	0.005448333	0.0507	0.01
0.03147202	0.0029669	0.04114	0.0097
0.03144371	0.004555637	0.0436666666667	0.00913333333333
0.03741323	0.003708741	0.0483866666667	0.00913333333333
0.03340491	0.006623253	0.0508911111111	0.00988888888889
0.02468417	0.008024752	0.0420388888889	0.0102111111111
0.03470195	0.004524972	0.0506777777778	0.0100222222222
0.03321398	0.005328279	0.0509133333333	0.00966666666667
0.02985411	0.003716504	0.0509444444444	0.00985555555556
0.03338874	0.007813192	0.05028	0.0094
0.02198904	0.004492386	0.0425888888889	0.0103111111111
0.02453487	0.003065342	0.0411777777778	0.00962222222222
0.02069682	0.007318239	0.04194	0.0102
0.02395	0.005082044	0.0459777777778	0.0105222222222
0.02875014	0.00867465	0.0468888888889	0.0105111111111
0.02824707	0.003202283	0.0479333333333	0.0104666666667
0.03163041	0.005527904	0.0508111111111	0.00998888888889
0.03099108	0.004737377	0.05088	0.0096
0.02240055	0.006694341	0.0450555555556	0.00904444444444
0.02077737	0.006973571	0.0455566666667	0.00903333333333
0.02350363	0.005088337	0.04116	0.0096
0.02321146	0.00390866	0.0491111111111	0.00918888888889
0.02508188	0.003800489	0.0439	0.0091
0.02321118	0.007935586	0.0494766666667	0.00923333333333
0.02940411	0.006019921	0.0424888888889	0.0103111111111
0.02546969	0.005801457	0.0432688888889	0.0104111111111
0.03167639	0.006267226	0.0472388888889	0.0105111111111
0.02173902	0.003458784	0.0439333333333	0.0104666666667
0.01709569	0.005486008	0.0457766666667	0.0105333333333
0.02964378	0.003192923	0.0491222222222	0.00917777777778
0.03417284	0.005599879	0.0507444444444	0.0100555555556
0.02867314	0.004187093	0.0508277777778	0.0100222222222
0.02390505	0.005193944	0.0411888888889	0.0100111111111
0.0288315	0.005263507	0.0484555555556	0.0104444444444
0.01919556	0.00298568	0.0428822222222	0.0103777777778
0.02512284	0.004105398	0.0409222222222	0.00977777777778
0.03023852	0.004260842	0.0505377777778	0.00942222222222
0.01880723	0.003514352	0.0430644444444	0.00915555555556
0.02262772	0.005242075	0.04126	0.0095
0.02569007	0.008781962	0.0510922222222	0.00967777777778
0.02876157	0.005816554	0.0422111111111	0.0102888888889
0.02852023	0.003940028	0.0477344444444	0.00905555555556
0.02335931	0.005826585	0.0468777777778	0.00902222222222
0.02528636	0.006286536	0.0507111111111	0.0100888888889
0.02644101	0.005632922	0.0459555555556	0.0105444444444
0.02502055	0.006599349	0.0414766666667	0.0101333333333
0.02356211	0.007738684	0.0457555555556	0.0105444444444
0.02943723	0.004720914	0.0411777777778	0.00952222222222
0.02155033	0.004843122	0.0429111111111	0.0103888888889
0.02319688	0.007165805	0.0412533333333	0.0100666666667
0.03091438	0.006794461	0.0420333333333	0.0102666666667
0.02754664	0.006149601	0.0449777777778	0.00902222222222
0.02246154	0.006133487	0.0408666666667	0.00973333333333
0.02615754	0.003165066	0.0512	0.0098
0.02391083	0.003561558	0.0418888888889	0.00931111111111
0.02846766	0.004103385	0.0511888888889	0.00971111111111
0.02319643	0.005838042	0.0424688888889	0.00921111111111
0.02340778	0.003544496	0.0412222222222	0.0100777777778
0.03715895	0.00804153	0.0512	0.0097
0.02859832	0.003671575	0.0458044444444	0.0105555555556
0.02116037	0.007457812	0.0463044444444	0.0105555555556
0.02526817	0.006821163	0.0411155555556	0.0100444444444
0.0315974	0.005259361	0.0495444444444	0.0103555555556
0.02533366	0.003918174	0.0503277777778	0.0102222222222
0.02109704	0.004011785	0.0441988888889	0.0105111111111
0.02919591	0.005831764	0.0511577777778	0.00962222222222
0.02990837	0.005791345	0.0508333333333	0.00946666666667
0.02834757	0.004526636	0.0474666666667	0.0105333333333
0.02592042	0.006075382	0.0445777777778	0.00902222222222
0.01817228	0.00759428	0.0484122222222	0.0104777777778
0.04000243	0.004743935	0.0509444444444	0.0100555555556
0.03337998	0.005037713	0.0482711111111	0.0104888888889
0.02307647	0.00465582	0.0469444444444	0.0105555555556
0.025725	0.00850429	0.0512888888889	0.00971111111111
0.02388024	0.005953928	0.0407355555556	0.00974444444444
0.02546754	0.003378389	0.0473288888889	0.00901111111111
0.02256833	0.003294532	0.0411222222222	0.0100777777778
0.02874965	0.007446498	0.0486333333333	0.0104666666667
0.03073507	0.006831909	0.0449944444444	0.0105555555556
0.04092886	0.0041136	0.0480555555556	0.00904444444444
0.02341164	0.005728477	0.0453933333333	0.0105666666667
0.03647275	0.005567343	0.0503255555556	0.0102444444444
0.02885923	0.006387633	0.0413344444444	0.0101555555556
0.02800773	0.004408645	0.0448844444444	0.0105555555556
0.02454208	0.003066255	0.0509333333333	0.00946666666667
0.03130542	0.006568889	0.0443177777778	0.00902222222222
0.03114331	0.006419497	0.0497	0.0092
0.03271105	0.004353001	0.0487111111111	0.00908888888889
0.0216792	0.003529362	0.0506422222222	0.0101777777778
0.02676865	0.005291808	0.0512888888889	0.00991111111111
0.03561897	0.003563535	0.0512955555556	0.00964444444444
0.01944766	0.002846303	0.0477677777778	0.00902222222222
0.02526157	0.004179746	0.0498677777778	0.00922222222222
0.02860109	0.004468821	0.0420355555556	0.00924444444444
0.03115002	0.005051361	0.0451233333333	0.0105666666667
0.02337047	0.002495504	0.0407666666667	0.00993333333333
0.02894354	0.006207361	0.04474	0.009
0.02450082	0.005940844	0.0437	0.0105
0.03054416	0.004931893	0.0475888888889	0.00901111111111
0.02486517	0.008025649	0.0513611111111	0.00968888888889
0.03009689	0.006902282	0.0490388888889	0.00911111111111
0.03026814	0.004530915	0.0508666666667	0.0101333333333
0.01553661	0.007900216	0.0412444444444	0.0101555555556
0.03320265	0.004021699	0.0436	0.0105
0.0283546	0.003788043	0.0495611111111	0.0103888888889
0.03519378	0.005106071	0.0507222222222	0.00937777777778
0.03580472	0.005194747	0.0472333333333	0.0105666666667
0.02686238	0.005597955	0.0512933333333	0.00996666666667
0.03078216	0.005384761	0.0416444444444	0.0102555555556
0.03235805	0.005692533	0.051	0.0101
0.02415937	0.003636846	0.0410111111111	0.0100888888889
0.02759727	0.005020165	0.0460633333333	0.00896666666667
0.02210135	0.008097744	0.0513011111111	0.00958888888889
0.02262541	0.00368036	0.0408666666667	0.0100333333333
0.02182501	0.004853182	0.0408888888889	0.00951111111111
0.02266625	0.007273422	0.0463911111111	0.0105888888889
0.02379786	0.007695442	0.0489133333333	0.0104666666667
0.01580828	0.005143659	0.0407422222222	0.00957777777778
0.0210454	0.003922437	0.0485444444444	0.00905555555556
0.03899767	0.008828721	0.0492666666667	0.0104333333333
0.03067691	0.005037016	0.0514666666667	0.00983333333333
0.02679078	0.003467872	0.0514333333333	0.00966666666667
0.01735434	0.00467704	0.0476844444444	0.0105555555556
0.02630301	0.003023232	0.0409111111111	0.00948888888889
0.02482112	0.003323371	0.0410666666667	0.00943333333333
0.0285566	0.004229486	0.04058	0.0097
0.02545842	0.005154175	0.0477	0.009
0.02009999	0.006207556	0.0514866666667	0.00973333333333
0.02588879	0.007913855	0.0507611111111	0.0101888888889
0.02788284	0.003820191	0.0409844444444	0.00945555555556
0.03062088	0.006840994	0.0427377777778	0.00912222222222
0.03162068	0.007221089	0.0452333333333	0.00896666666667
0.02435358	0.00371867	0.0479888888889	0.00901111111111
0.02916795	0.003974896	0.0509488888889	0.00941111111111
0.03083778	0.0045408	0.0490333333333	0.0104666666667
0.02484027	0.007434511	0.0501077777778	0.00922222222222
0.02843514	0.006290829	0.0466444444444	0.00895555555556
0.01778951	0.006419859	0.0434555555556	0.00904444444444
0.0209376	0.007832955	0.0411333333333	0.0101666666667
0.02175317	0.005053831	0.0405222222222	0.00987777777778
0.02824676	0.006432034	0.0510266666667	0.0101333333333
0.03113111	0.005337572	0.0467	0.0106
0.02568971	0.007583587	0.0430522222222	0.0104777777778
0.01885555	0.005523588	0.0439055555556	0.0105444444444
0.02556375	0.003316858	0.0421111111111	0.00918888888889
0.03136353	0.004721684	0.0452744444444	0.00895555555556
0.03125644	0.005992533	0.0435666666667	0.00903333333333
0.03247883	0.004472515	0.0506666666667	0.0102333333333
0.02937941	0.004022973	0.0445222222222	0.0105777777778
0.03080005	0.004240946	0.0428	0.0091
0.01577121	0.0058019	0.0515777777778	0.00982222222222
0.02537304	0.003483376	0.0433955555556	0.00904444444444
0.03076059	0.004223328	0.04802	0.009
0.02874114	0.003718968	0.0515444444444	0.00965555555556
0.03570022	0.006368806	0.0456955555556	0.00894444444444
0.01784285	0.005367597	0.0463555555556	0.00894444444444
0.02067842	0.004185043	0.0463888888889	0.0106111111111
0.02592269	0.006130922	0.0493888888889	0.00911111111111
0.02788456	0.005381521	0.0512111111111	0.0100888888889
0.0332709	0.004802156	0.0502666666667	0.00923333333333
0.02975693	0.005378479	0.0470444444444	0.00895555555556
0.0289089	0.004446836	0.0446533333333	0.00896666666667
0.02918139	0.004860375	0.0446111111111	0.0105888888889
0.03200309	0.003965256	0.0466488888889	0.0106111111111
0.02257774	0.003665587	0.0416888888889	0.0103111111111
0.02272603	0.005195323	0.0429222222222	0.00907777777778
0.03024983	0.00329501	0.0513766666667	0.0100333333333
0.02382353	0.002769282	0.0467455555556	0.00894444444444
0.0249572	0.007183191	0.0513111111111	0.00948888888889
0.02235772	0.004234397	0.04059	0.01
0.02925299	0.003657833	0.0432555555556	0.00904444444444
0.02701453	0.005325072	0.0404133333333	0.00986666666667
0.02031032	0.007186135	0.0415333333333	0.00926666666667
0.03334516	0.007713897	0.0478222222222	0.0105777777778
0.03212031	0.005247507	0.0507777777778	0.00932222222222
0.03050779	0.004421541	0.0500733333333	0.0103666666667
0.02630098	0.003889214	0.0458666666667	0.00893333333333
0.02298028	0.004439228	0.0494	0.0091
0.01852671	0.006396848	0.0417577777778	0.00922222222222
0.02970942	0.007052354	0.0504155555556	0.00924444444444
0.03184857	0.007962998	0.0503566666667	0.00923333333333
0.01907151	0.004961544	0.0456166666667	0.00893333333333
0.03411228	0.008162292	0.0424166666667	0.0104333333333
0.02471451	0.005423907	0.0441222222222	0.0105777777778
0.02266587	0.002855729	0.0516077777778	0.00962222222222
0.0211521	0.004729092	0.0481311111111	0.00898888888889
0.02927166	0.002562174	0.0415244444444	0.00925555555556
0.02776216	0.002897818	0.0442333333333	0.00896666666667
0.02789165	0.004447037	0.0514777777778	0.00952222222222
0.0323155	0.004252908	0.0517555555556	0.00974444444444
0.02404941	0.004340792	0.0517222222222	0.00967777777778
0.02935212	0.004327939	0.0517333333333	0.00966666666667
0.02751918	0.00520103	0.0497566666667	0.0104333333333
0.02937862	0.003509306	0.0448977777778	0.0106222222222
0.02097288	0.004406357	0.0405933333333	0.0100666666667
0.02851156	0.003807329	0.0499288888889	0.0104111111111
0.02829333	0.006475763	0.0507222222222	0.0102777777778
0.02497918	0.0060583	0.0425511111111	0.00908888888889
0.02501564	0.002617217	0.0402744444444	0.00985555555556
0.02273214	0.00492047	0.0492911111111	0.0104888888889
0.02592032	0.007399817	0.0480011111111	0.0105888888889
0.02921021	0.004688897	0.0475455555556	0.00894444444444
0.02741569	0.006015474	0.0428444444444	0.00905555555556
0.01969862	0.004484683	0.04423	0.0106
0.02404186	0.005652058	0.0429555555556	0.00904444444444
0.01860239	0.005735102	0.04348	0.009
0.01626106	0.003771703	0.04784	0.0106
0.03206401	0.004567359	0.0459888888889	0.00891111111111
0.03293392	0.004770718	0.0508111111111	0.00928888888889
0.02606237	0.003725741	0.0409111111111	0.0101888888889
0.03399883	0.003953597	0.0517922222222	0.00967777777778
0.02322227	0.003765902	0.0450277777778	0.00892222222222
0.02862244	0.004556718	0.0510688888889	0.0102111111111
0.03201423	0.002613289	0.0428888888889	0.0105111111111
0.02658933	0.004201758	0.0414088888889	0.0103111111111
0.02958962	0.005001541	0.0402444444444	0.00965555555556
0.02177699	0.003322378	0.04134	0.0103
0.02747125	0.009451127	0.0417033333333	0.0103666666667
0.0289937	0.007270278	0.0442555555556	0.00894444444444
0.03508832	0.002314638	0.0508222222222	0.0102777777778
0.01920457	0.004099012	0.0401666666667	0.00983333333333
0.02539672	0.003111432	0.0414777777778	0.00922222222222
0.03287633	0.004130234	0.0512111111111	0.0101888888889
0.02597365	0.007195989	0.0469555555556	0.0106444444444
0.02300039	0.00499446	0.0459444444444	0.0106555555556
0.02883982	0.004664768	0.0506888888889	0.0103111111111
0.01821845	0.003589733	0.0427888888889	0.0105111111111
0.02024263	0.003491083	0.0403777777778	0.0100222222222
0.03007262	0.005044857	0.0511555555556	0.00934444444444
0.03076677	0.004074102	0.0440888888889	0.0106111111111
0.02217611	0.00642521	0.0403666666667	0.0100333333333
0.01957259	0.003616806	0.0430888888889	0.00901111111111
0.02562654	0.005666905	0.0418	0.0104
0.03389229	0.003867104	0.0519222222222	0.00967777777778
0.02684193	0.00661671	0.0405777777778	0.00942222222222
0.01694819	0.004449758	0.0432911111111	0.00898888888889
0.02947338	0.004236655	0.0478666666667	0.00893333333333
0.02668399	0.007147309	0.05054	0.0092
0.02156946	0.003902904	0.0439555555556	0.00894444444444
0.02435317	0.004779545	0.0441666666667	0.00893333333333
0.01947136	0.005732083	0.0411333333333	0.00926666666667
0.02505675	0.004773829	0.0435433333333	0.00896666666667
0.03481252	0.004290622	0.0433822222222	0.0105777777778
0.02495214	0.005147593	0.0504422222222	0.0103777777778
0.02315603	0.004316472	0.0474555555556	0.0106444444444
0.03339056	0.004651691	0.0419666666667	0.0104333333333
0.02631685	0.006528672	0.0449	0.0089
0.03031705	0.006584424	0.0404444444444	0.00945555555556
0.01582491	0.01024638	0.0400344444444	0.00975555555556
0.02822004	0.003494077	0.0467333333333	0.0106666666667
0.03123627	0.004450935	0.0506	0.0092
0.02612601	0.004522517	0.0475555555556	0.0106444444444
0.02651224	0.004069102	0.0519555555556	0.00964444444444
0.01621016	0.005174865	0.0425688888889	0.0105111111111
0.02768425	0.005746872	0.0482888888889	0.0106111111111
0.0343968	0.005823174	0.0423333333333	0.00906666666667
0.02875505	0.003432582	0.0427477777778	0.00902222222222
0.03334172	0.005209402	0.0513444444444	0.00935555555556
0.02754517	0.005135469	0.0407	0.0102
0.02042319	0.006356982	0.0505222222222	0.00917777777778
0.03329828	0.004043655	0.0505222222222	0.0103777777778
0.02603728	0.003808936	0.0498222222222	0.00907777777778
0.0268399	0.007528762	0.0422222222222	0.00907777777778
0.01687906	0.007526239	0.0443555555556	0.0106444444444
0.02441646	0.006179827	0.0476888888889	0.00891111111111
0.03133835	0.006798538	0.0519666666667	0.00993333333333
0.02271368	0.00679176	0.0520466666667	0.00983333333333
0.02850363	0.002896695	0.0419555555556	0.0104444444444
0.02221201	0.006937428	0.0449811111111	0.00888888888889
0.01896452	0.004530149	0.0519333333333	0.00996666666667
0.0264974	0.004436128	0.0520666666667	0.00973333333333
0.02797609	0.005748457	0.0501155555556	0.0104444444444
0.03081158	0.008119158	0.0514911111111	0.00938888888889
0.02949152	0.005359814	0.0487111111111	0.0105888888889
0.02275102	0.004893194	0.0401444444444	0.00955555555556
0.02110676	0.008633665	0.0467422222222	0.00887777777778
0.02311292	0.002658586	0.0405411111111	0.00938888888889
0.0244428	0.003652302	0.0508777777778	0.0103222222222
0.02512945	0.00446388	0.0513555555556	0.00934444444444
0.02521856	0.004733572	0.0416	0.0104
0.02883845	0.004882692	0.0520066666667	0.00993333333333
0.02464856	0.007415529	0.0480577777778	0.00892222222222
0.02192776	0.003409357	0.0489022222222	0.00897777777778
0.02391206	0.003530605	0.0482666666667	0.00893333333333
0.03012921	0.005657852	0.0439666666667	0.0106333333333
0.03159586	0.006146088	0.0490533333333	0.0105666666667
0.02757781	0.005713461	0.0512488888889	0.00931111111111
0.03551707	0.003923196	0.0518244444444	0.0100555555556
0.02892855	0.005438099	0.0460333333333	0.00886666666667
0.03083201	0.007027966	0.0490733333333	0.0105666666667
0.0253689	0.003115873	0.0461811111111	0.0106888888889
0.02713477	0.004968502	0.0423	0.0105
0.03082573	0.005639947	0.0458111111111	0.0106888888889
0.02288073	0.005284637	0.0494377777778	0.00902222222222
0.02531521	0.006809189	0.0456933333333	0.00886666666667
0.0296417	0.003550122	0.05158	0.0094
0.02183031	0.005772712	0.0519822222222	0.00957777777778
0.02478665	0.003977953	0.0509888888889	0.0103111111111
0.02569643	0.0044334	0.0429333333333	0.0105666666667
0.02498404	0.003393024	0.0495777777778	0.0105222222222
0.02577104	0.004222698	0.0438566666667	0.0106333333333
0.02238549	0.005596128	0.0424566666667	0.00903333333333
0.03341933	0.006156239	0.0521333333333	0.00986666666667
0.02185939	0.002429395	0.0472222222222	0.00887777777778
0.01475023	0.002779531	0.0467833333333	0.00886666666667
0.02358752	0.002585802	0.0489111111111	0.0105888888889
0.02309634	0.004809511	0.0401355555556	0.0100444444444
0.02756931	0.005634078	0.0505544444444	0.00915555555556
0.03684746	0.006794425	0.05218	0.0098
0.03211364	0.003482245	0.0498444444444	0.00905555555556
0.02031314	0.005215487	0.04609	0.0107
0.02982354	0.005427375	0.04792	0.0089
0.03407328	0.005387429	0.0470533333333	0.00886666666667
0.02417047	0.002710991	0.0432	0.0106
0.02278873	0.004685962	0.0429222222222	0.0105777777778
0.02311218	0.005881931	0.0415866666667	0.00913333333333
0.02355618	0.004721749	0.0522133333333	0.00976666666667
0.02689464	0.004139808	0.0408122222222	0.00927777777778
0.02386673	0.005875988	0.0455	0.0107
0.02414361	0.005603729	0.0404733333333	0.00936666666667
0.02953884	0.005848132	0.0519555555556	0.0100444444444
0.03206169	0.002455683	0.0499	0.0105
0.02934433	0.004306752	0.0449111111111	0.0106888888889
0.01800479	0.006640388	0.0402044444444	0.00945555555556
0.01873955	0.003613292	0.0477911111111	0.00888888888889
0.02398507	0.003570179	0.0400566666667	0.0100333333333
0.03269987	0.007291858	0.0521677777778	0.00992222222222
0.03877041	0.005912951	0.0505888888889	0.0104111111111
0.02956433	0.004572211	0.0509688888889	0.00921111111111
0.02859924	0.004784026	0.0521333333333	0.00996666666667
0.02580689	0.004579996	0.0398666666667	0.00993333333333
0.01649595	0.006934401	0.0406155555556	0.0102444444444
0.03198456	0.006386127	0.052	0.0095
0.03097874	0.004938435	0.0455688888889	0.0107111111111
0.02708765	0.005560245	0.0520666666667	0.00953333333333
0.02692115	0.003002613	0.0521888888889	0.00961111111111
0.02285173	0.006395486	0.0465555555556	0.00884444444444
0.0150825	0.004822395	0.0449044444444	0.00885555555556
0.02770834	0.006283228	0.0494111111111	0.00898888888889
0.02110342	0.004205441	0.0472	0.0107
0.02893243	0.002654206	0.0522888888889	0.00971111111111
0.02289312	0.003666887	0.0478222222222	0.00887777777778
0.02705385	0.004294884	0.0480611111111	0.00888888888889
0.03440985	0.003508983	0.0520777777778	0.00952222222222
0.02549133	0.002890831	0.0452088888889	0.0107111111111
0.02290957	0.006760921	0.0397966666667	0.00963333333333
0.02385945	0.003732699	0.0409888888889	0.00921111111111
0.02751572	0.003821089	0.0484888888889	0.00891111111111
0.01826304	0.006332541	0.04	0.0095
0.01682849	0.005461222	0.0481111111111	0.00888888888889
0.02157391	0.005946691	0.05128	0.0103
0.02782732	0.002214454	0.0400322222222	0.0100777777778
0.02407519	0.009954087	0.0415455555556	0.0104444444444
0.02038923	0.003529009	0.0458777777778	0.0107222222222
0.02306729	0.004368422	0.0402511111111	0.00938888888889
0.02865249	0.005704379	0.0402822222222	0.0101777777778
0.03338037	0.00516571	0.0470888888889	0.0107111111111
0.03881499	0.002143871	0.0522222222222	0.00997777777778
0.02611503	0.004075091	0.0485988888889	0.00891111111111
0.0268455	0.003950833	0.0466266666667	0.00883333333333
0.02274621	0.00492342	0.0406222222222	0.00927777777778
0.02023689	0.007752546	0.0523188888889	0.00991111111111
0.02585555	0.005382527	0.0447555555556	0.00884444444444
0.02431671	0.003123967	0.0413277777778	0.0104222222222
0.02722308	0.003287038	0.0397733333333	0.00996666666667
0.03102538	0.004819126	0.0468666666667	0.00883333333333
0.02687428	0.006166307	0.0473555555556	0.00884444444444
0.02998295	0.004362763	0.0418444444444	0.00905555555556
0.03222739	0.00456996	0.0521111111111	0.00948888888889
0.01055424	0.005514165	0.0473788888889	0.0107111111111
0.03625758	0.003417851	0.0469777777778	0.0107222222222
0.02876992	0.005496678	0.0462266666667	0.0107333333333
0.03643895	0.005391799	0.0514333333333	0.00926666666667
0.02952582	0.006909523	0.0493	0.0106
0.03377535	0.005871292	0.0511344444444	0.0103555555556
0.03325832	0.007251464	0.0509611111111	0.0103888888889
0.03453379	0.004780918	0.0520911111111	0.0100888888889
0.03236956	0.00502425	0.0513555555556	0.00924444444444
0.02855155	0.006116983	0.0420666666667	0.0105333333333
0.03241497	0.005804316	0.0512666666667	0.0103333333333
0.02684514	0.00556264	0.0518333333333	0.00936666666667
0.02968698	0.006923621	0.0467466666667	0.0107333333333
0.02063757	0.006283407	0.0521711111111	0.00948888888889
0.02771359	0.005389188	0.0483222222222	0.00887777777778
0.02751872	0.00565773	0.0509444444444	0.00915555555556
0.03011354	0.003574702	0.0520177777778	0.00942222222222
0.02709158	0.002912889	0.0522	0.0095
0.02145674	0.004310801	0.0522	0.0095
0.03646493	0.005344162	0.0524333333333	0.00966666666667
0.02166142	0.004632401	0.0413555555556	0.0104444444444
0.02590517	0.006530034	0.0523533333333	0.00996666666667
0.02566319	0.005053682	0.0459888888889	0.00881111111111
0.02901384	0.004416044	0.0450266666667	0.0107333333333
0.02045746	0.00992958	0.0404822222222	0.00927777777778
0.02541019	0.004991806	0.0457555555556	0.0107444444444
0.01799696	0.004090593	0.0395577777778	0.00972222222222
0.03288209	0.006472436	0.0438333333333	0.00886666666667
0.01773234	0.004633835	0.0499788888889	0.00901111111111
0.02870423	0.006405456	0.0511711111111	0.00918888888889
0.02139084	0.003570734	0.0428377777778	0.0106222222222
0.02793753	0.005863617	0.04004	0.0094
0.02481463	0.006971395	0.0401022222222	0.0101777777778
0.0324612	0.006954536	0.0506844444444	0.0104555555556
0.02029294	0.004527087	0.0399888888889	0.00941111111111
0.02480054	0.004457354	0.0489888888889	0.00891111111111
0.03273029	0.003386626	0.0432	0.0089
0.02712377	0.00666593	0.0525133333333	0.00986666666667
0.02894746	0.005442671	0.0498511111111	0.00898888888889
0.0352894	0.006663109	0.0522744444444	0.0100555555556
0.03353052	0.002519639	0.0516222222222	0.0102777777778
0.04115336	0.005043447	0.0483533333333	0.00886666666667
0.02477614	0.004804813	0.0525222222222	0.00987777777778
0.0313695	0.00739329	0.0396222222222	0.00997777777778
0.03055198	0.00407738	0.05254	0.0097
0.01467616	0.005616144	0.0460444444444	0.0107555555556
0.03056716	0.004704743	0.0462444444444	0.0107555555556
0.03521034	0.006320811	0.0494555555556	0.00894444444444
0.02555651	0.003313659	0.0400422222222	0.0101777777778
0.02514895	0.004783958	0.0464	0.0088
0.02203985	0.008694241	0.04096	0.0104
0.02904435	0.003610325	0.0456	0.0088
0.02249274	0.003269978	0.04894	0.0089
0.02674221	0.003144022	0.0465444444444	0.0107555555556
0.02384139	0.006863793	0.0503888888889	0.0105111111111
0.02477718	0.005733562	0.04071	0.0092
0.03516936	0.005310841	0.0482944444444	0.00885555555556
0.03320024	0.003358178	0.0526	0.0098
0.03165267	0.004221776	0.0526	0.0098
0.0224556	0.00567015	0.0427777777778	0.00892222222222
0.03113719	0.006694194	0.0420933333333	0.0105666666667
0.0346584	0.003960077	0.0515555555556	0.00924444444444
0.02992738	0.005354362	0.0508	0.0091
0.02947468	0.004090563	0.0428888888889	0.00891111111111
0.03207281	0.005001444	0.0514666666667	0.0103333333333
0.03525888	0.004294261	0.0526	0.0097
0.03254531	0.002587962	0.0526222222222	0.00977777777778
0.02953972	0.007169447	0.0498111111111	0.0105888888889
0.03083664	0.004840018	0.0415755555556	0.00904444444444
0.03114624	0.004789075	0.0512333333333	0.00916666666667
0.01674089	0.005939407	0.0457111111111	0.00878888888889
0.02662255	0.004233797	0.0436044444444	0.00885555555556
0.02966249	0.005199015	0.0526	0.0099
0.0255602	0.007360949	0.0526044444444	0.00965555555556
0.0262809	0.003372044	0.0455111111111	0.00878888888889
0.02488951	0.003119867	0.0455111111111	0.00878888888889
0.03272895	0.006515267	0.0526333333333	0.00986666666667
0.0228622	0.004489546	0.0454111111111	0.00878888888889
0.03361827	0.003247481	0.0523333333333	0.00946666666667
0.01895317	0.004449338	0.0393777777778	0.00982222222222
0.03144762	0.006745949	0.0401844444444	0.0102555555556
0.03507575	0.004701766	0.0517333333333	0.00926666666667
0.01159166	0.006040199	0.0417755555556	0.0105444444444
0.02474794	0.004769087	0.0509	0.0091
0.02172877	0.004006768	0.0508333333333	0.0104666666667
0.02316992	0.003979589	0.0483555555556	0.00884444444444
0.02749606	0.00509904	0.0505355555556	0.00904444444444
0.02051304	0.004153031	0.0395777777778	0.00952222222222
0.03211344	0.004407516	0.0441166666667	0.0107333333333
0.0300503	0.006716804	0.0498	0.0106
0.02272448	0.004860075	0.0408655555556	0.00914444444444
0.02475382	0.005044413	0.0393577777778	0.00972222222222
0.02175484	0.006058744	0.0396333333333	0.0100666666667
0.02010024	0.007986006	0.0415777777778	0.0105222222222
0.03110187	0.005169417	0.0509888888889	0.00911111111111
0.01563187	0.00337525	0.0451233333333	0.0107666666667
0.02403737	0.006375266	0.0512444444444	0.00915555555556
0.0251007	0.007474394	0.0470033333333	0.0107666666667
0.02765262	0.003523815	0.0461222222222	0.00877777777778
0.02527852	0.004312454	0.0450133333333	0.0107666666667
0.02010871	0.003571631	0.0462222222222	0.00877777777778
0.02345179	0.003148403	0.0463222222222	0.00877777777778
0.02415376	0.005360758	0.0495066666667	0.0106333333333
0.03196866	0.003333669	0.0486444444444	0.00885555555556
0.02147921	0.002856197	0.0412222222222	0.0104777777778
0.03841098	0.004694018	0.0527244444444	0.00985555555556
0.02823923	0.005171586	0.0478555555556	0.0107444444444
0.02803256	0.007427505	0.0524844444444	0.0100555555556
0.03119985	0.005087024	0.0515244444444	0.0103555555556
0.01850194	0.005255179	0.0467122222222	0.0107777777778
0.03231508	0.00389577	0.0448111111111	0.00878888888889
0.02882763	0.005426194	0.0478888888889	0.00881111111111
0.02909722	0.007217275	0.0527222222222	0.00987777777778
0.02046744	0.006830864	0.0398111111111	0.00938888888889
0.02139026	0.004752076	0.0447111111111	0.00878888888889
0.02242099	0.004537977	0.0392866666667	0.00983333333333
0.02314611	0.006197669	0.0414666666667	0.00903333333333
0.03401952	0.005103901	0.0527155555556	0.00964444444444
0.02239768	0.003013139	0.04269	0.0089
0.02948565	0.003626415	0.0405333333333	0.0103666666667
0.02865983	0.004975189	0.0411422222222	0.00907777777778
0.02229683	0.002803487	0.0514111111111	0.0103888888889
0.02592701	0.00320583	0.0464333333333	0.00876666666667
0.01622305	0.00932664	0.04206	0.0106
0.01802678	0.003512232	0.0405033333333	0.0103666666667
0.02433066	0.006088435	0.0482977777778	0.00882222222222
0.03460324	0.003064361	0.0419333333333	0.00896666666667
0.02290982	0.004751123	0.0392366666667	0.00983333333333
0.02376022	0.004466583	0.0433355555556	0.00884444444444
0.02403841	0.003637628	0.0467333333333	0.00876666666667
0.0226501	0.007749773	0.0404733333333	0.0103666666667
0.02346169	0.006331863	0.0493311111111	0.00888888888889
0.02565874	0.004795989	0.0528444444444	0.00975555555556
0.02761098	0.003817128	0.0527666666667	0.00993333333333
0.02932345	0.008306229	0.0528222222222	0.00987777777778
0.03443217	0.00346237	0.0518555555556	0.00924444444444
0.0316749	0.004214292	0.0528622222222	0.00977777777778
0.02367244	0.003356291	0.0409	0.0091
