root_height	pop_size	pi_net	pi_within
0.05792518	0.005072344	0.108266666667	0.00583333333333
0.0500513	0.002792992	0.108311111111	0.00578888888889
0.04937008	0.004309677	0.108442222222	0.00577777777778
0.06344957	0.002788783	0.108455555556	0.00584444444444
0.05549872	0.002165919	0.107877777778	0.00582222222222
0.06003283	0.003751208	0.108174444444	0.00575555555556
0.05724587	0.003667432	0.107848888889	0.00581111111111
0.06167142	0.004855186	0.108122222222	0.00587777777778
0.05720838	0.002528799	0.107822222222	0.00577777777778
0.05237325	0.003240376	0.107766666667	0.00583333333333
0.05436054	0.003463376	0.1088	0.0058
0.057375	0.00355373	0.107664444444	0.00585555555556
0.05664109	0.003894354	0.108328888889	0.00591111111111
0.04489975	0.002299115	0.107736666667	0.00573333333333
0.06460329	0.003302921	0.107511111111	0.00578888888889
0.06283845	0.002693941	0.10832	0.0057
0.06319515	0.002847564	0.107877777778	0.00592222222222
0.06220198	0.004324683	0.109022222222	0.00577777777778
0.05904334	0.00330358	0.1088	0.0059
0.06749469	0.005734731	0.107867777778	0.00592222222222
0.06372217	0.003538627	0.108076666667	0.00593333333333
0.051797	0.003112636	0.1074	0.0058
0.07436075	0.0039891	0.107502222222	0.00587777777778
0.0584047	0.003473761	0.109055555556	0.00584444444444
0.05212595	0.002376248	0.108951111111	0.00588888888889
0.05983233	0.004355203	0.109135555556	0.00584444444444
0.05059253	0.00478123	0.108622222222	0.00567777777778
0.04815576	0.00463193	0.107355555556	0.00574444444444
0.06135925	0.005405455	0.1089	0.0057
0.04271954	0.0046195	0.107366666667	0.00573333333333
0.05983427	0.004513	0.108144444444	0.00565555555556
0.06073465	0.002522125	0.109255555556	0.00584444444444
0.05249514	0.002289245	0.107182222222	0.00577777777778
0.07396217	0.003431352	0.109	0.0057
0.05530848	0.003169815	0.107933333333	0.00596666666667
0.05694378	0.003694493	0.107266666667	0.00573333333333
0.05868852	0.005734032	0.109077777778	0.00592222222222
0.05962196	0.005280655	0.108833333333	0.00566666666667
0.06123374	0.002923725	0.107155555556	0.00574444444444
0.05960499	0.004018879	0.109188888889	0.00591111111111
0.05487758	0.004033522	0.107455555556	0.00594444444444
0.05996304	0.004268254	0.109228888889	0.00571111111111
0.06314727	0.004067792	0.109055555556	0.00594444444444
0.05266389	0.004073437	0.1092	0.0057
0.06162665	0.004098593	0.107876666667	0.00563333333333
0.04285402	0.003213115	0.107444444444	0.00595555555556
0.03868544	0.004739376	0.107675555556	0.00564444444444
0.05204006	0.00294395	0.107533333333	0.00596666666667
0.05695258	0.003935628	0.108177777778	0.00562222222222
0.06141991	0.004517402	0.1072	0.0057
0.05413367	0.003418027	0.108691111111	0.00598888888889
0.06040348	0.002999087	0.1094	0.0059
0.05962021	0.003623583	0.109493333333	0.00586666666667
0.05062781	0.007185617	0.109133333333	0.00566666666667
0.05649311	0.00393698	0.106953333333	0.00586666666667
0.05617481	0.004570173	0.108388888889	0.00601111111111
0.05199761	0.003277847	0.108866666667	0.00563333333333
0.06896257	0.003310217	0.109577777778	0.00582222222222
0.05840796	0.002900802	0.107988888889	0.00561111111111
0.06883774	0.00276131	0.108911111111	0.00598888888889
0.06027586	0.002597761	0.108588888889	0.00561111111111
0.05921297	0.002819652	0.106988888889	0.00571111111111
0.05527541	0.00337932	0.109638888889	0.00581111111111
0.06369834	0.003528641	0.107355555556	0.00564444444444
0.05677981	0.006621585	0.106978888889	0.00591111111111
0.06766574	0.003476638	0.109566666667	0.00573333333333
0.07043672	0.002930441	0.109566666667	0.00573333333333
0.05661114	0.007559674	0.108788888889	0.00601111111111
0.04715837	0.005292457	0.107214444444	0.00565555555556
0.05995028	0.00352084	0.10689	0.0059
0.05582351	0.002926049	0.108977777778	0.00562222222222
0.05584495	0.005148384	0.106877777778	0.00572222222222
0.05947592	0.002679469	0.108111111111	0.00558888888889
0.05432436	0.003638186	0.109171111111	0.00598888888889
0.04444586	0.003180058	0.107377777778	0.00562222222222
0.0734509	0.004520509	0.109766666667	0.00583333333333
0.05444278	0.003396768	0.108155555556	0.00604444444444
0.07047547	0.004655266	0.108711111111	0.00558888888889
0.05362788	0.002460981	0.106672222222	0.00577777777778
0.05091369	0.002691822	0.109167777778	0.00562222222222
0.05294255	0.005235116	0.107044444444	0.00565555555556
0.06148016	0.002371754	0.108811111111	0.00558888888889
0.04817153	0.004261378	0.108811111111	0.00558888888889
0.05925913	0.004596752	0.106944444444	0.00595555555556
0.05575982	0.002706729	0.107822222222	0.00557777777778
0.05189284	0.003068322	0.109677777778	0.00592222222222
0.05501618	0.002971292	0.108705555556	0.00604444444444
0.06021629	0.004037905	0.106811111111	0.00568888888889
0.06697331	0.002696124	0.109855555556	0.00584444444444
0.05755334	0.002992658	0.109866666667	0.00583333333333
0.04295989	0.004676099	0.107511111111	0.00558888888889
0.05647059	0.004173518	0.109888888889	0.00581111111111
0.05517271	0.00493656	0.107854444444	0.00605555555556
0.05973438	0.003530868	0.109011111111	0.00558888888889
0.06549462	0.004958143	0.109011111111	0.00558888888889
0.05596089	0.0023676	0.10916	0.0056
0.06162994	0.004524641	0.109757777778	0.00592222222222
0.05504172	0.004618472	0.108233333333	0.00606666666667
0.0635985	0.001585371	0.107522222222	0.00557777777778
0.06039735	0.004744615	0.108955555556	0.00604444444444
0.06730667	0.005202305	0.106706666667	0.00593333333333
0.05323753	0.004216104	0.106566666667	0.00573333333333
0.05842419	0.003622611	0.109817777778	0.00592222222222
0.05476342	0.0064389	0.107833333333	0.00606666666667
0.05940541	0.00411686	0.107422222222	0.00557777777778
0.04377196	0.003201692	0.106744444444	0.00595555555556
0.06558526	0.001952845	0.1099	0.0059
0.05179724	0.003238112	0.106977777778	0.00562222222222
0.04572272	0.003884797	0.107733333333	0.00606666666667
0.06250326	0.002415773	0.108255555556	0.00554444444444
0.04538323	0.006134396	0.107322222222	0.00557777777778
0.04882186	0.00298986	0.109611111111	0.00598888888889
0.05635804	0.003386394	0.1069	0.006
0.05961834	0.003300761	0.1094	0.0056
0.05438392	0.002724321	0.106388888889	0.00581111111111
0.06588515	0.004967416	0.110055555556	0.00584444444444
0.06400754	0.004526037	0.109356666667	0.00603333333333
0.05343906	0.004481298	0.110101111111	0.00578888888889
0.04769489	0.0047077	0.108511111111	0.00608888888889
0.06403093	0.005116335	0.108822222222	0.00607777777778
0.03602243	0.004765508	0.109033333333	0.00606666666667
0.04778536	0.006441356	0.106477777778	0.00592222222222
0.06666837	0.002722953	0.108666666667	0.00553333333333
0.04817164	0.003502795	0.107233333333	0.00556666666667
0.05558	0.003926998	0.107766666667	0.00553333333333
0.05515981	0.004463895	0.109844444444	0.00565555555556
0.04287364	0.003486335	0.106522222222	0.00567777777778
0.06856748	0.005912637	0.110133333333	0.00576666666667
0.06055643	0.00365598	0.109904444444	0.00595555555556
0.06162456	0.003481745	0.110144444444	0.00585555555556
0.061852	0.007856276	0.1085	0.0061
0.05347152	0.003940229	0.106388888889	0.00571111111111
0.05454112	0.005573851	0.108567777778	0.00552222222222
0.04990673	0.003827081	0.106911111111	0.00558888888889
0.06366194	0.002919436	0.109122222222	0.00607777777778
0.05886794	0.002594924	0.106611111111	0.00598888888889
0.04953949	0.004121447	0.108388888889	0.00551111111111
0.0566665	0.004300305	0.1088	0.0061
0.06923667	0.003394891	0.107577777778	0.00552222222222
0.06209666	0.003316816	0.106288888889	0.00591111111111
0.06732366	0.007128235	0.107788888889	0.00611111111111
0.05262713	0.004669468	0.106944444444	0.00605555555556
0.04844583	0.002453904	0.107044444444	0.00555555555556
0.06016274	0.003067309	0.106384444444	0.00595555555556
0.05601251	0.002877268	0.1081	0.0055
0.03896804	0.003575965	0.107034444444	0.00555555555556
0.05021377	0.002378082	0.108	0.0055
0.06130746	0.002456909	0.1085	0.0055
0.05906061	0.002797931	0.109711111111	0.00558888888889
0.05911822	0.001672009	0.109211111111	0.00608888888889
0.05628511	0.002746276	0.109211111111	0.00608888888889
0.06610437	0.004585843	0.109966666667	0.00563333333333
0.05740877	0.003797748	0.109077777778	0.00552222222222
0.06028493	0.003841491	0.109372222222	0.00607777777778
0.06094993	0.002774597	0.1091	0.0061
0.0506563	0.002736135	0.110155555556	0.00594444444444
0.05877358	0.002159366	0.110155555556	0.00594444444444
0.05591041	0.001946454	0.1078	0.0055
0.06990814	0.003802046	0.109937777778	0.00562222222222
0.03825046	0.004881597	0.106112222222	0.00577777777778
0.06958485	0.004466447	0.106944444444	0.00555555555556
0.05665901	0.002816822	0.106944444444	0.00555555555556
0.05558836	0.002069544	0.1073	0.0061
0.04108354	0.005647089	0.109311111111	0.00608888888889
0.05548666	0.005342662	0.106077777778	0.00582222222222
0.05311332	0.002608253	0.108011111111	0.00548888888889
0.05960698	0.002916145	0.110041111111	0.00598888888889
0.04924174	0.003879273	0.109877777778	0.00602222222222
0.05942513	0.003699843	0.107966666667	0.00613333333333
0.05950174	0.004719188	0.106362222222	0.00597777777778
0.06132638	0.003342824	0.110222222222	0.00567777777778
0.04312925	0.003045968	0.106222222222	0.00567777777778
0.05030194	0.004675382	0.106055555556	0.00574444444444
0.05416198	0.003292318	0.109	0.0055
0.05589206	0.002933654	0.109466666667	0.00553333333333
0.06274692	0.002970501	0.110316666667	0.00593333333333
0.05647541	0.003462009	0.108866666667	0.00613333333333
0.06319108	0.005417598	0.107077777778	0.00552222222222
0.0527912	0.003188886	0.106531111111	0.00558888888889
0.06190342	0.004126353	0.108622222222	0.00547777777778
0.06232892	0.002755101	0.109288888889	0.00551111111111
0.0603511	0.004483924	0.10942	0.0061
0.05540558	0.0014532	0.106733333333	0.00606666666667
0.05884085	0.003404478	0.110511111111	0.00578888888889
0.05385997	0.002376965	0.109566666667	0.00553333333333
0.04634666	0.005602743	0.105963333333	0.00586666666667
0.05327837	0.002287682	0.106644444444	0.00555555555556
0.06018753	0.00271888	0.108633333333	0.00546666666667
0.05312427	0.004032254	0.110566666667	0.00583333333333
0.06553837	0.004523718	0.107311111111	0.00548888888889
0.04862927	0.002739727	0.106288888889	0.00561111111111
0.06022784	0.006814977	0.110266666667	0.00563333333333
0.05587377	0.003988786	0.105977777778	0.00592222222222
0.06079871	0.005361497	0.107412222222	0.00547777777778
0.05701615	0.003900422	0.110022222222	0.00557777777778
0.04988729	0.01020263	0.107077777778	0.00612222222222
0.05528432	0.003992148	0.107864444444	0.00545555555556
0.05627524	0.004051048	0.106433333333	0.00556666666667
0.06284129	0.002719437	0.107255555556	0.00614444444444
0.05723651	0.006327593	0.10949	0.0055
0.05024173	0.005494482	0.109366666667	0.00613333333333
0.06996655	0.002884658	0.110666666667	0.00583333333333
0.06337429	0.003574679	0.107222222222	0.00547777777778
0.06003255	0.002425004	0.108022222222	0.00617777777778
0.05120251	0.002506327	0.106788888889	0.00611111111111
0.04729336	0.002196073	0.106444444444	0.00555555555556
0.0596456	0.004475434	0.107155555556	0.00614444444444
0.04820372	0.00546476	0.106433333333	0.00606666666667
0.06214857	0.002162023	0.106586666667	0.00553333333333
0.0518008	0.003053817	0.108944444444	0.00545555555556
0.068663	0.004540472	0.108622222222	0.00617777777778
0.04782363	0.004899735	0.107122222222	0.00547777777778
0.06083651	0.004743976	0.106231111111	0.00558888888889
0.05787194	0.004072839	0.105827777778	0.00592222222222
0.06076575	0.004455022	0.110735555556	0.00584444444444
0.05433886	0.006588264	0.110723333333	0.00586666666667
0.06135318	0.002182475	0.106088888889	0.00561111111111
0.06628719	0.003035912	0.108822222222	0.00617777777778
0.05723203	0.004595502	0.1066	0.0061
0.06172118	0.003566503	0.110533333333	0.00596666666667
0.05805147	0.002833459	0.110533333333	0.00596666666667
0.06898779	0.004689858	0.108411111111	0.00618888888889
0.06713973	0.003775555	0.110388888889	0.00601111111111
0.05568622	0.003586153	0.109455555556	0.00614444444444
0.05266619	0.004806842	0.110688888889	0.00571111111111
0.05660334	0.005048627	0.107133333333	0.00546666666667
0.05613053	0.003471649	0.106333333333	0.00606666666667
0.05163299	0.003812366	0.110062222222	0.00607777777778
0.05514643	0.003868605	0.106038888889	0.00561111111111
0.05754463	0.002448772	0.10672	0.0055
0.0718127	0.003687351	0.110555555556	0.00564444444444
0.05449595	0.003436924	0.106111111111	0.00558888888889
0.05775085	0.003768255	0.110244444444	0.00605555555556
0.05761948	0.004284233	0.108357777778	0.00542222222222
0.06126015	0.003849496	0.108	0.0062
0.05628311	0.004024027	0.107322222222	0.00617777777778
0.05409932	0.003033865	0.109711111111	0.00548888888889
0.06473307	0.004026705	0.110777777778	0.00572222222222
0.0512284	0.003808946	0.1079	0.0062
0.06110112	0.003946282	0.110081111111	0.00608888888889
0.04682893	0.003692085	0.110488888889	0.00601111111111
0.06116504	0.002336862	0.105755555556	0.00594444444444
0.04992049	0.003581167	0.105624444444	0.00575555555556
0.05857257	0.004953528	0.110822222222	0.00587777777778
0.05073342	0.002858406	0.106822222222	0.00547777777778
0.0667218	0.004000824	0.1059	0.006
0.05826933	0.004514849	0.105577777778	0.00582222222222
0.05264116	0.00422909	0.105677777778	0.00592222222222
0.04719623	0.003236967	0.107677777778	0.00542222222222
0.0666342	0.006941116	0.105722222222	0.00567777777778
0.06407924	0.005824862	0.105611111111	0.00588888888889
0.0636903	0.005509825	0.1105	0.0056
0.05920029	0.007428287	0.110755555556	0.00594444444444
0.05424662	0.004909469	0.108088888889	0.00621111111111
0.06893541	0.001777335	0.108088888889	0.00541111111111
0.05548542	0.002903594	0.106844444444	0.00615555555556
0.05735776	0.003251042	0.106722222222	0.00547777777778
0.06260933	0.004280914	0.107055555556	0.00544444444444
0.06177631	0.003973772	0.110088888889	0.00551111111111
0.05606989	0.003890697	0.106744444444	0.00615555555556
0.06822164	0.004551778	0.106211111111	0.00608888888889
0.05576649	0.005928323	0.110017777778	0.00612222222222
0.05827582	0.004367507	0.106622222222	0.00547777777778
0.06254742	0.00341768	0.109311111111	0.00618888888889
0.05779571	0.003695324	0.105494444444	0.00585555555556
0.05284561	0.002728131	0.108477777778	0.00622222222222
0.06496273	0.002898276	0.109366666667	0.00543333333333
0.0718821	0.004013284	0.110522222222	0.00557777777778
0.07589356	0.001272352	0.107066666667	0.00543333333333
0.06281707	0.002452968	0.105644444444	0.00565555555556
0.05308417	0.00581607	0.106288888889	0.00611111111111
0.04551399	0.004204246	0.106288888889	0.00551111111111
0.07329514	0.002814479	0.110188888889	0.00551111111111
0.07160738	0.003668446	0.1088	0.0054
0.06222232	0.005275027	0.1093	0.0062
0.05719482	0.003235647	0.105666666667	0.00563333333333
0.05849467	0.001485783	0.108211111111	0.00538888888889
0.05343969	0.003590809	0.108366666667	0.00623333333333
0.06198531	0.003850331	0.111022222222	0.00587777777778
0.05627075	0.004196153	0.111044444444	0.00585555555556
0.05219826	0.003389571	0.111	0.0059
0.05866941	0.004086544	0.111	0.0059
0.05530627	0.002363977	0.109377777778	0.00542222222222
0.05990658	0.005609951	0.110855555556	0.00564444444444
0.0620339	0.00327313	0.110666666667	0.00603333333333
0.05636114	0.002880295	0.110622222222	0.00557777777778
0.05802839	0.002866276	0.111088888889	0.00581111111111
0.0577178	0.004267972	0.106755555556	0.00544444444444
0.05150543	0.003045284	0.1102	0.0055
0.05404637	0.001890839	0.109944444444	0.00615555555556
0.05117673	0.002644812	0.110288888889	0.00551111111111
0.05865814	0.00380711	0.105544444444	0.00565555555556
0.04146168	0.008124201	0.111066666667	0.00573333333333
0.05525482	0.002329427	0.111111111111	0.00578888888889
0.05566612	0.003949401	0.110788888889	0.00561111111111
0.05816046	0.005299262	0.110377777778	0.00552222222222
0.05576554	0.002894616	0.105844444444	0.00605555555556
0.0371562	0.003223894	0.1057	0.0056
0.0574462	0.00315029	0.110633333333	0.00556666666667
0.04914451	0.005768101	0.106266666667	0.00613333333333
0.06814015	0.002222795	0.107466666667	0.00623333333333
0.05586062	0.003860001	0.110491111111	0.00608888888889
0.05641543	0.003274834	0.107822222222	0.00537777777778
0.05866871	0.002608025	0.111144444444	0.00585555555556
0.0529174	0.004207946	0.110555555556	0.00554444444444
0.04913298	0.00352622	0.105411111111	0.00568888888889
0.05925204	0.00302898	0.110511111111	0.00608888888889
0.06262883	0.002144824	0.110388888889	0.00611111111111
0.05358008	0.002889392	0.111177777778	0.00582222222222
0.06102949	0.005383183	0.106827777778	0.00542222222222
0.05117264	0.002886135	0.105433333333	0.00566666666667
0.03456012	0.004041854	0.105284444444	0.00585555555556
0.0579232	0.003094378	0.109111111111	0.00538888888889
0.05539038	0.003654062	0.106555555556	0.00544444444444
0.06316591	0.003586635	0.110276666667	0.00613333333333
0.06310621	0.005467858	0.108344444444	0.00625555555556
0.0533655	0.003580837	0.110888888889	0.00601111111111
0.06033905	0.004896563	0.106433333333	0.00616666666667
0.06479103	0.003190314	0.107266666667	0.00623333333333
0.06000688	0.004442258	0.110507777778	0.00552222222222
0.05972799	0.002583189	0.108544444444	0.00625555555556
0.07040129	0.00280846	0.108633333333	0.00536666666667
0.05812059	0.004578198	0.109266666667	0.00623333333333
0.05254154	0.003641979	0.10698	0.0054
0.05429891	0.003408996	0.106462222222	0.00617777777778
0.05644413	0.003034165	0.105733333333	0.00606666666667
0.06414218	0.004725373	0.110022222222	0.00617777777778
0.05072757	0.004602352	0.106788888889	0.00541111111111
0.04786576	0.004389404	0.105301111111	0.00568888888889
0.06047846	0.005047704	0.106155555556	0.00614444444444
0.05890649	0.004162641	0.105811111111	0.00608888888889
0.06090301	0.002612019	0.10518	0.0058
0.05889161	0.004290086	0.108044444444	0.00535555555556
0.06333906	0.0052392	0.106511111111	0.00618888888889
0.04620242	0.003992833	0.107944444444	0.00535555555556
0.05292088	0.004657832	0.106877777778	0.00622222222222
0.06397175	0.002714047	0.105967777778	0.00612222222222
0.05497898	0.004332366	0.108644444444	0.00535555555556
0.06340756	0.004305254	0.110426666667	0.00613333333333
0.05198418	0.00386679	0.106355555556	0.00544444444444
0.06355272	0.002086424	0.1099	0.0062
0.06466622	0.004147833	0.11124	0.0057
0.05680742	0.003628996	0.105428888889	0.00561111111111
0.05973996	0.002494166	0.106133333333	0.00546666666667
0.06422498	0.003998611	0.110966666667	0.00603333333333
0.06349444	0.006817086	0.108155555556	0.00534444444444
0.05346878	0.009146326	0.105966666667	0.00613333333333
0.05232419	0.003577508	0.110795555556	0.00554444444444
0.06673472	0.004014914	0.111246666667	0.00593333333333
0.05248379	0.001829478	0.108402222222	0.00627777777778
0.06426436	0.00435894	0.1113	0.0059
0.06220737	0.002990098	0.108022222222	0.00627777777778
0.05786194	0.003505515	0.1051	0.0058
0.05149098	0.003411233	0.111288888889	0.00591111111111
0.06181906	0.003241042	0.107955555556	0.00534444444444
0.04328041	0.004194071	0.105466666667	0.00603333333333
0.05193226	0.003616817	0.109611111111	0.00538888888889
0.05936526	0.003703821	0.105233333333	0.00566666666667
0.05976687	0.004698059	0.110822222222	0.00607777777778
0.05872277	0.005250095	0.109143333333	0.00626666666667
0.05906773	0.003318754	0.105544444444	0.00555555555556
0.0636841	0.003036206	0.109711111111	0.00538888888889
0.05312795	0.005035761	0.106711111111	0.00538888888889
0.06942675	0.003381596	0.111177777778	0.00562222222222
0.0615222	0.004682659	0.105088888889	0.00571111111111
0.05198655	0.003427243	0.109622222222	0.00537777777778
0.07008586	0.004323999	0.106984444444	0.00625555555556
0.06116648	0.003039735	0.106802222222	0.00537777777778
0.06316933	0.006746282	0.109082222222	0.00627777777778
0.06528764	0.004761456	0.106944444444	0.00625555555556
0.05638671	0.004621249	0.111466666667	0.00583333333333
0.04493707	0.00474508	0.109533333333	0.00536666666667
0.0552942	0.002332032	0.111188888889	0.00601111111111
0.05937923	0.002726977	0.110666666667	0.00613333333333
0.05281942	0.003776139	0.108911111111	0.00628888888889
0.05997948	0.002470627	0.111177777778	0.00602222222222
0.06268584	0.00315153	0.1115	0.0058
0.05850998	0.003058163	0.10838	0.0063
0.0607425	0.007367021	0.108037777778	0.00532222222222
0.07019203	0.005310696	0.106833333333	0.00536666666667
0.06392878	0.005498427	0.1079	0.0063
0.05192925	0.00685494	0.109011111111	0.00628888888889
0.063005	0.00331777	0.1086	0.0063
0.05058762	0.00348626	0.105511111111	0.00608888888889
0.06398158	0.003600214	0.105677777778	0.00612222222222
0.05437299	0.003098507	0.104955555556	0.00574444444444
0.06593472	0.002523278	0.105011111111	0.00568888888889
0.0453569	0.00514687	0.105188888889	0.00601111111111
0.06046679	0.002546865	0.105188888889	0.00601111111111
0.05085508	0.003856939	0.111511111111	0.00588888888889
0.07095993	0.003228234	0.111133333333	0.00556666666667
0.05742517	0.005479224	0.106228888889	0.00621111111111
0.07220572	0.003552974	0.109633333333	0.00626666666667
0.05542452	0.005046092	0.107477777778	0.00532222222222
0.05862668	0.001805229	0.104911111111	0.00588888888889
0.05266672	0.002496361	0.110811111111	0.00548888888889
0.06549011	0.003924113	0.105922222222	0.00617777777778
0.06478139	0.002220539	0.110877777778	0.00612222222222
0.05680493	0.004595844	0.110066666667	0.00623333333333
0.06398658	0.00653416	0.106277777778	0.00622222222222
0.06112068	0.002711985	0.109955555556	0.00624444444444
0.04334951	0.003813111	0.110377777778	0.00542222222222
0.05495626	0.004277529	0.109311111111	0.00628888888889
0.05680591	0.007848873	0.106077777778	0.00542222222222
0.05866171	0.004457872	0.110288888889	0.00621111111111
0.05889786	0.00486387	0.106485555556	0.00624444444444
0.07014682	0.003701903	0.107688888889	0.00631111111111
0.06033051	0.003845151	0.107688888889	0.00531111111111
0.06434451	0.005010087	0.106744444444	0.00535555555556
0.0544901	0.00569689	0.107297777778	0.00532222222222
0.06664677	0.003093239	0.104888888889	0.00571111111111
0.06873513	0.005278599	0.108277777778	0.00632222222222
0.06859712	0.003189226	0.10818	0.0053
0.06326815	0.006603142	0.108177777778	0.00632222222222
0.06266893	0.003340399	0.111244444444	0.00605555555556
0.06385305	0.002635411	0.105622222222	0.00547777777778
0.06510595	0.00262842	0.111655555556	0.00584444444444
0.04414042	0.006410003	0.106068888889	0.00621111111111
0.06060187	0.002534368	0.105233333333	0.00606666666667
0.05210252	0.005174109	0.105477777778	0.00612222222222
0.05599343	0.005072152	0.104777777778	0.00582222222222
0.06009483	0.005040248	0.11168	0.0058
0.05604737	0.003072248	0.106355555556	0.00624444444444
0.05342738	0.005698114	0.1087	0.0053
0.05491785	0.004560605	0.104866666667	0.00593333333333
0.06577153	0.001804074	0.105555555556	0.00614444444444
0.05925081	0.004193773	0.110266666667	0.00623333333333
0.06589254	0.001774626	0.111222222222	0.00607777777778
0.04660896	0.005566415	0.104873333333	0.00566666666667
0.05571714	0.005161278	0.111088888889	0.00611111111111
0.05204433	0.004487247	0.108111111111	0.00528888888889
0.05200711	0.003301182	0.108091111111	0.00528888888889
0.04387683	0.004808861	0.104744444444	0.00585555555556
0.05960598	0.003171068	0.111677777778	0.00572222222222
0.05465909	0.002432265	0.109477777778	0.00532222222222
0.06046267	0.004696386	0.104788888889	0.00591111111111
0.06342594	0.003986325	0.107866666667	0.00633333333333
0.0649872	0.003584344	0.104811111111	0.00568888888889
0.05548549	0.003635897	0.104916666667	0.00563333333333
0.05559952	0.003095775	0.111735555556	0.00574444444444
0.05937271	0.004275587	0.107666666667	0.00633333333333
0.05993032	0.00487898	0.110173333333	0.00536666666667
0.0595365	0.002644948	0.104684444444	0.00585555555556
0.06019379	0.004026354	0.106394444444	0.00535555555556
0.05028362	0.003520261	0.105022222222	0.00557777777778
0.06587338	0.002791755	0.111322222222	0.00607777777778
0.05247307	0.003026189	0.111188888889	0.00611111111111
0.06258533	0.003448676	0.107177777778	0.00632222222222
0.06349796	0.002804926	0.1093	0.0053
0.05331649	0.003302487	0.1093	0.0053
0.05727646	0.002936813	0.110776666667	0.00543333333333
0.05131949	0.003998474	0.104888888889	0.00561111111111
0.05888154	0.003760843	0.111311111111	0.00608888888889
0.06935757	0.004369994	0.111167777778	0.00612222222222
0.06057575	0.00417337	0.106566666667	0.00533333333333
0.07186694	0.00478652	0.110944444444	0.00545555555556
0.04601362	0.003464983	0.110811111111	0.00618888888889
0.04688833	0.007192085	0.107655555556	0.00634444444444
0.07265575	0.002555101	0.110658888889	0.00541111111111
0.05636656	0.002758883	0.104868888889	0.00561111111111
0.05216202	0.006322668	0.104657777778	0.00572222222222
0.04865371	0.003249415	0.104611111111	0.00578888888889
0.06490502	0.008104887	0.111248888889	0.00611111111111
0.04902963	0.004289797	0.106511111111	0.00628888888889
0.05522378	0.003770009	0.105768888889	0.00541111111111
0.06232927	0.004823739	0.104744444444	0.00565555555556
0.0516448	0.001892916	0.107522222222	0.00527777777778
0.05892734	0.005050149	0.104615555556	0.00574444444444
0.06112782	0.003993528	0.109477777778	0.00632222222222
0.04319299	0.00722043	0.108133333333	0.00526666666667
0.06159563	0.002390167	0.10697	0.0053
0.06497415	0.002998363	0.111744444444	0.00595555555556
0.04584663	0.005601327	0.108464444444	0.00635555555556
0.07219039	0.004889734	0.111855555556	0.00574444444444
0.05983825	0.003023049	0.109306666667	0.00633333333333
0.06098473	0.007551129	0.111288888889	0.00551111111111
0.05041756	0.001968438	0.105266666667	0.00613333333333
0.06624118	0.004441536	0.108644444444	0.00635555555556
0.05621342	0.002561581	0.107111111111	0.00528888888889
0.06009122	0.002618843	0.104944444444	0.00605555555556
0.07111383	0.003269341	0.111711111111	0.00598888888889
0.05730229	0.004055629	0.105295555556	0.00614444444444
0.05936818	0.003982501	0.110911111111	0.00618888888889
0.0493537	0.003912574	0.106255555556	0.00534444444444
0.05676659	0.003638822	0.110222222222	0.00627777777778
0.05970925	0.00241725	0.107222222222	0.00527777777778
0.06338709	0.004179646	0.109977777778	0.00532222222222
0.06397585	0.00303159	0.110344444444	0.00535555555556
0.06365106	0.005705032	0.105811111111	0.00538888888889
0.06075966	0.004565281	0.111888888889	0.00571111111111
0.05451372	0.00360975	0.108433333333	0.00636666666667
0.05096124	0.006389583	0.111944444444	0.00585555555556
0.06814229	0.006280461	0.1109	0.0062
0.05642043	0.002703718	0.1057	0.0054
0.05931244	0.002530074	0.105222222222	0.00547777777778
0.06214138	0.004207822	0.105166666667	0.00613333333333
0.05855978	0.003159452	0.110691111111	0.00538888888889
0.05606426	0.003507383	0.104604444444	0.00595555555556
0.05989447	0.003289683	0.104922222222	0.00607777777778
0.04797368	0.004291927	0.106377777778	0.00532222222222
0.05741233	0.004314716	0.106488888889	0.00631111111111
0.05714076	0.004527461	0.111811111111	0.00598888888889
0.05758958	0.005501242	0.104466666667	0.00573333333333
0.05562982	0.004795768	0.108522222222	0.00637777777778
0.05445289	0.007366847	0.106166666667	0.00533333333333
0.04463953	0.005982667	0.108555555556	0.00524444444444
0.04852892	0.002367251	0.108555555556	0.00524444444444
0.0669763	0.003229536	0.110422222222	0.00627777777778
0.05066305	0.003363209	0.104553333333	0.00596666666667
0.04977199	0.003795352	0.104512222222	0.00567777777778
0.0527504	0.005551796	0.112033333333	0.00586666666667
0.05131338	0.004225723	0.106855555556	0.00634444444444
0.06296502	0.004044006	0.107732222222	0.00637777777778
0.07191976	0.002761442	0.108745555556	0.00524444444444
0.0575676	0.00334572	0.110544444444	0.00535555555556
0.05723359	0.005486916	0.105488888889	0.00541111111111
0.06118274	0.002847682	0.109622222222	0.00527777777778
0.05412262	0.005299566	0.104555555556	0.00564444444444
0.06648352	0.003605075	0.111944444444	0.00595555555556
0.05504763	0.003506779	0.105377777778	0.00542222222222
0.06117697	0.003232002	0.105596666667	0.00623333333333
0.05871238	0.006614264	0.10488	0.0061
0.05943277	0.002073241	0.108366666667	0.00523333333333
0.04872178	0.003603418	0.109002222222	0.00637777777778
0.06045719	0.003020779	0.108011111111	0.00638888888889
0.06184229	0.006193579	0.110623333333	0.00626666666667
0.05864515	0.003845438	0.110188888889	0.00631111111111
0.06297801	0.003177291	0.108566666667	0.00523333333333
0.04207272	0.007838823	0.108566666667	0.00523333333333
0.05240351	0.004946727	0.106511111111	0.00528888888889
0.06033172	0.005445614	0.104888888889	0.00551111111111
0.05630614	0.004586666	0.104366666667	0.00573333333333
0.06295248	0.005454791	0.111733333333	0.00606666666667
0.0612091	0.00325675	0.112128888889	0.00581111111111
0.06150169	0.005926966	0.104511111111	0.00598888888889
0.06039117	0.002385683	0.107285555556	0.00524444444444
0.05897241	0.004891601	0.111333333333	0.00616666666667
0.05725825	0.003169593	0.110137777778	0.00632222222222
0.06882257	0.003852332	0.112088888889	0.00591111111111
0.06630657	0.004907124	0.110622222222	0.00627777777778
0.05776717	0.003438178	0.108966666667	0.00523333333333
0.05549166	0.001826755	0.106037777778	0.00532222222222
0.05907564	0.00276034	0.1082	0.0064
0.04954048	0.002538239	0.1081	0.0064
0.06761774	0.002783562	0.111577777778	0.00612222222222
0.06083827	0.002671336	0.109322222222	0.00637777777778
0.0531056	0.002195776	0.112177777778	0.00582222222222
0.06084587	0.003704541	0.107386666667	0.00523333333333
0.05193091	0.004282602	0.1086	0.0064
0.0498	0.008042603	0.106366666667	0.00633333333333
0.05754626	0.004253019	0.104422222222	0.00597777777778
0.06816224	0.003383902	0.105977777778	0.00532222222222
0.05711001	0.002572573	0.105866666667	0.00533333333333
0.06837905	0.002135924	0.105288888889	0.00541111111111
0.06277839	0.004049301	0.106455555556	0.00634444444444
0.05385671	0.002455858	0.104402222222	0.00597777777778
0.0550436	0.003996747	0.110277777778	0.00632222222222
0.05530583	0.002877097	0.109211111111	0.00638888888889
0.04783794	0.006733727	0.1052	0.0062
0.05465788	0.002279717	0.107577777778	0.00522222222222
0.06220418	0.002349932	0.111444444444	0.00545555555556
0.06341987	0.002755079	0.104244444444	0.00575555555556
0.06552278	0.003682126	0.111066666667	0.00623333333333
0.05893321	0.002113387	0.104322222222	0.00567777777778
0.054718	0.003436118	0.107477777778	0.00522222222222
0.06219052	0.004741559	0.112103333333	0.00596666666667
0.06429544	0.001962354	0.111346666667	0.00543333333333
0.05264139	0.004182486	0.1122	0.0059
0.04841174	0.006079085	0.106246666667	0.00633333333333
0.07414406	0.002703402	0.110211111111	0.00528888888889
0.06513292	0.002412272	0.108388888889	0.00521111111111
0.05208698	0.003107281	0.105228888889	0.00621111111111
0.0710431	0.002257092	0.104211111111	0.00578888888889
0.05994936	0.004042557	0.104933333333	0.00546666666667
0.05424176	0.002047311	0.104933333333	0.00546666666667
0.05447589	0.002375021	0.110944444444	0.00625555555556
0.05680354	0.002335244	0.107888888889	0.00521111111111
0.05911491	0.003878176	0.104777777778	0.00612222222222
0.06765432	0.00510212	0.111806666667	0.00553333333333
0.05950068	0.002690284	0.104333333333	0.00596666666667
0.06246197	0.003103051	0.111177777778	0.00622222222222
0.05638202	0.0050602	0.112255555556	0.00584444444444
0.04753886	0.004326781	0.105277777778	0.00622222222222
0.06488275	0.003208439	0.106211111111	0.00528888888889
0.05715863	0.004280846	0.111811111111	0.00608888888889
0.05579881	0.005152692	0.1122	0.0057
0.04870602	0.004369559	0.1073	0.0064
0.06609882	0.002420785	0.112288888889	0.00581111111111
0.05996723	0.004800245	0.104166666667	0.00583333333333
0.05665389	0.00225083	0.107177777778	0.00522222222222
0.05716118	0.003133507	0.104766666667	0.00613333333333
0.05984961	0.00591917	0.104766666667	0.00613333333333
0.06075027	0.004911393	0.112311111111	0.00578888888889
0.06267798	0.003034207	0.106533333333	0.00636666666667
0.05585327	0.004309925	0.110677777778	0.00532222222222
0.06866208	0.005562405	0.112222222222	0.00567777777778
0.06520123	0.004786534	0.110366666667	0.00633333333333
0.05943096	0.004090106	0.110366666667	0.00633333333333
0.06378907	0.00587721	0.112322222222	0.00577777777778
0.06686265	0.003518518	0.1114	0.0062
0.06208954	0.005471281	0.110255555556	0.00634444444444
0.06266938	0.004610337	0.105322222222	0.00537777777778
0.05617401	0.002669953	0.104422222222	0.00557777777778
0.05783409	0.003350538	0.104168888889	0.00571111111111
0.05684268	0.004354828	0.105231111111	0.00538888888889
0.06911636	0.003727094	0.107027777778	0.00522222222222
0.05056139	0.004269363	0.104111111111	0.00578888888889
0.03364469	0.00421471	0.104444444444	0.00605555555556
0.04954512	0.0033489	0.111165555556	0.00624444444444
0.05490398	0.003104663	0.104122222222	0.00587777777778
0.05045883	0.002175379	0.106977777778	0.00522222222222
0.07061458	0.003465089	0.104126666667	0.00573333333333
0.04974941	0.002141862	0.104266666667	0.00563333333333
0.05854719	0.004720168	0.110668888889	0.00531111111111
0.05487719	0.004664287	0.10889	0.0052
0.04813731	0.004387182	0.112177777778	0.00562222222222
0.05879396	0.004434179	0.108066666667	0.00643333333333
0.05185612	0.004235689	0.108466666667	0.00643333333333
0.05716151	0.003654472	0.107966666667	0.00643333333333
0.05497608	0.005052301	0.111755555556	0.00614444444444
0.05194245	0.00371985	0.108511111111	0.00518888888889
0.05614024	0.003583648	0.110911111111	0.00628888888889
0.06835037	0.002306082	0.110911111111	0.00628888888889
0.07219822	0.002668132	0.111966666667	0.00553333333333
0.05465112	0.004407776	0.111966666667	0.00553333333333
0.05966093	0.004849889	0.112105555556	0.00604444444444
0.05247504	0.005059381	0.112283333333	0.00596666666667
0.05489855	0.004102851	0.111566666667	0.00543333333333
0.05951227	0.005861852	0.111622222222	0.00617777777778
0.06540128	0.004011022	0.104311111111	0.00558888888889
0.06180284	0.005379705	0.108711111111	0.00518888888889
0.05129498	0.002798832	0.104088888889	0.00571111111111
0.04528637	0.006352785	0.1058	0.0053
0.06244748	0.003538122	0.104144444444	0.00595555555556
0.0532196	0.003311925	0.104111111111	0.00568888888889
0.05933396	0.006466956	0.1045	0.0061
0.04929926	0.004738708	0.1092	0.0052
0.06722847	0.0054848	0.110455555556	0.00634444444444
0.04818999	0.004458345	0.104096666667	0.00593333333333
0.05595573	0.002940756	0.104144444444	0.00565555555556
0.04642195	0.005558931	0.104077777778	0.00592222222222
0.04621423	0.002256057	0.10672	0.0064
0.05401027	0.004429917	0.110233333333	0.00636666666667
0.05508225	0.006416433	0.104841111111	0.00618888888889
0.05969282	0.004370271	0.111948888889	0.00551111111111
0.06590681	0.003905094	0.112344444444	0.00595555555556
0.043954	0.005237436	0.105017777778	0.00622222222222
0.05705214	0.002911583	0.106511111111	0.00638888888889
0.0603942	0.005579149	0.110515555556	0.00634444444444
0.05757909	0.004055693	0.109966666667	0.00523333333333
0.0545793	0.004342803	0.108125555556	0.00644444444444
0.05653963	0.003634129	0.108122222222	0.00517777777778
0.03949832	0.0061529	0.109026666667	0.00643333333333
0.05948063	0.003790179	0.103988888889	0.00581111111111
0.06913073	0.004184219	0.112466666667	0.00583333333333
0.04804715	0.002674017	0.108055555556	0.00644444444444
0.05034423	0.002625622	0.108055555556	0.00644444444444
0.05700529	0.002937036	0.105355555556	0.00534444444444
0.05797285	0.005665662	0.107985555556	0.00644444444444
0.05800027	0.003176937	0.104246666667	0.00603333333333
0.06442555	0.003012377	0.112268888889	0.00601111111111
0.06085446	0.003445427	0.104644444444	0.00615555555556
0.05354233	0.004254014	0.105411111111	0.00628888888889
0.06215853	0.006397969	0.109141111111	0.00518888888889
0.06203273	0.002518944	0.107311111111	0.00518888888889
0.04960868	0.006009831	0.104355555556	0.00554444444444
0.04692853	0.003341677	0.110324444444	0.00525555555556
0.05755002	0.002444445	0.109688888889	0.00521111111111
0.03718401	0.004415226	0.107655555556	0.00644444444444
0.05883174	0.00315033	0.110474444444	0.00635555555556
0.05081801	0.003066139	0.10441	0.0061
0.05229226	0.003158097	0.107622222222	0.00517777777778
0.06668458	0.004441297	0.105011111111	0.00538888888889
0.05927986	0.004428709	0.110222222222	0.00637777777778
0.05112578	0.004550611	0.108855555556	0.00644444444444
0.05192563	0.005942349	0.104111111111	0.00598888888889
0.05045757	0.00353267	0.104477777778	0.00612222222222
0.05559945	0.001709339	0.10398	0.0059
0.05039407	0.004659183	0.103928888889	0.00581111111111
0.048507	0.00752577	0.110413333333	0.00636666666667
0.05043129	0.003866175	0.111486666667	0.00623333333333
0.06667056	0.003203535	0.108244444444	0.00645555555556
0.0578544	0.004577565	0.103957777778	0.00572222222222
0.05533521	0.004427438	0.1096	0.0052
0.04414417	0.003046295	0.112433333333	0.00566666666667
0.07214116	0.00681474	0.111222222222	0.00627777777778
0.05665782	0.003917736	0.104388888889	0.00551111111111
0.06485682	0.00418494	0.105666666667	0.00633333333333
0.05601294	0.00304104	0.112377777778	0.00562222222222
0.06175961	0.003273498	0.112275555556	0.00604444444444
0.06720682	0.005250167	0.112566666667	0.00583333333333
0.06681172	0.00240564	0.112311111111	0.00558888888889
0.05724286	0.00435836	0.109192222222	0.00517777777778
0.05071027	0.006991224	0.103911111111	0.00588888888889
0.04517237	0.003074952	0.103911111111	0.00588888888889
0.05192462	0.004596258	0.109222222222	0.00517777777778
0.06817832	0.006801716	0.108824444444	0.00645555555556
0.06481666	0.004416868	0.1124	0.006
0.0625208	0.003986527	0.105033333333	0.00536666666667
0.05068593	0.004715978	0.1067	0.0052
0.05117443	0.002399493	0.109566666667	0.00643333333333
0.05148966	0.003605629	0.111444444444	0.00625555555556
0.05122163	0.003872406	0.107122222222	0.00517777777778
0.04657124	0.004938354	0.112322222222	0.00557777777778
0.05797356	0.002518408	0.106166666667	0.00523333333333
0.06584631	0.004717887	0.112377777778	0.00602222222222
0.06048459	0.006038264	0.1063	0.0064
0.06043803	0.003792081	0.108333333333	0.00646666666667
0.05821214	0.004549281	0.103944444444	0.00595555555556
0.06079274	0.003046516	0.1039	0.0057
0.05501356	0.005166333	0.107933333333	0.00646666666667
0.0543082	0.004169977	0.103844444444	0.00575555555556
0.0503326	0.005356707	0.109422222222	0.00517777777778
0.06838454	0.003168005	0.107744444444	0.00515555555556
0.06215707	0.003755188	0.105733333333	0.00526666666667
0.05555163	0.002601759	0.112555555556	0.00594444444444
0.06019249	0.005298973	0.109204444444	0.00645555555556
0.05831471	0.003153532	0.104288888889	0.00611111111111
0.05620409	0.00286121	0.110088888889	0.00521111111111
0.05381214	0.007468026	0.108823333333	0.00646666666667
0.05778538	0.003722662	0.112013333333	0.00546666666667
0.05089009	0.002661633	0.106915555556	0.00644444444444
0.05805261	0.0051447	0.103903333333	0.00596666666667
0.05918178	0.003968253	0.110148888889	0.00641111111111
0.065274	0.004815591	0.1103	0.0064
0.06402753	0.003545157	0.112688888889	0.00581111111111
0.06109565	0.004061494	0.105278888889	0.00631111111111
0.05614271	0.003258627	0.103855555556	0.00594444444444
0.05190729	0.003324442	0.1111	0.0053
0.05671495	0.005643548	0.104277777778	0.00612222222222
0.06770235	0.003951014	0.104277777778	0.00612222222222
0.05759229	0.002939934	0.106611111111	0.00518888888889
0.07038368	0.004963712	0.110466666667	0.00523333333333
0.06491946	0.006530199	0.103762222222	0.00577777777778
0.06191655	0.002698321	0.1047	0.0054
0.04627681	0.003168938	0.107333333333	0.00646666666667
0.06572325	0.00464284	0.110833333333	0.00526666666667
0.05575874	0.004395177	0.111366666667	0.00533333333333
0.04907572	0.002763926	0.1122	0.0055
0.07195186	0.00461399	0.110077777778	0.00642222222222
0.04927785	0.003937125	0.108722222222	0.00647777777778
0.05788052	0.004786891	0.110377777778	0.00522222222222
0.06056585	0.004967718	0.103777777778	0.00572222222222
0.06428009	0.003421262	0.112355555556	0.00554444444444
0.05235031	0.00611031	0.106944444444	0.00645555555556
0.05700214	0.004072788	0.105475555556	0.00634444444444
0.04421158	0.0039605	0.104188888889	0.00551111111111
0.05948227	0.004036091	0.111086666667	0.00633333333333
0.05876739	0.004499593	0.103735555556	0.00574444444444
0.04835091	0.003514632	0.1042	0.0055
0.05573879	0.003091762	0.108111111111	0.00648888888889
0.05080733	0.007283038	0.104666666667	0.00623333333333
0.06228532	0.001830538	0.1126	0.006
0.03365119	0.003385917	0.1046	0.0054
0.06106271	0.002867813	0.109693333333	0.00516666666667
0.05435427	0.002473545	0.108666666667	0.00513333333333
0.05383327	0.002364259	0.112588888889	0.00601111111111
0.05901399	0.004820581	0.112588888889	0.00561111111111
0.05515299	0.003346969	0.105483333333	0.00526666666667
0.05061374	0.0027731	0.107262222222	0.00647777777778
0.06433511	0.002660258	0.110111111111	0.00518888888889
0.06953811	0.004342392	0.109744444444	0.00645555555556
0.05263	0.00415965	0.110993333333	0.00526666666667
0.05409393	0.00624004	0.108861111111	0.00648888888889
0.05894956	0.00397469	0.104077777778	0.00552222222222
0.05853082	0.005227915	0.107511111111	0.00648888888889
0.05965527	0.002870904	0.111733333333	0.00536666666667
0.05901143	0.005356099	0.104166666667	0.00613333333333
0.0734509	0.004999426	0.105622222222	0.00637777777778
0.06850727	0.003904564	0.111044444444	0.00635555555556
0.05717988	0.002396972	0.1038	0.006
0.03453191	0.006579448	0.103651111111	0.00588888888889
0.0533069	0.005171998	0.104911111111	0.00628888888889
0.07062096	0.001902475	0.112788888889	0.00571111111111
0.06631608	0.003993288	0.109644444444	0.00515555555556
0.06059326	0.003000804	0.109644444444	0.00515555555556
0.06701032	0.0022687	0.108157777778	0.00512222222222
0.06546641	0.002735107	0.107055555556	0.00514444444444
0.04332943	0.004853003	0.103944444444	0.00555555555556
0.05591625	0.007277583	0.103733333333	0.00596666666667
0.06652869	0.004487515	0.106077777778	0.00642222222222
0.0612461	0.006144911	0.112554444444	0.00605555555556
0.05328745	0.002221359	0.108677777778	0.00512222222222
0.06976679	0.004763751	0.106533333333	0.00516666666667
0.05253296	0.003546502	0.109944444444	0.00645555555556
0.04894611	0.005790789	0.112865555556	0.00584444444444
0.05372201	0.003015237	0.1114	0.0053
0.06641605	0.003943039	0.112666666667	0.00603333333333
0.06301851	0.002954725	0.103815555556	0.00604444444444
0.07171816	0.003645017	0.112355555556	0.00614444444444
0.05079178	0.003281952	0.105677777778	0.00522222222222
0.04578443	0.002114868	0.107888888889	0.00511111111111
0.06506419	0.002399944	0.112088888889	0.00541111111111
0.06523047	0.003384214	0.110911111111	0.00638888888889
0.07382058	0.006438302	0.112333333333	0.00546666666667
0.06990737	0.003115753	0.112644444444	0.00605555555556
0.05397429	0.003815436	0.10565	0.0064
0.05039442	0.002990804	0.1092	0.0065
0.06024456	0.004581074	0.1043	0.0062
0.04753528	0.00375802	0.105066666667	0.00633333333333
0.06717436	0.005238991	0.111823333333	0.00626666666667
0.05637709	0.002736594	0.109511111111	0.00648888888889
0.06130081	0.004575822	0.104	0.0055
0.06753557	0.002427824	0.112844444444	0.00595555555556
0.05290244	0.005125182	0.103833333333	0.00606666666667
0.05990257	0.002440586	0.105223333333	0.00526666666667
0.06303293	0.00246163	0.112822222222	0.00597777777778
0.0610063	0.004530025	0.112077777778	0.00622222222222
0.06309516	0.003101026	0.112644444444	0.00555555555556
0.05756949	0.00353224	0.112333333333	0.00616666666667
0.05711021	0.004166416	0.103528888889	0.00591111111111
0.0589057	0.004492917	0.105011111111	0.00528888888889
0.0643726	0.003569498	0.111677777778	0.00532222222222
0.06318286	0.006572059	0.109666666667	0.00513333333333
0.04146578	0.004859448	0.108077777778	0.00652222222222
0.0486023	0.002533216	0.106766666667	0.00513333333333
0.04151755	0.003980698	0.106766666667	0.00513333333333
0.06128755	0.004000392	0.113	0.0058
0.0364254	0.004500253	0.103966666667	0.00613333333333
0.04641406	0.005879255	0.107288888889	0.00651111111111
0.04492298	0.00300723	0.105411111111	0.00638888888889
0.06352964	0.00480376	0.107677777778	0.00652222222222
0.05224878	0.003077892	0.1088	0.0051
0.0424635	0.002696825	0.105497777778	0.00522222222222
0.05941203	0.00540113	0.103982222222	0.00547777777778
0.04620209	0.006004066	0.109992222222	0.00647777777778
0.06633382	0.003402116	0.113022222222	0.00577777777778
0.06013606	0.003750597	0.113015555556	0.00574444444444
0.05445321	0.001954833	0.112966666667	0.00593333333333
0.07226265	0.003926528	0.111688888889	0.00531111111111
0.05867239	0.00377581	0.103755555556	0.00554444444444
0.05350513	0.003837242	0.105677777778	0.00642222222222
0.0626736	0.003249139	0.107088888889	0.00651111111111
0.05761749	0.003147423	0.104555555556	0.00534444444444
0.07097749	0.006298975	0.113044444444	0.00585555555556
0.05620699	0.002719068	0.112033333333	0.00536666666667
0.0565745	0.002818652	0.1034	0.0058
0.05841555	0.003444275	0.104311111111	0.00538888888889
0.0535813	0.003312034	0.1122	0.0054
0.05039025	0.004284709	0.104111111111	0.00618888888889
0.05797264	0.004089826	0.104955555556	0.00634444444444
0.0527209	0.004665717	0.106024444444	0.00645555555556
0.04895275	0.004179253	0.105033333333	0.00526666666667
0.05578063	0.004635187	0.107766666667	0.00653333333333
0.06177229	0.002742763	0.113082222222	0.00577777777778
0.058647	0.004033526	0.105488888889	0.00641111111111
0.05036697	0.003455254	0.103548888889	0.00561111111111
0.05924557	0.004008394	0.104022222222	0.00617777777778
0.06079064	0.003375224	0.1131	0.0058
0.06124456	0.003814215	0.1129	0.0056
0.05739779	0.002498513	0.108911111111	0.00508888888889
0.05212721	0.005692302	0.103711111111	0.00608888888889
0.06462819	0.004093004	0.1034	0.0057
0.06377941	0.00324023	0.103388888889	0.00571111111111
0.04983763	0.003773443	0.112688888889	0.00551111111111
0.06055266	0.005521822	0.112544444444	0.00615555555556
0.06053609	0.002956302	0.103344444444	0.00585555555556
0.05373906	0.003715825	0.112277777778	0.00622222222222
0.05587119	0.002225055	0.112277777778	0.00622222222222
0.07104723	0.002697853	0.111585555556	0.00634444444444
0.04655966	0.003795582	0.103862222222	0.00547777777778
0.05385369	0.003817111	0.103855555556	0.00614444444444
0.05710442	0.00570344	0.112833333333	0.00606666666667
0.06302136	0.004023868	0.109111111111	0.00508888888889
0.05547134	0.00398685	0.113133333333	0.00586666666667
0.05875023	0.00461462	0.103488888889	0.00601111111111
0.05354037	0.004577754	0.111544444444	0.00635555555556
0.063719	0.003288695	0.112822222222	0.00607777777778
0.04542114	0.004232908	0.104993333333	0.00636666666667
0.05059738	0.003030567	0.106122222222	0.00647777777778
0.05386074	0.003773051	0.1112	0.0064
0.06243069	0.005054743	0.113	0.006
0.0527301	0.003502293	0.103822222222	0.00547777777778
0.06467277	0.001917672	0.110017777778	0.00512222222222
0.05283722	0.003186512	0.103311111111	0.00588888888889
0.0711848	0.00254783	0.112922222222	0.00557777777778
0.04815531	0.003482128	0.109366666667	0.00653333333333
0.06480226	0.002719868	0.105511111111	0.00518888888889
0.05458849	0.004146142	0.105091111111	0.00638888888889
0.05510402	0.001920091	0.105177777778	0.00522222222222
0.06323128	0.0036874	0.1037	0.0055
0.05875733	0.003543539	0.104824444444	0.00635555555556
0.07012914	0.004107037	0.107944444444	0.00655555555556
0.05188668	0.003632086	0.107933333333	0.00506666666667
0.0624752	0.003471059	0.112944444444	0.00605555555556
0.05153861	0.0038618	0.103255555556	0.00574444444444
0.06746473	0.004535619	0.105833333333	0.00646666666667
0.04800519	0.003554706	0.105575555556	0.00644444444444
0.05453995	0.003904099	0.107255555556	0.00654444444444
0.06062843	0.006096186	0.103677777778	0.00612222222222
0.06454759	0.003574084	0.107744444444	0.00655555555556
0.05737258	0.003258099	0.103333333333	0.00596666666667
0.06323615	0.006476527	0.103366666667	0.00563333333333
0.04728949	0.005285507	0.105228888889	0.00521111111111
0.0463821	0.00742082	0.103224444444	0.00575555555556
0.06377532	0.004422164	0.113246666667	0.00583333333333
0.05958798	0.004362042	0.112566666667	0.00543333333333
0.05880966	0.002441197	0.103388888889	0.00601111111111
0.05052698	0.002930553	0.107155555556	0.00654444444444
0.05488833	0.003606541	0.103222222222	0.00587777777778
0.0612714	0.003968233	0.111846666667	0.00633333333333
0.06194651	0.005320492	0.106577777778	0.00652222222222
0.05101228	0.001843552	0.104377777778	0.00532222222222
0.05653791	0.003858477	0.103422222222	0.00557777777778
0.05523731	0.002417781	0.111733333333	0.00526666666667
0.05776815	0.004324321	0.108073333333	0.00656666666667
0.06792272	0.002602815	0.108044444444	0.00505555555556
0.04836385	0.00297765	0.108444444444	0.00505555555556
0.07858842	0.003239584	0.111407777778	0.00522222222222
0.0514936	0.003204798	0.106711111111	0.00508888888889
0.06268524	0.003170709	0.108544444444	0.00505555555556
0.05367193	0.002931131	0.112577777778	0.00542222222222
0.05297748	0.003817907	0.103877777778	0.00542222222222
0.05282001	0.003563225	0.103244444444	0.00595555555556
0.04959183	0.003168818	0.103291111111	0.00598888888889
0.07465746	0.005569756	0.113306666667	0.00583333333333
0.05478083	0.004495466	0.109233333333	0.00506666666667
0.04409957	0.003215198	0.103188888889	0.00571111111111
0.06669442	0.003018118	0.113044444444	0.00605555555556
0.06573368	0.004548861	0.1104	0.0065
0.06316464	0.004764843	0.106855555556	0.00654444444444
0.05876913	0.003357424	0.107144444444	0.00655555555556
0.04703638	0.002795296	0.103266666667	0.00563333333333
0.05706751	0.00382421	0.103266666667	0.00563333333333
0.05136295	0.006181249	0.103233333333	0.00596666666667
0.05691933	0.001973902	0.106822222222	0.00507777777778
0.04061532	0.00636796	0.1133	0.0059
0.05475561	0.004015486	0.1035	0.0061
0.04173	0.006552524	0.105266666667	0.00643333333333
0.04729592	0.005822521	0.113095555556	0.00604444444444
0.05889686	0.006422963	0.104182222222	0.00627777777778
0.05991575	0.003662606	0.108993333333	0.00656666666667
0.05062965	0.003740421	0.103204444444	0.00595555555556
0.06192291	0.004010217	0.103586666667	0.00613333333333
0.05676514	0.002924871	0.109033333333	0.00656666666667
0.07061327	0.005107468	0.107043333333	0.00506666666667
0.06548356	0.004768086	0.103182222222	0.00567777777778
0.04546194	0.003782644	0.106138888889	0.00651111111111
0.0613975	0.003934512	0.105444444444	0.00645555555556
0.05769866	0.004573691	0.107922222222	0.00657777777778
0.07219004	0.003292851	0.108555555556	0.00504444444444
0.05892838	0.002624757	0.111251111111	0.00518888888889
0.06447586	0.004180026	0.106247777778	0.00652222222222
0.04504436	0.003807591	0.110388888889	0.00511111111111
0.05032314	0.002138248	0.104988888889	0.00641111111111
0.06645137	0.004028972	0.111577777778	0.00522222222222
0.05586461	0.004937029	0.11158	0.0064
0.06304335	0.004785623	0.1127	0.0062
0.05562526	0.005249612	0.109333333333	0.00656666666667
0.05744393	0.003466929	0.112668888889	0.00621111111111
0.05500556	0.007129682	0.103788888889	0.00541111111111
0.05772817	0.004620667	0.1116	0.0064
0.05316737	0.003692491	0.112066666667	0.00633333333333
0.04718245	0.003395416	0.112066666667	0.00633333333333
0.05863113	0.003064461	0.103922222222	0.00537777777778
0.0594315	0.003217127	0.103155555556	0.00564444444444
0.05319106	0.007501759	0.107033333333	0.00656666666667
0.05998478	0.002836673	0.110766666667	0.00513333333333
0.05142453	0.003744698	0.111133333333	0.00516666666667
0.06065623	0.003194258	0.111711111111	0.00638888888889
0.06500901	0.005546929	0.113355555556	0.00594444444444
0.06098948	0.005380774	0.103077777778	0.00592222222222
0.06810043	0.002960846	0.112277777778	0.00532222222222
0.06426846	0.003165315	0.103522222222	0.00547777777778
0.05120898	0.003659846	0.108511111111	0.00658888888889
0.05752141	0.004851933	0.107911111111	0.00658888888889
0.06886997	0.003033594	0.108566666667	0.00503333333333
0.06039009	0.005078484	0.113311111111	0.00598888888889
0.05510578	0.00200043	0.111381111111	0.00518888888889
0.06384975	0.00343875	0.1048	0.0064
0.0579112	0.002986483	0.112801111111	0.00618888888889
0.04388561	0.003771474	0.104208888889	0.00631111111111
0.06572686	0.003620086	0.1104	0.0051
0.05747769	0.003814791	0.112533333333	0.00536666666667
0.0544643	0.002902893	0.107666666667	0.00503333333333
0.05570019	0.004356771	0.104395555556	0.00634444444444
0.04967127	0.004855113	0.103331111111	0.00608888888889
0.05484852	0.008014989	0.104022222222	0.00627777777778
0.061135	0.003275631	0.102988888889	0.00581111111111
0.04567875	0.004865148	0.108886666667	0.00503333333333
0.04532276	0.007379291	0.103055555556	0.00594444444444
0.05483479	0.003049806	0.104311111111	0.00528888888889
0.06337733	0.002945578	0.112748888889	0.00621111111111
0.05564396	0.002883629	0.106793333333	0.00656666666667
0.05629498	0.003441108	0.102966666667	0.00583333333333
0.0629376	0.006500804	0.112166666667	0.00633333333333
0.04444278	0.003796515	0.106744444444	0.00505555555556
0.04691881	0.00362093	0.103244444444	0.00555555555556
0.05721292	0.002892548	0.112856666667	0.00543333333333
0.05898701	0.003526785	0.113366666667	0.00563333333333
0.05814112	0.003826091	0.103555555556	0.00544444444444
0.05625684	0.003430188	0.103411111111	0.00548888888889
0.05747052	0.003781173	0.103233333333	0.00606666666667
0.06247825	0.003633668	0.108077777778	0.00502222222222
0.05082344	0.004314636	0.102988888889	0.00591111111111
0.0631575	0.002083376	0.108	0.0066
0.0671275	0.002234772	0.110366666667	0.00653333333333
0.05729755	0.005149947	0.110688888889	0.00651111111111
0.06394111	0.003610796	0.112655555556	0.00624444444444
0.05227698	0.005293423	0.1059	0.0051
