root_height	pop_size	pi_net	pi_within
0.04670353	0.004856296	0.0884111111111	0.00908888888889
0.04591208	0.004602767	0.0883911111111	0.00908888888889
0.04748598	0.005060613	0.0886111111111	0.00908888888889
0.04820317	0.004421006	0.0883888888889	0.00911111111111
0.04772065	0.00926665	0.0884888888889	0.00911111111111
0.04786621	0.003889082	0.0886444444444	0.00905555555556
0.04978925	0.004087206	0.0887333333333	0.00906666666667
0.04675307	0.003871295	0.0886555555556	0.00904444444444
0.04045974	0.005124917	0.0880111111111	0.00908888888889
0.05305487	0.003231468	0.0879222222222	0.00907777777778
0.05093313	0.004528548	0.08849	0.009
0.04515893	0.00699459	0.0889055555556	0.00904444444444
0.04839478	0.004043129	0.0879	0.0091
0.04042558	0.00497134	0.0878533333333	0.00906666666667
0.03356275	0.006753778	0.0888777777778	0.00902222222222
0.04589279	0.003878324	0.0889688888889	0.00911111111111
0.05141825	0.003908087	0.0885111111111	0.00898888888889
0.04300821	0.004569105	0.0878677777778	0.00912222222222
0.03942217	0.003645952	0.0882111111111	0.00898888888889
0.03445522	0.008626315	0.0877955555556	0.00904444444444
0.0525942	0.009782309	0.0889555555556	0.00914444444444
0.05678747	0.006519335	0.0877222222222	0.00907777777778
0.05519326	0.003195395	0.0877555555556	0.00904444444444
0.04006876	0.003508361	0.0889	0.009
0.05056932	0.006908901	0.0890666666667	0.00903333333333
0.04735693	0.00686646	0.0879311111111	0.00898888888889
0.05874187	0.005061785	0.0876777777778	0.00902222222222
0.04363857	0.005271766	0.0891666666667	0.00913333333333
0.0448174	0.002377312	0.0879222222222	0.00917777777778
0.05051926	0.004786797	0.0879222222222	0.00917777777778
0.0339638	0.00306819	0.0879222222222	0.00897777777778
0.04517872	0.00486268	0.0886	0.0092
0.04895237	0.003853788	0.0882444444444	0.00895555555556
0.04966083	0.004024865	0.0878111111111	0.00898888888889
0.04608785	0.003945721	0.0882888888889	0.00921111111111
0.05520878	0.007539003	0.0886088888889	0.00921111111111
0.04569186	0.003453224	0.0881888888889	0.00921111111111
0.0577984	0.004747845	0.0875777777778	0.00902222222222
0.04114733	0.008470667	0.0875	0.0091
0.03943204	0.005641541	0.0876	0.009
0.05209947	0.006554306	0.08897	0.0092
0.04754925	0.004020963	0.0876333333333	0.00916666666667
0.05291672	0.005900715	0.0888555555556	0.00894444444444
0.06472164	0.004256295	0.0889944444444	0.00895555555556
0.0489718	0.007315834	0.0877533333333	0.00896666666667
0.05355322	0.003936308	0.0877333333333	0.00896666666667
0.04879548	0.007569366	0.0889788888889	0.00921111111111
0.04252141	0.004489577	0.0874555555556	0.00914444444444
0.05197516	0.00460021	0.0881666666667	0.00923333333333
0.03681839	0.00529809	0.0873777777778	0.00912222222222
0.0503605	0.004909734	0.0886088888889	0.00891111111111
0.05242535	0.006919936	0.0893333333333	0.00896666666667
0.04796615	0.002115545	0.08949	0.009
0.04280294	0.006627656	0.0872111111111	0.00908888888889
0.05699633	0.004081047	0.0875888888889	0.00921111111111
0.03945265	0.006009271	0.0896444444444	0.00905555555556
0.05814151	0.006519051	0.0878555555556	0.00924444444444
0.04713442	0.00691613	0.0896266666667	0.00913333333333
0.04661285	0.005229859	0.0892466666667	0.00893333333333
0.04203901	0.003083218	0.0891777777778	0.00892222222222
0.04755794	0.004101623	0.0895222222222	0.00897777777778
0.04267891	0.004011963	0.0871866666667	0.00913333333333
0.05178105	0.005626101	0.0871333333333	0.00906666666667
0.0553223	0.003706867	0.0877555555556	0.00924444444444
0.03680955	0.005427676	0.08896	0.0089
0.04625991	0.008611667	0.0871288888889	0.00911111111111
0.04409097	0.003855448	0.0897333333333	0.00906666666667
0.0372393	0.005940713	0.0871755555556	0.00914444444444
0.04653479	0.004626625	0.0893666666667	0.00893333333333
0.04134566	0.00697539	0.0893777777778	0.00922222222222
0.03974082	0.004711416	0.08776	0.0089
0.04931594	0.002727096	0.0879111111111	0.00888888888889
0.04970588	0.003953892	0.0873888888889	0.00921111111111
0.05712126	0.004246804	0.0871444444444	0.00915555555556
0.0331037	0.005882898	0.0895444444444	0.00895555555556
0.04489163	0.004039009	0.0897777777778	0.00902222222222
0.04727644	0.005527508	0.0897555555556	0.00914444444444
0.04937528	0.00755683	0.0895255555556	0.00894444444444
0.04674795	0.005009903	0.0871011111111	0.00898888888889
0.05595738	0.007074698	0.0898588888889	0.00911111111111
0.05183296	0.003716771	0.0876911111111	0.00888888888889
0.04715305	0.004872209	0.08838	0.0093
0.05288155	0.0047674	0.0885	0.0093
0.05231558	0.004983834	0.0876111111111	0.00888888888889
0.04105046	0.004213625	0.0893444444444	0.00925555555556
0.04332606	0.004637194	0.0895777777778	0.00922222222222
0.05523228	0.005165904	0.0891222222222	0.00927777777778
0.04085635	0.007571647	0.0898888888889	0.00901111111111
0.04912396	0.004587705	0.0888444444444	0.00885555555556
0.05600004	0.004252802	0.0869355555556	0.00914444444444
0.05083671	0.006286838	0.0874244444444	0.00925555555556
0.0438247	0.003879893	0.0892122222222	0.00927777777778
0.0382356	0.007398526	0.08687	0.0091
0.05580622	0.003318312	0.0871777777778	0.00922222222222
0.05048519	0.00376497	0.0891333333333	0.00886666666667
0.04256727	0.002516262	0.0868333333333	0.00906666666667
0.03286165	0.006908643	0.0890144444444	0.00885555555556
0.04928069	0.005786818	0.0890244444444	0.00885555555556
0.05988805	0.00501617	0.0869111111111	0.00898888888889
0.03522675	0.006411181	0.0873	0.0089
0.03394737	0.01047254	0.0873811111111	0.00888888888889
0.05621731	0.006527544	0.0878755555556	0.00884444444444
0.04960858	0.005346917	0.0900566666667	0.00903333333333
0.04223548	0.006139853	0.09	0.009
0.04685645	0.005852465	0.0900666666667	0.00903333333333
0.04586536	0.006185446	0.0871755555556	0.00924444444444
0.04893419	0.0043862	0.0899333333333	0.00896666666667
0.05674592	0.005901037	0.0869444444444	0.00895555555556
0.06081307	0.003541009	0.0892244444444	0.00885555555556
0.04118658	0.007038954	0.0868622222222	0.00917777777778
0.04607874	0.004764111	0.0884777777778	0.00882222222222
0.0489963	0.003508227	0.0901333333333	0.00906666666667
0.0533778	0.00383432	0.0893444444444	0.00885555555556
0.04950846	0.004845745	0.0868111111111	0.00918888888889
0.02695839	0.005504744	0.0884555555556	0.00934444444444
0.04410391	0.006445451	0.0883688888889	0.00881111111111
0.04633944	0.002083316	0.0901555555556	0.00914444444444
0.04818947	0.004574195	0.0885888888889	0.00881111111111
0.05720145	0.005079861	0.0882055555556	0.00934444444444
0.04545542	0.006228068	0.0892666666667	0.00883333333333
0.05947378	0.005812281	0.0899155555556	0.00924444444444
0.04289294	0.004414063	0.0866044444444	0.00915555555556
0.05363321	0.008131704	0.0868377777778	0.00892222222222
0.05279599	0.005295963	0.0888	0.0088
0.0428112	0.00467973	0.0866222222222	0.00897777777778
0.03961894	0.004068763	0.0896444444444	0.00885555555556
0.04279364	0.005536467	0.0891555555556	0.00934444444444
0.05791247	0.003826939	0.0894566666667	0.00883333333333
0.05314231	0.003669185	0.0898222222222	0.00927777777778
0.0510335	0.006994019	0.0864888888889	0.00911111111111
0.04212451	0.005255947	0.0878344444444	0.00935555555556
0.03901652	0.002854574	0.0864711111111	0.00908888888889
0.05333474	0.006207075	0.0872355555556	0.00884444444444
0.04535042	0.004026787	0.0880333333333	0.00936666666667
0.04969805	0.006977992	0.0880111111111	0.00878888888889
0.04511523	0.003047114	0.0876844444444	0.00935555555556
0.03991485	0.005771184	0.0903966666667	0.00913333333333
0.04332631	0.002480516	0.0885222222222	0.00877777777778
0.05415776	0.005437715	0.0878711111111	0.00878888888889
0.04527286	0.004752871	0.0899222222222	0.00887777777778
0.04655762	0.003233641	0.0899222222222	0.00887777777778
0.05446051	0.003656305	0.0878333333333	0.00936666666667
0.0518338	0.008542446	0.0903422222222	0.00897777777778
0.05412233	0.003119192	0.0865444444444	0.00895555555556
0.0527081	0.003773461	0.0883133333333	0.00876666666667
0.05110972	0.004519218	0.0887333333333	0.00876666666667
0.05043659	0.004820882	0.0903933333333	0.00896666666667
0.04598486	0.003065217	0.0875333333333	0.00936666666667
0.05519146	0.004064397	0.0895888888889	0.00881111111111
0.04691544	0.004900589	0.0863711111111	0.00898888888889
0.05034069	0.006237993	0.0862844444444	0.00905555555556
0.03986958	0.005596119	0.0898955555556	0.00884444444444
0.0423258	0.003534402	0.0898166666667	0.00883333333333
0.05570685	0.004277726	0.0871077777778	0.00882222222222
0.05418067	0.004743749	0.0892222222222	0.00877777777778
0.04784268	0.004525874	0.0868444444444	0.00885555555556
0.03804157	0.007605555	0.0895444444444	0.00935555555556
0.04710143	0.004054084	0.0899355555556	0.00884444444444
0.04029661	0.0071744	0.0902888888889	0.00891111111111
0.05035724	0.006920826	0.0898666666667	0.00883333333333
0.03947557	0.008897196	0.0898666666667	0.00883333333333
0.04133885	0.004659398	0.0864288888889	0.00921111111111
0.04881093	0.005254527	0.0875522222222	0.00877777777778
0.060077	0.003295533	0.0871555555556	0.00934444444444
0.04499939	0.008325813	0.09026	0.0089
0.05030816	0.008948254	0.0862288888889	0.00911111111111
0.04196172	0.008008932	0.0905966666667	0.00913333333333
0.04628045	0.005506492	0.0872	0.0088
0.05094044	0.003593469	0.0872	0.0088
0.04800249	0.005530765	0.0892111111111	0.00938888888889
0.05050731	0.004826144	0.0867011111111	0.00928888888889
0.03052421	0.006243468	0.0862	0.0091
0.05298908	0.003523296	0.0884888888889	0.00941111111111
0.05076201	0.002413236	0.0906	0.009
0.05510744	0.006213154	0.0906	0.009
0.05603743	0.003955929	0.0866222222222	0.00927777777778
0.04060372	0.003448535	0.0866222222222	0.00887777777778
0.05334312	0.004152371	0.09012	0.0093
0.04099873	0.004762683	0.0899777777778	0.00932222222222
0.03057372	0.00429944	0.08912	0.0094
0.05586315	0.00332661	0.0896111111111	0.00878888888889
0.04700755	0.004803277	0.08712	0.0088
0.05158098	0.005509077	0.0906777777778	0.00912222222222
0.05134083	0.007247007	0.0879688888889	0.00941111111111
0.0435018	0.006931405	0.0861444444444	0.00905555555556
0.02941382	0.007918717	0.0873222222222	0.00877777777778
0.04689105	0.003659872	0.0901644444444	0.00885555555556
0.04402625	0.002783608	0.0865111111111	0.00888888888889
0.04817466	0.004024806	0.0889555555556	0.00874444444444
0.04251231	0.003871832	0.0899577777778	0.00882222222222
0.04226487	0.003688103	0.0878588888889	0.00941111111111
0.05588258	0.002934287	0.0898888888889	0.00881111111111
0.05434134	0.006066485	0.0887666666667	0.00873333333333
0.04294376	0.004250795	0.09022	0.0093
0.03696076	0.004575218	0.0902811111111	0.00928888888889
0.03251981	0.004185782	0.0868266666667	0.00933333333333
0.05105295	0.006716821	0.0866	0.0093
0.04392034	0.004885909	0.0896522222222	0.00937777777778
0.04096079	0.008522927	0.0900666666667	0.00933333333333
0.03847521	0.00656684	0.0907888888889	0.00911111111111
0.05365952	0.003873656	0.0884466666667	0.00943333333333
0.04360916	0.004695746	0.0862777777778	0.00892222222222
0.04719978	0.004677531	0.0860333333333	0.00906666666667
0.05002207	0.006217853	0.0897222222222	0.00877777777778
0.04163849	0.007104597	0.0870111111111	0.00878888888889
0.04009597	0.006271664	0.0867277777778	0.00882222222222
0.0462054	0.003819373	0.0860488888889	0.00901111111111
0.04658023	0.0038119	0.0895444444444	0.00875555555556
0.04954957	0.005106345	0.0906888888889	0.00921111111111
0.04410153	0.005852872	0.0866777777778	0.00882222222222
0.04858192	0.003777582	0.0871333333333	0.00876666666667
0.0417454	0.004407809	0.0883888888889	0.00871111111111
0.04557418	0.00450246	0.0872444444444	0.00875555555556
0.04934717	0.004262943	0.0890777777778	0.00872222222222
0.03213773	0.006990436	0.0881555555556	0.00944444444444
0.04840767	0.002897344	0.0904	0.0093
0.04784092	0.005026034	0.0909044444444	0.00905555555556
0.04743475	0.003871987	0.0860222222222	0.00897777777778
0.04264192	0.009182044	0.0872888888889	0.00941111111111
0.05370572	0.003893368	0.0895555555556	0.00874444444444
0.04285707	0.006389108	0.0869222222222	0.00937777777778
0.05650526	0.004508837	0.0865766666667	0.00933333333333
0.04794908	0.006171541	0.0859444444444	0.00915555555556
0.05372662	0.005669357	0.0877555555556	0.00944444444444
0.0423005	0.00680625	0.08617	0.0089
0.03311657	0.006916933	0.09018	0.0088
0.04800404	0.003942576	0.0891888888889	0.00871111111111
0.06406292	0.004834995	0.0904688888889	0.00931111111111
0.04786889	0.002495066	0.0873777777778	0.00872222222222
0.03661691	0.006046739	0.0860688888889	0.00891111111111
0.04255714	0.005375608	0.0886233333333	0.00946666666667
0.04380774	0.005052541	0.0881333333333	0.00946666666667
0.04116638	0.003842162	0.0881333333333	0.00946666666667
0.02938679	0.01128795	0.0861233333333	0.00926666666667
0.04554674	0.005863324	0.0880233333333	0.00946666666667
0.04322368	0.007285651	0.0862444444444	0.00885555555556
0.04926063	0.002839321	0.0898488888889	0.00941111111111
0.04514275	0.004784676	0.0898555555556	0.00874444444444
0.05391099	0.005939917	0.0894488888889	0.00871111111111
0.05429484	0.005567234	0.0904666666667	0.00933333333333
0.05147799	0.003533442	0.0897777777778	0.00942222222222
0.05343453	0.003748043	0.0886222222222	0.00867777777778
0.0406606	0.005406183	0.0902122222222	0.00937777777778
0.04557853	0.005630584	0.0857466666667	0.00903333333333
0.04292028	0.004299584	0.0864055555556	0.00934444444444
0.040438	0.005389592	0.0862777777778	0.00932222222222
0.05047723	0.003637207	0.0905666666667	0.00883333333333
0.04500773	0.004000934	0.0908111111111	0.00888888888889
0.04607716	0.003210136	0.0908111111111	0.00888888888889
0.03712017	0.004659731	0.0908111111111	0.00888888888889
0.04582029	0.004878474	0.0874444444444	0.00945555555556
0.06017422	0.004664969	0.0900155555556	0.00874444444444
0.05559856	0.004622412	0.0909	0.0089
0.05656266	0.004446237	0.0906888888889	0.00931111111111
0.04668808	0.002979392	0.0900355555556	0.00874444444444
0.04554572	0.00429182	0.0861	0.0093
0.04860642	0.006103986	0.0886233333333	0.00866666666667
0.04526024	0.004642166	0.0877222222222	0.00867777777778
0.05344316	0.005161607	0.0887333333333	0.00866666666667
0.03600944	0.003935184	0.0911555555556	0.00914444444444
0.05851441	0.005051567	0.0911444444444	0.00915555555556
0.04764947	0.004654071	0.0888111111111	0.00948888888889
0.04659927	0.005466843	0.0856422222222	0.00907777777778
0.05012499	0.006135363	0.0911222222222	0.00917777777778
0.04475723	0.005137932	0.0879333333333	0.00866666666667
0.05373829	0.004217239	0.0912222222222	0.00907777777778
0.04251219	0.007456212	0.0856466666667	0.00913333333333
0.04527336	0.00324787	0.0892822222222	0.00867777777778
0.05122924	0.003635743	0.0912333333333	0.00906666666667
0.0439682	0.003713037	0.0857777777778	0.00922222222222
0.05265338	0.003574051	0.0901555555556	0.00874444444444
0.05719059	0.004441508	0.0884444444444	0.00865555555556
0.05146283	0.004590467	0.0912	0.009
0.0551718	0.004964245	0.0874922222222	0.00947777777778
0.03903986	0.005271737	0.0904222222222	0.00877777777778
0.03462909	0.004103675	0.0869955555556	0.00944444444444
0.04897866	0.004379615	0.0881444444444	0.00865555555556
0.03492316	0.004542306	0.0887044444444	0.00865555555556
0.04648294	0.005387323	0.0887444444444	0.00865555555556
0.05021766	0.006277419	0.0898788888889	0.00871111111111
0.04105114	0.004748263	0.0892711111111	0.00948888888889
0.04870181	0.004396774	0.0910444444444	0.00925555555556
0.05081106	0.004896534	0.0858311111111	0.00888888888889
0.03826826	0.004559198	0.0908555555556	0.00884444444444
0.03814049	0.004184151	0.087	0.0087
0.05032208	0.00724991	0.08908	0.0095
0.05890864	0.005147533	0.0871333333333	0.00946666666667
0.04161232	0.005795898	0.0882288888889	0.00951111111111
0.03614135	0.005748565	0.0856555555556	0.00894444444444
0.05583832	0.008315983	0.0871133333333	0.00946666666667
0.05148539	0.004519482	0.0898744444444	0.00945555555556
0.05316199	0.004244066	0.0897733333333	0.00946666666667
0.02510806	0.006306961	0.0862111111111	0.00878888888889
0.0449538	0.002764522	0.0889355555556	0.00864444444444
0.05609524	0.003663222	0.0908777777778	0.00932222222222
0.04272617	0.005699396	0.0899444444444	0.00945555555556
0.05004972	0.005555745	0.0912555555556	0.00894444444444
0.05480662	0.007156574	0.0873011111111	0.00948888888889
0.04376	0.006315027	0.0857	0.0089
0.04426732	0.007123346	0.0863544444444	0.00875555555556
0.05473825	0.003709162	0.0910144444444	0.00885555555556
0.03083001	0.005929099	0.0855688888889	0.00921111111111
0.04643775	0.008258601	0.0887377777778	0.00952222222222
0.05384535	0.004962211	0.0909277777778	0.00932222222222
0.03965978	0.002316135	0.0854555555556	0.00914444444444
0.0424937	0.007631321	0.0856933333333	0.00926666666667
0.04832407	0.006936593	0.0913844444444	0.00915555555556
0.05126546	0.005781342	0.0861111111111	0.00878888888889
0.05767105	0.0071097	0.0858777777778	0.00932222222222
0.04023735	0.00454088	0.0855777777778	0.00892222222222
0.04925496	0.004509056	0.0873	0.0095
0.05594267	0.003930383	0.0911522222222	0.00927777777778
0.05796645	0.004466214	0.0883377777778	0.00862222222222
0.04766992	0.006705796	0.0891066666667	0.00863333333333
0.0404033	0.007006268	0.0907222222222	0.00937777777778
0.05220927	0.004530654	0.0881777777778	0.00862222222222
0.05106569	0.005747138	0.0901544444444	0.00945555555556
0.05397605	0.007647598	0.0865688888889	0.00871111111111
0.04324225	0.007134998	0.0909777777778	0.00882222222222
0.04877774	0.006720244	0.0915	0.0091
0.04876119	0.007497273	0.0855488888889	0.00891111111111
0.03625565	0.003635235	0.0875666666667	0.00863333333333
0.0418355	0.002529935	0.0854344444444	0.00895555555556
0.03974777	0.006184315	0.0914888888889	0.00901111111111
0.03620615	0.006132435	0.0913155555556	0.00924444444444
0.05050986	0.004738148	0.0911444444444	0.00885555555556
0.05552106	0.005587423	0.0898911111111	0.00948888888889
0.04741051	0.005631847	0.0895788888889	0.00951111111111
0.03675025	0.004110881	0.0893777777778	0.00952222222222
0.04633133	0.005724172	0.0880288888889	0.00861111111111
0.0551906	0.003946793	0.0859922222222	0.00877777777778
0.0612197	0.004966499	0.0862677777778	0.00942222222222
0.05269083	0.005601447	0.0862666666667	0.00873333333333
0.04476824	0.00686798	0.0906555555556	0.00874444444444
0.05299787	0.004500104	0.0864355555556	0.00944444444444
0.04500324	0.007477637	0.0865	0.0087
0.05369404	0.005715485	0.0900111111111	0.00948888888889
0.04026246	0.007478134	0.0861555555556	0.00874444444444
0.05823208	0.005631871	0.0910555555556	0.00934444444444
0.05757383	0.007252711	0.0897555555556	0.00864444444444
0.04634948	0.005595484	0.0867911111111	0.00948888888889
0.04723491	0.008669841	0.0908711111111	0.00938888888889
0.05393684	0.00468923	0.0903111111111	0.00868888888889
0.05434603	0.006378974	0.0906677777778	0.00942222222222
0.04480031	0.005687485	0.0880444444444	0.00955555555556
0.05328149	0.00408303	0.0916	0.009
0.03848657	0.005838003	0.0852011111111	0.00908888888889
0.04671914	0.00559485	0.0876255555556	0.00954444444444
0.05871029	0.003960371	0.0896666666667	0.00863333333333
0.03248135	0.00372353	0.0866222222222	0.00947777777778
0.04911256	0.005110261	0.0916444444444	0.00905555555556
0.06205485	0.002852276	0.08998	0.0095
0.05262935	0.006083473	0.0913	0.0093
0.05259454	0.006418799	0.08788	0.0086
0.0583971	0.004452216	0.0908444444444	0.00875555555556
0.04291417	0.005938758	0.0852088888889	0.00901111111111
0.04547403	0.006181071	0.0914111111111	0.00888888888889
0.0447807	0.004544758	0.0878444444444	0.00955555555556
0.04694733	0.005246376	0.0907888888889	0.00941111111111
0.05179328	0.006195728	0.0851777777778	0.00912222222222
0.05651402	0.005663395	0.0916677777778	0.00912222222222
0.03506788	0.004413779	0.0855555555556	0.00884444444444
0.04475138	0.003918635	0.0912888888889	0.00931111111111
0.05262093	0.004861111	0.0916222222222	0.00917777777778
0.05934885	0.003765152	0.0852222222222	0.00917777777778
0.04849076	0.006038746	0.0854711111111	0.00928888888889
0.04728221	0.007431915	0.0851666666667	0.00913333333333
0.04862295	0.003270044	0.0906777777778	0.00872222222222
0.04458573	0.003433995	0.0901	0.0095
0.05597931	0.009022315	0.0871777777778	0.00862222222222
0.06116788	0.005387324	0.0888111111111	0.00858888888889
0.05323501	0.004348553	0.0896777777778	0.00862222222222
0.04870137	0.003507525	0.0894888888889	0.00861111111111
0.0525655	0.004903851	0.0854333333333	0.00886666666667
0.04037103	0.005194788	0.0869777777778	0.00952222222222
0.04766704	0.002344094	0.0865833333333	0.00866666666667
0.04357852	0.005587225	0.0897277777778	0.00862222222222
0.03663083	0.006819127	0.09016	0.0095
0.05758673	0.004310586	0.0900355555556	0.00864444444444
0.05327914	0.004408223	0.0895688888889	0.00861111111111
0.05048533	0.004583814	0.0911333333333	0.00936666666667
0.04225274	0.002445379	0.0864222222222	0.00867777777778
0.04758661	0.002300162	0.0864222222222	0.00867777777778
0.04279944	0.004683588	0.0853133333333	0.00926666666667
0.05136735	0.002842414	0.0876711111111	0.00858888888889
0.04136075	0.004833378	0.0902444444444	0.00865555555556
0.041773	0.005828777	0.0858888888889	0.00941111111111
0.03357129	0.005108227	0.0850666666667	0.00913333333333
0.04859255	0.003446371	0.0913777777778	0.00932222222222
0.04561494	0.003457111	0.0869666666667	0.00953333333333
0.05134427	0.003063143	0.0901555555556	0.00864444444444
0.05279169	0.0039699	0.0911422222222	0.00877777777778
0.05110475	0.005088643	0.0903911111111	0.00948888888889
0.04952419	0.002950829	0.0917866666667	0.00913333333333
0.05009461	0.005983319	0.0910444444444	0.00875555555556
0.04861364	0.0030454	0.0854866666667	0.00933333333333
0.05222645	0.00426143	0.0857333333333	0.00876666666667
0.04470431	0.008732641	0.0854377777778	0.00932222222222
0.05719646	0.003186222	0.0913666666667	0.00933333333333
0.04819605	0.006512059	0.0899666666667	0.00953333333333
0.04812253	0.002599017	0.0868777777778	0.00862222222222
0.0397656	0.00618246	0.0894111111111	0.00858888888889
0.04512678	0.004914679	0.0867266666667	0.00863333333333
0.05038625	0.007057735	0.0850177777778	0.00902222222222
0.04849329	0.006578479	0.0886311111111	0.00958888888889
0.04182081	0.004190381	0.0916111111111	0.00888888888889
0.04709294	0.006043949	0.0850433333333	0.00916666666667
0.05848105	0.009273851	0.0887333333333	0.00856666666667
0.04559608	0.005514656	0.0851844444444	0.00925555555556
0.05262136	0.007018122	0.0898888888889	0.00861111111111
0.03726394	0.003167253	0.0873111111111	0.00858888888889
0.04606583	0.005485972	0.0859888888889	0.00871111111111
0.04573634	0.006684461	0.0862322222222	0.00947777777778
0.04850044	0.004662859	0.0895533333333	0.00956666666667
0.05251356	0.00382695	0.0909466666667	0.00943333333333
0.03770512	0.005727934	0.0863033333333	0.00866666666667
0.02566162	0.004176828	0.0872533333333	0.00956666666667
0.04702492	0.001919486	0.0917377777778	0.00892222222222
0.05000204	0.004165898	0.0917377777778	0.00892222222222
0.04798318	0.004619558	0.0913111111111	0.00878888888889
0.04480032	0.003995839	0.0854844444444	0.00935555555556
0.04936741	0.004665132	0.0857555555556	0.00874444444444
0.03820605	0.006407468	0.0874722222222	0.00857777777778
0.0460358	0.006566619	0.0864888888889	0.00951111111111
0.05316468	0.002668412	0.0874322222222	0.00857777777778
0.03944222	0.004098728	0.0849555555556	0.00914444444444
0.05169198	0.004678108	0.0909155555556	0.00944444444444
0.04887191	0.004861607	0.087	0.0086
0.05277222	0.002367981	0.0854444444444	0.00935555555556
0.03132979	0.008158425	0.0904055555556	0.00864444444444
0.04984341	0.004478179	0.0912	0.0094
0.04849079	0.005572298	0.0853888888889	0.00881111111111
0.04895756	0.00346086	0.0900555555556	0.00954444444444
0.05502838	0.004395244	0.0913222222222	0.00877777777778
0.05439872	0.003251107	0.0879	0.0096
0.05537125	0.005599038	0.0848955555556	0.00904444444444
0.04579417	0.005715414	0.0849522222222	0.00917777777778
0.04627619	0.004851859	0.0903477777778	0.00952222222222
0.05015464	0.004936766	0.0851111111111	0.00888888888889
0.04768225	0.009270186	0.0911788888889	0.00941111111111
0.04715368	0.004896097	0.0918555555556	0.00894444444444
0.04384843	0.005443178	0.0864777777778	0.00952222222222
0.04738112	0.004561545	0.08777	0.0096
0.05444988	0.005599126	0.0904888888889	0.00951111111111
0.04608134	0.002932522	0.0894333333333	0.00856666666667
0.04993114	0.007163697	0.0906	0.0095
0.0427888	0.006613007	0.0919777777778	0.00912222222222
0.05172458	0.003693085	0.0849011111111	0.00898888888889
0.04870206	0.003943965	0.0866888888889	0.00861111111111
0.05226394	0.003905889	0.0849777777778	0.00922222222222
0.03713794	0.006245366	0.0886888888889	0.00961111111111
0.04042238	0.004592289	0.0892	0.0096
0.05167604	0.002764937	0.0908022222222	0.00947777777778
0.03888616	0.005906748	0.08504	0.0089
0.05466121	0.005291945	0.0866555555556	0.00954444444444
0.04507031	0.002685506	0.0873333333333	0.00856666666667
0.04520523	0.003927427	0.0892444444444	0.00855555555556
0.03461238	0.004630323	0.0863977777778	0.00952222222222
0.04763086	0.005919291	0.0917	0.0093
0.04194396	0.005639721	0.0899333333333	0.00956666666667
0.03875889	0.004840337	0.0889288888889	0.00961111111111
0.05595292	0.003939414	0.08752	0.0096
0.05736827	0.004443663	0.0878588888889	0.00961111111111
0.04749506	0.004267683	0.0867	0.0086
0.05118647	0.00453328	0.0915444444444	0.00935555555556
0.04115024	0.00454971	0.0918022222222	0.00927777777778
0.03830868	0.003997134	0.0848333333333	0.00916666666667
0.04651919	0.005144272	0.0877155555556	0.00854444444444
0.05445559	0.00358198	0.0884666666667	0.00853333333333
0.04242846	0.006603922	0.0858711111111	0.00868888888889
0.05250623	0.004769907	0.0914133333333	0.00876666666667
0.04904141	0.005210399	0.0866444444444	0.00955555555556
0.04950313	0.005670068	0.0858511111111	0.00868888888889
0.05509167	0.003204156	0.0920333333333	0.00916666666667
0.04876693	0.003552339	0.0903388888889	0.00861111111111
0.05694697	0.007178315	0.09158	0.0088
0.05089094	0.005275304	0.0919944444444	0.00895555555556
0.05609749	0.005035303	0.0869222222222	0.00957777777778
0.04294661	0.006518929	0.0850644444444	0.00885555555556
0.04690095	0.003888435	0.0862666666667	0.00863333333333
0.04877758	0.005011635	0.0906888888889	0.00951111111111
0.0478884	0.004598178	0.0850888888889	0.00931111111111
0.03926323	0.005232263	0.0848022222222	0.00917777777778
0.05934463	0.004081068	0.0877866666667	0.00853333333333
0.03233102	0.007354454	0.0870033333333	0.00856666666667
0.0467145	0.008936664	0.0919777777778	0.00892222222222
0.05247657	0.003696671	0.0921244444444	0.00905555555556
0.05209702	0.003960154	0.0912055555556	0.00944444444444
0.04907207	0.003873171	0.0919133333333	0.00926666666667
0.04672623	0.003706819	0.0921	0.009
0.05335385	0.007294659	0.0884377777778	0.00852222222222
0.04544373	0.008018621	0.0860888888889	0.00951111111111
0.03565999	0.008944483	0.0909333333333	0.00866666666667
0.03564608	0.004613981	0.0873555555556	0.00854444444444
0.04312906	0.004542021	0.0886666666667	0.00963333333333
0.04659712	0.007089914	0.0886777777778	0.00852222222222
0.04902046	0.004198181	0.0852822222222	0.00877777777778
0.05218608	0.004969762	0.0905666666667	0.00953333333333
0.04043477	0.007318098	0.09086	0.0095
0.04172814	0.006672819	0.0847333333333	0.00916666666667
0.03908819	0.00465797	0.0875666666667	0.00853333333333
0.04804019	0.007139653	0.0863555555556	0.00954444444444
0.03451408	0.005152811	0.0847	0.009
0.04840301	0.002577114	0.0846888888889	0.00901111111111
0.03917414	0.005156231	0.0921777777778	0.00902222222222
0.05550346	0.008195108	0.0909244444444	0.00865555555556
0.05594822	0.003738797	0.0907466666667	0.00863333333333
0.04546137	0.003498039	0.0877666666667	0.00963333333333
0.05601433	0.002039483	0.0852222222222	0.00937777777778
0.05192984	0.006465341	0.0911022222222	0.00867777777778
0.03779807	0.004079419	0.0846333333333	0.00906666666667
0.04728459	0.002497924	0.0846333333333	0.00906666666667
0.05234808	0.003616041	0.0876777777778	0.00852222222222
0.05282288	0.004074425	0.0853555555556	0.00874444444444
0.04686648	0.007213366	0.0853555555556	0.00874444444444
0.0482785	0.005016311	0.0860666666667	0.00863333333333
0.04598156	0.003853236	0.0881988888889	0.00851111111111
0.04106437	0.003862622	0.0907866666667	0.00863333333333
0.0302821	0.007129612	0.0911911111111	0.00868888888889
0.03941644	0.00561336	0.0920555555556	0.00924444444444
0.05414862	0.006472592	0.0876266666667	0.00963333333333
0.0449843	0.006215363	0.0880355555556	0.00964444444444
0.04897365	0.003372921	0.0918777777778	0.00932222222222
0.04692603	0.003121354	0.0913555555556	0.00944444444444
0.04317037	0.006698606	0.0846955555556	0.00894444444444
0.05313639	0.004551861	0.0848533333333	0.00886666666667
0.05697369	0.006389955	0.0916	0.0094
0.04172419	0.005204395	0.0915555555556	0.00874444444444
0.04798285	0.005110972	0.0851222222222	0.00877777777778
0.04862533	0.006130964	0.0921	0.0089
0.05560522	0.003378552	0.0887	0.0085
0.04831945	0.004790683	0.0845444444444	0.00905555555556
0.04056381	0.006026295	0.0846111111111	0.00918888888889
0.04504593	0.004554617	0.0913111111111	0.00868888888889
0.05638628	0.005229477	0.0922888888889	0.00901111111111
0.0513234	0.008597807	0.0850333333333	0.00936666666667
0.04260335	0.006650017	0.0874688888889	0.00851111111111
0.0490523	0.002810107	0.0920088888889	0.00931111111111
0.03446633	0.005808779	0.0923155555556	0.00914444444444
0.05128729	0.005437415	0.0919877777778	0.00932222222222
0.04068416	0.00475713	0.0896766666667	0.00963333333333
0.05695232	0.005342288	0.0900555555556	0.00854444444444
0.05887672	0.006302911	0.0877	0.0085
0.03812145	0.005745741	0.0884233333333	0.00966666666667
0.04162538	0.01073532	0.0844877777778	0.00912222222222
0.05582456	0.003977774	0.0855222222222	0.00867777777778
0.0450922	0.00539267	0.0863222222222	0.00857777777778
0.05085099	0.004282517	0.0923577777778	0.00902222222222
0.05416096	0.005037541	0.0918733333333	0.00936666666667
0.05077835	0.005507508	0.0859888888889	0.00861111111111
0.06807395	0.006636149	0.0899777777778	0.00962222222222
0.05755896	0.00374829	0.0865444444444	0.00855555555556
0.04491413	0.005810119	0.0866888888889	0.00961111111111
0.05181995	0.004629355	0.0858777777778	0.00862222222222
0.05650094	0.004986274	0.0923777777778	0.00902222222222
0.05242266	0.006400013	0.0852377777778	0.00872222222222
0.04453923	0.004661574	0.0858666666667	0.00953333333333
0.0555383	0.004470425	0.0860444444444	0.00955555555556
0.04616009	0.003653415	0.0878133333333	0.00966666666667
0.0437081	0.005165509	0.0846933333333	0.00886666666667
0.03646703	0.00328433	0.0869777777778	0.00852222222222
0.05249101	0.00479968	0.0849333333333	0.00936666666667
0.04371059	0.003300318	0.0900577777778	0.00962222222222
0.04032443	0.006089458	0.0922777777778	0.00892222222222
0.04492265	0.004668447	0.0917388888889	0.00941111111111
0.05679788	0.005959697	0.0867666666667	0.00853333333333
0.0468651	0.004126913	0.0922866666667	0.00923333333333
0.05417083	0.004002074	0.0903744444444	0.00855555555556
0.04854041	0.005030725	0.0873844444444	0.00965555555556
0.04085514	0.006494836	0.0877111111111	0.00848888888889
0.04962252	0.005270965	0.0856555555556	0.00864444444444
0.05032021	0.00711369	0.0918922222222	0.00937777777778
0.05658605	0.005848813	0.0917555555556	0.00874444444444
0.04836597	0.00289994	0.0864444444444	0.00855555555556
0.04961687	0.004577965	0.0847866666667	0.00933333333333
0.04255684	0.005065165	0.0901266666667	0.00853333333333
0.03931951	0.002631495	0.0868777777778	0.00852222222222
0.04156101	0.004596833	0.0897788888889	0.00851111111111
0.05199903	0.00378072	0.0848444444444	0.00935555555556
0.03889973	0.005752165	0.0917955555556	0.00874444444444
0.04601774	0.004362862	0.0921555555556	0.00884444444444
0.04472164	0.005339076	0.0923377777778	0.00892222222222
0.04602099	0.007643993	0.0922733333333	0.00926666666667
0.04923586	0.00374251	0.0912555555556	0.00864444444444
0.03958177	0.007769021	0.0844444444444	0.00895555555556
0.04238213	0.003017593	0.0867777777778	0.00852222222222
0.05108171	0.00293905	0.0843666666667	0.00903333333333
0.05857516	0.004749364	0.0924777777778	0.00912222222222
0.05950801	0.0039035	0.0921466666667	0.00883333333333
0.04102748	0.004399421	0.0852933333333	0.00946666666667
0.05284672	0.006405322	0.0844666666667	0.00893333333333
0.0502596	0.00510805	0.0847555555556	0.00934444444444
0.0455855	0.004161353	0.0844111111111	0.00918888888889
0.04526194	0.003867219	0.0844111111111	0.00918888888889
0.03966332	0.003998473	0.0857066666667	0.00953333333333
0.05027933	0.006195577	0.0857888888889	0.00861111111111
0.05011131	0.005863531	0.0863044444444	0.00855555555556
0.05189194	0.004188592	0.0924511111111	0.00918888888889
0.04523622	0.00299791	0.0845	0.0089
0.04141044	0.00513122	0.08476	0.0088
0.04931515	0.0102728	0.0879333333333	0.00846666666667
0.0385239	0.003894263	0.0920222222222	0.00877777777778
0.04890682	0.004524594	0.0912777777778	0.00952222222222
0.05073959	0.004750678	0.0878933333333	0.00846666666667
0.05258397	0.003683278	0.0922388888889	0.00931111111111
0.02824331	0.00433708	0.0852111111111	0.00868888888889
0.04872328	0.00502999	0.0862	0.0096
0.05752043	0.004638064	0.0849777777778	0.00942222222222
0.05112323	0.007273186	0.0869244444444	0.00965555555556
0.03592265	0.005442535	0.0844711111111	0.00888888888889
0.04963884	0.005035532	0.0891333333333	0.00846666666667
0.05853411	0.005117009	0.0923	0.0093
0.05726265	0.007162389	0.0918777777778	0.00942222222222
0.04849416	0.004386889	0.0862888888889	0.00961111111111
0.05446801	0.00361579	0.0901288888889	0.00851111111111
0.05107756	0.004964586	0.0895222222222	0.00847777777778
0.04886688	0.005257458	0.0883	0.0097
0.05913583	0.004290478	0.0920333333333	0.00876666666667
0.04070496	0.006196265	0.0916833333333	0.00946666666667
0.04785744	0.004090427	0.0909222222222	0.00857777777778
0.04893054	0.004264371	0.0919555555556	0.00874444444444
0.04298569	0.004880746	0.0858133333333	0.00956666666667
0.05095726	0.004525514	0.0843888888889	0.00891111111111
0.04971436	0.003521513	0.0912088888889	0.00861111111111
0.05355244	0.004480397	0.0845666666667	0.00883333333333
0.03916656	0.004408094	0.0851333333333	0.00946666666667
0.04099009	0.004598727	0.0864777777778	0.00852222222222
0.04671613	0.00718871	0.0852433333333	0.00866666666667
0.04382967	0.006679101	0.0842444444444	0.00915555555556
0.04335186	0.009192467	0.0912555555556	0.00954444444444
0.04922232	0.003684505	0.0849366666667	0.00943333333333
0.04531415	0.006572096	0.0865555555556	0.00964444444444
0.04295566	0.004354481	0.0848777777778	0.00942222222222
0.05292892	0.002803857	0.0856444444444	0.00955555555556
0.05486849	0.00570848	0.0858222222222	0.00857777777778
0.0436594	0.005037655	0.0884555555556	0.00844444444444
0.04585083	0.003832229	0.0842222222222	0.00897777777778
0.05079103	0.002385171	0.0922111111111	0.00878888888889
0.05255888	0.003363093	0.0926111111111	0.00918888888889
0.05288711	0.003182501	0.0915355555556	0.00864444444444
0.0520225	0.003712914	0.0902	0.0085
0.04623141	0.003948661	0.0920488888889	0.00941111111111
0.04838925	0.003690018	0.08753	0.0097
0.03975231	0.009447259	0.0856933333333	0.00956666666667
0.04976847	0.003362971	0.0875	0.0097
0.04555524	0.004741557	0.0919188888889	0.00871111111111
0.05350806	0.003500631	0.0847688888889	0.00941111111111
0.05707982	0.00440207	0.0860555555556	0.00854444444444
0.04540218	0.003046628	0.0853366666667	0.00863333333333
0.04943232	0.004397163	0.0899222222222	0.00847777777778
0.05436954	0.004545278	0.0894444444444	0.00845555555556
0.04239313	0.004387483	0.0877555555556	0.00844444444444
0.04415496	0.005854477	0.0918333333333	0.00946666666667
0.04307343	0.005675622	0.0912844444444	0.00955555555556
0.05027763	0.003061742	0.0904555555556	0.00964444444444
0.04534458	0.005078002	0.0866811111111	0.00848888888889
0.05257629	0.005198497	0.0892155555556	0.00844444444444
0.05179983	0.004078673	0.0863555555556	0.00964444444444
0.04757265	0.00538891	0.0881777777778	0.00972222222222
0.03830931	0.00269738	0.0868222222222	0.00847777777778
0.04103341	0.004736152	0.0887466666667	0.00843333333333
0.04078884	0.00286386	0.0875555555556	0.00844444444444
0.05548621	0.004410353	0.0848555555556	0.00944444444444
0.03663223	0.004538574	0.0848555555556	0.00944444444444
0.05192683	0.004677391	0.0898511111111	0.00968888888889
0.0519454	0.003104274	0.0898533333333	0.00846666666667
0.05377751	0.005229901	0.0924655555556	0.00884444444444
0.03603433	0.005817956	0.0859555555556	0.00854444444444
0.04528817	0.003106242	0.0847466666667	0.00873333333333
0.05396992	0.005620414	0.0925944444444	0.00925555555556
0.05027637	0.00488939	0.0927555555556	0.00904444444444
0.04671194	0.004708241	0.09219	0.0094
0.05102058	0.00330028	0.0922	0.0094
0.04825496	0.007427479	0.0914555555556	0.00954444444444
0.04665916	0.006086626	0.0869111111111	0.00968888888889
0.04960649	0.006489702	0.0856222222222	0.00857777777778
0.0453587	0.004935283	0.0904444444444	0.00965555555556
0.04480247	0.005004158	0.08406	0.0091
0.05124261	0.00448744	0.0873688888889	0.00971111111111
0.03970175	0.004299252	0.0924088888889	0.00881111111111
0.04212702	0.006133327	0.08509	0.0095
0.04230328	0.002953577	0.0910444444444	0.00855555555556
0.0488855	0.005301897	0.0921788888889	0.00941111111111
0.05413828	0.004533368	0.0873555555556	0.00844444444444
0.03937109	0.00433774	0.0855111111111	0.00858888888889
0.04436312	0.006648235	0.0840444444444	0.00905555555556
0.04438164	0.002633401	0.0847888888889	0.00871111111111
0.05158399	0.00816986	0.0883377777778	0.00842222222222
0.04075962	0.007014248	0.0875666666667	0.00843333333333
0.04322965	0.005756528	0.0887266666667	0.00973333333333
0.04430355	0.007029488	0.09052	0.0085
0.05573309	0.004401287	0.0860666666667	0.00963333333333
0.04217587	0.007342318	0.0879766666667	0.00973333333333
0.0460776	0.002655502	0.0926888888889	0.00891111111111
0.04357707	0.004992019	0.0920888888889	0.00871111111111
0.02972654	0.006776742	0.0855222222222	0.00857777777778
0.05514556	0.004040825	0.0911444444444	0.00855555555556
0.03898028	0.004872556	0.0899344444444	0.00845555555556
0.0437793	0.008551529	0.0923	0.0094
0.05119277	0.004465805	0.0849333333333	0.00866666666667
0.04332776	0.005415268	0.0849311111111	0.00948888888889
0.04348973	0.003891818	0.0920333333333	0.00946666666667
0.04681184	0.005059398	0.0922888888889	0.00941111111111
0.04862911	0.006154806	0.0856444444444	0.00855555555556
0.05757449	0.003746915	0.0885888888889	0.00841111111111
0.05575431	0.00739724	0.0895777777778	0.00972222222222
0.03728516	0.00772171	0.0840777777778	0.00892222222222
0.04437859	0.005468902	0.0928055555556	0.00894444444444
0.05134177	0.00471155	0.0840111111111	0.00918888888889
0.04763026	0.004138627	0.0924222222222	0.00877777777778
0.04103352	0.005137101	0.0844222222222	0.00937777777778
0.04647961	0.004578137	0.0923444444444	0.00875555555556
0.05134245	0.006099788	0.0929022222222	0.00907777777778
0.05223155	0.005468952	0.0855133333333	0.00856666666667
0.04286662	0.007920504	0.0856	0.0096
0.05182652	0.004502739	0.0927222222222	0.00927777777778
0.04713436	0.004641923	0.0867	0.0097
0.03810482	0.003750172	0.0858666666667	0.00963333333333
0.04997057	0.003698007	0.0903333333333	0.00846666666667
0.05552513	0.003217162	0.0843333333333	0.00936666666667
0.0457359	0.005105153	0.0916244444444	0.00955555555556
0.04445966	0.005401771	0.0864833333333	0.00846666666667
0.02805405	0.005047911	0.0900355555556	0.00844444444444
0.0454911	0.01004697	0.0922	0.0087
0.05295916	0.003596241	0.0921511111111	0.00868888888889
0.05263816	0.002878518	0.0839111111111	0.00898888888889
0.04115314	0.004024766	0.09297	0.0091
0.04536112	0.005481933	0.0838711111111	0.00908888888889
0.04810454	0.005545705	0.0928888888889	0.00921111111111
0.04858992	0.003177439	0.0855888888889	0.00961111111111
0.04795299	0.005226044	0.0912555555556	0.00854444444444
0.05170581	0.006339907	0.0839666666667	0.00893333333333
0.04330407	0.00313105	0.0853222222222	0.00857777777778
0.04888224	0.004533879	0.0911666666667	0.00853333333333
0.0459556	0.00143916	0.0839777777778	0.00892222222222
0.05219511	0.003749348	0.0922244444444	0.00945555555556
0.05006249	0.0043818	0.0841577777778	0.00932222222222
0.06813175	0.005368925	0.0926866666667	0.00883333333333
0.0327089	0.00426739	0.0850888888889	0.00861111111111
0.04185274	0.005950201	0.0861111111111	0.00848888888889
0.04890939	0.003762292	0.093	0.0091
0.05243705	0.003618285	0.0927933333333	0.00886666666667
0.05279929	0.005699113	0.0892	0.0084
0.02416862	0.007961814	0.0846722222222	0.00867777777778
0.04760353	0.00475521	0.0849666666667	0.00953333333333
0.05047411	0.003204184	0.0925333333333	0.00876666666667
0.02667161	0.006638157	0.0864444444444	0.00845555555556
0.05513496	0.004695559	0.0930333333333	0.00906666666667
0.03148479	0.005549582	0.0844266666667	0.00873333333333
0.05583248	0.004448889	0.0857955555556	0.00964444444444
0.05392147	0.003402565	0.0926111111111	0.00878888888889
0.05615558	0.004100529	0.0881111111111	0.00838888888889
0.04931603	0.006350347	0.0907222222222	0.00847777777778
0.04032345	0.006566807	0.0856666666667	0.00963333333333
0.0484659	0.003845012	0.0889111111111	0.00838888888889
0.03926411	0.003976617	0.0874244444444	0.00975555555556
0.04489311	0.003466734	0.0870555555556	0.00974444444444
0.04810871	0.003219792	0.0854155555556	0.00854444444444
0.04721194	0.005364823	0.0838111111111	0.00918888888889
0.03795142	0.006264851	0.0837555555556	0.00904444444444
0.05618829	0.005527989	0.0911555555556	0.00964444444444
0.05674004	0.004108361	0.0898288888889	0.00841111111111
0.04284513	0.004504101	0.0908222222222	0.00967777777778
0.05027237	0.003558399	0.08427	0.0094
0.05150347	0.006228464	0.0923111111111	0.00868888888889
0.03990825	0.003488093	0.0882722222222	0.00977777777778
0.04646615	0.002219409	0.0840577777778	0.00882222222222
0.04414138	0.00613706	0.0930888888889	0.00901111111111
0.05234436	0.003866989	0.0900777777778	0.00842222222222
0.04703145	0.004055817	0.0886522222222	0.00837777777778
0.05186622	0.00342726	0.0924666666667	0.00943333333333
0.0379353	0.006109196	0.0839888888889	0.00931111111111
0.04037272	0.003814477	0.0843666666667	0.00943333333333
0.04623093	0.0073737	0.0911	0.0085
0.05873007	0.008354622	0.0931	0.009
0.0482958	0.004616207	0.0850333333333	0.00956666666667
0.04647735	0.006678985	0.0889822222222	0.00977777777778
0.04252979	0.005196117	0.0899788888889	0.00841111111111
0.04978388	0.002524079	0.0901777777778	0.00842222222222
0.05493573	0.003671398	0.0863288888889	0.00971111111111
0.04975926	0.005192159	0.0838288888889	0.00891111111111
0.03276089	0.00455507	0.0841422222222	0.00937777777778
0.06545637	0.007992064	0.0908111111111	0.00968888888889
0.05099494	0.006038905	0.0898	0.0084
0.04168706	0.004983378	0.0842777777778	0.00942222222222
0.04751014	0.004462967	0.0862888888889	0.00971111111111
0.04493573	0.002362431	0.0837222222222	0.00917777777778
0.04493988	0.003804801	0.0855588888889	0.00851111111111
0.05536848	0.006032212	0.0838622222222	0.00927777777778
0.04841971	0.005921467	0.0912888888889	0.00851111111111
0.05003679	0.006257764	0.0931666666667	0.00903333333333
0.04565941	0.004524007	0.0885111111111	0.00978888888889
0.04293215	0.003802393	0.0867588888889	0.00841111111111
0.05369481	0.004084191	0.0928666666667	0.00933333333333
0.04054323	0.004793639	0.0886133333333	0.00836666666667
0.04914565	0.003779823	0.0886333333333	0.00836666666667
0.04436701	0.007282905	0.0912044444444	0.00965555555556
0.07049072	0.005981413	0.0861	0.0097
0.05210913	0.004824689	0.0931333333333	0.00896666666667
0.04745935	0.006374549	0.0893222222222	0.00837777777778
0.04606367	0.009707142	0.0930777777778	0.00892222222222
0.04386197	0.005677035	0.0843644444444	0.00945555555556
0.05596986	0.00355898	0.0929933333333	0.00886666666667
0.0442033	0.005256889	0.0926177777778	0.00942222222222
0.05179215	0.00266522	0.0846666666667	0.00863333333333
0.04988651	0.004643169	0.0914477777778	0.00852222222222
0.03477046	0.009242748	0.0877611111111	0.00978888888889
0.03156122	0.006410175	0.0873222222222	0.00837777777778
0.04707085	0.006576253	0.0928311111111	0.00878888888889
0.04800169	0.005238666	0.0870111111111	0.00838888888889
0.04161355	0.00353007	0.0862666666667	0.00843333333333
0.05091313	0.002793397	0.0917444444444	0.00855555555556
0.04996854	0.002892181	0.0929855555556	0.00884444444444
0.04489441	0.006032708	0.0853466666667	0.00963333333333
0.04959426	0.006726479	0.0846777777778	0.00862222222222
0.04837252	0.003546182	0.0875333333333	0.00836666666667
0.06543738	0.004132324	0.0932111111111	0.00918888888889
0.04825645	0.003187497	0.0865088888889	0.00841111111111
0.05491667	0.004275141	0.0920111111111	0.00858888888889
0.04838679	0.004399698	0.0932677777778	0.00902222222222
0.04785951	0.005781278	0.0906666666667	0.00843333333333
0.04190475	0.00541598	0.0931555555556	0.00924444444444
0.04118918	0.006186695	0.0878244444444	0.00835555555556
0.04949742	0.003782383	0.0933	0.0091
0.03668107	0.00676132	0.08587	0.0097
0.04602774	0.005052348	0.0846066666667	0.00953333333333
0.04851927	0.005720103	0.0931888888889	0.00891111111111
0.04587687	0.004545338	0.0835222222222	0.00907777777778
0.05071176	0.004117187	0.0841755555556	0.00944444444444
0.04875227	0.00282321	0.0911333333333	0.00846666666667
0.04997439	0.005735814	0.0850488888889	0.00961111111111
0.03794525	0.006078486	0.0852988888889	0.00851111111111
0.05103418	0.003520964	0.0863555555556	0.00974444444444
0.04953769	0.005331061	0.0904888888889	0.00841111111111
0.05368917	0.004081368	0.0896811111111	0.00978888888889
0.0493399	0.005594399	0.0933255555556	0.00914444444444
0.04914998	0.005241906	0.0933444444444	0.00905555555556
0.04926598	0.003249869	0.0933111111111	0.00898888888889
0.04268575	0.00453631	0.0896933333333	0.00836666666667
0.04707963	0.005916406	0.0888555555556	0.00834444444444
0.05512545	0.004015924	0.0839222222222	0.00877777777778
0.04127904	0.004170275	0.0840666666667	0.00873333333333
0.04613774	0.00378079	0.0847311111111	0.00858888888889
0.05615078	0.004103421	0.0905288888889	0.00841111111111
0.03670592	0.003558099	0.0834977777778	0.00912222222222
0.05947818	0.002373309	0.09266	0.0087
0.03602548	0.003793899	0.0835133333333	0.00916666666667
0.05291853	0.005360919	0.0929133333333	0.00876666666667
0.05753336	0.004103515	0.0933666666667	0.00903333333333
0.05745381	0.004383116	0.0877155555556	0.00834444444444
0.03969564	0.002928483	0.0837666666667	0.00933333333333
0.04714014	0.00490345	0.0836	0.0089
0.05286341	0.005116387	0.0865711111111	0.00838888888889
0.04649938	0.006321144	0.0844977777778	0.00862222222222
0.04177039	0.007081104	0.0837277777778	0.00932222222222
0.03529856	0.009093364	0.0837477777778	0.00882222222222
0.04007236	0.005130724	0.08432	0.0095
0.05049599	0.006056673	0.0865333333333	0.00976666666667
0.05321834	0.004462668	0.0881777777778	0.00982222222222
0.05134046	0.003274525	0.0886666666667	0.00833333333333
0.04508613	0.004365498	0.0857888888889	0.00971111111111
0.04671106	0.00389144	0.0836333333333	0.00886666666667
0.05274252	0.005414574	0.0893788888889	0.00981111111111
0.0549804	0.004299826	0.0888666666667	0.00833333333333
0.04506552	0.004479087	0.0860166666667	0.00973333333333
0.04480089	0.004723979	0.0834844444444	0.00895555555556
0.0501644	0.006463363	0.0913111111111	0.00968888888889
0.05410248	0.004402865	0.0851488888889	0.00851111111111
0.05922726	0.005678918	0.0897444444444	0.00835555555556
0.05407687	0.005076845	0.0900111111111	0.00978888888889
0.04773451	0.004456119	0.0902222222222	0.00837777777778
0.04358931	0.005149388	0.0902222222222	0.00837777777778
0.0541462	0.004361655	0.0836488888889	0.00931111111111
0.04563984	0.004110891	0.0904333333333	0.00976666666667
0.0562055	0.003056322	0.0920444444444	0.00855555555556
0.05278547	0.003549335	0.0931	0.0088
0.0400044	0.005293805	0.0850988888889	0.00851111111111
0.03922196	0.00600559	0.0834588888889	0.00921111111111
0.04309193	0.004888135	0.0856888888889	0.00971111111111
0.04378421	0.004090443	0.0848555555556	0.00854444444444
0.04321102	0.003514471	0.0838888888889	0.00941111111111
0.05133594	0.002996817	0.0833888888889	0.00901111111111
0.04420481	0.00249433	0.0833777777778	0.00912222222222
0.03935403	0.00654194	0.0884466666667	0.00983333333333
0.03237452	0.007573069	0.0886066666667	0.00983333333333
0.0490265	0.004613405	0.0934088888889	0.00921111111111
0.05298722	0.003722331	0.0918666666667	0.00963333333333
0.03007759	0.009081427	0.0934155555556	0.00894444444444
0.03667405	0.005845436	0.0842555555556	0.00864444444444
0.04879583	0.003565004	0.0919666666667	0.00853333333333
0.05090254	0.006799788	0.0833644444444	0.00915555555556
0.0482929	0.003977752	0.0840922222222	0.00947777777778
0.05155455	0.004760695	0.0904222222222	0.00977777777778
0.05188278	0.004989053	0.0864222222222	0.00977777777778
0.044141	0.003686491	0.0851	0.0085
0.04405591	0.004870364	0.0851	0.0085
0.01764959	0.007927736	0.0908888888889	0.00841111111111
0.05097932	0.005931297	0.0877666666667	0.00983333333333
0.04949658	0.005295617	0.0902533333333	0.00836666666667
0.04108489	0.003498421	0.0845111111111	0.00858888888889
0.04648089	0.006410994	0.0833233333333	0.00906666666667
0.05003956	0.004748272	0.0930444444444	0.00875555555556
0.03963123	0.005214328	0.0864022222222	0.00837777777778
0.04135037	0.00598262	0.0860744444444	0.00975555555556
0.05804053	0.005666671	0.0931222222222	0.00937777777778
0.05346082	0.005374048	0.09306	0.0094
0.05165703	0.005683212	0.0903011111111	0.00978888888889
0.04610404	0.007021586	0.09332	0.0093
0.04298326	0.003691466	0.0865333333333	0.00836666666667
0.05023921	0.004310959	0.0833533333333	0.00896666666667
0.03169667	0.004696805	0.0838466666667	0.00873333333333
0.05048362	0.005303495	0.08467	0.0096
0.06005636	0.004277548	0.0899355555556	0.00834444444444
0.05809174	0.002409991	0.0871666666667	0.00833333333333
0.03719683	0.007181336	0.0854044444444	0.00845555555556
0.04052054	0.005209228	0.0854	0.0097
0.03818564	0.003117133	0.0851111111111	0.00848888888889
0.05493657	0.005574344	0.0835666666667	0.00933333333333
0.05173236	0.004016068	0.0879888888889	0.00831111111111
0.05359156	0.005396225	0.0837444444444	0.00875555555556
0.04514518	0.005349494	0.0847777777778	0.00962222222222
0.03785435	0.003817679	0.0854888888889	0.00971111111111
0.04167253	0.005370186	0.09022	0.0098
0.0505234	0.002964314	0.0837344444444	0.00875555555556
0.04971543	0.006933926	0.0858288888889	0.00841111111111
0.04762016	0.003746808	0.0932655555556	0.00934444444444
0.05078948	0.003804598	0.0833666666667	0.00923333333333
0.04604999	0.00351484	0.0841	0.0095
0.03462751	0.005508187	0.0836	0.0088
0.05117336	0.003915829	0.0890688888889	0.00831111111111
0.04537591	0.004120949	0.0845411111111	0.00958888888889
0.04741755	0.004752305	0.0934222222222	0.00887777777778
0.0438047	0.002722769	0.0835844444444	0.00935555555556
0.05155407	0.004741719	0.0848888888889	0.00851111111111
0.0353186	0.005092597	0.0835555555556	0.00934444444444
0.04306071	0.00595873	0.0934111111111	0.00928888888889
0.05202625	0.005366724	0.0832555555556	0.00914444444444
0.04746817	0.003885404	0.0898666666667	0.00833333333333
0.05025352	0.005577746	0.0933466666667	0.00883333333333
0.04720987	0.00332658	0.0923333333333	0.00856666666667
0.04278983	0.004713332	0.0851222222222	0.00847777777778
0.04778491	0.008498844	0.0892555555556	0.00984444444444
0.05284406	0.003588874	0.0865	0.0098
0.04142946	0.003613728	0.0903444444444	0.00835555555556
0.03659587	0.006206423	0.0930088888889	0.00871111111111
0.04942499	0.00636929	0.0858444444444	0.00975555555556
0.05207467	0.005408404	0.0936144444444	0.00915555555556
0.04902886	0.006547246	0.0837777777778	0.00872222222222
0.04990492	0.003564919	0.0845444444444	0.00855555555556
0.05594659	0.003340451	0.09299	0.0087
0.041271	0.005235073	0.08644	0.0098
0.03710608	0.005610909	0.0846777777778	0.00962222222222
0.05347906	0.003892162	0.0935844444444	0.00895555555556
0.04746423	0.006804657	0.0865955555556	0.00834444444444
0.04330689	0.004370644	0.09332	0.0088
0.04885179	0.005984095	0.0909111111111	0.00838888888889
0.0412143	0.005705854	0.0873555555556	0.00984444444444
0.06339788	0.004696903	0.0932	0.0094
0.03300724	0.003873157	0.0909233333333	0.00976666666667
0.04807855	0.003489306	0.0936333333333	0.00916666666667
0.0446749	0.006462452	0.0890844444444	0.00985555555556
0.04485262	0.002386648	0.0906333333333	0.00836666666667
0.06418734	0.004024001	0.09198	0.0085
0.050089	0.004027567	0.0924111111111	0.00958888888889
0.04594903	0.00299654	0.0855277777778	0.00842222222222
0.0431215	0.00585321	0.0844233333333	0.00856666666667
0.05216612	0.00569807	0.0916444444444	0.00845555555556
0.05840349	0.005872156	0.0847688888889	0.00851111111111
0.04921257	0.00608753	0.092	0.0085
0.03645728	0.004411557	0.0872088888889	0.00831111111111
0.05356129	0.00274683	0.0834555555556	0.00934444444444
0.06212491	0.006677689	0.0936866666667	0.00913333333333
0.05667543	0.004174598	0.0934655555556	0.00884444444444
0.04705186	0.005050651	0.0883333333333	0.00986666666667
0.04540263	0.004254152	0.0886111111111	0.00828888888889
0.05792396	0.005121635	0.0886133333333	0.00986666666667
0.03636374	0.005727394	0.0917711111111	0.00968888888889
0.04704781	0.003664201	0.0937111111111	0.00908888888889
0.04443473	0.004363297	0.0861111111111	0.00978888888889
0.0460591	0.003301842	0.0833444444444	0.00885555555556
0.0423774	0.006933354	0.0845777777778	0.00962222222222
0.0557047	0.00434447	0.0914977777778	0.00972222222222
0.05649458	0.0035963	0.0920444444444	0.00965555555556
0.05081717	0.004650254	0.0917933333333	0.00846666666667
0.047815	0.004311747	0.0831222222222	0.00907777777778
0.05519519	0.003172922	0.0906	0.0098
0.04288279	0.002089519	0.0907633333333	0.00836666666667
0.04049598	0.004958683	0.0831355555556	0.00914444444444
0.0447464	0.005894563	0.0878711111111	0.00828888888889
0.05217337	0.005629199	0.0894644444444	0.00985555555556
0.04391365	0.004897875	0.0863888888889	0.00981111111111
0.05571019	0.005283777	0.0842333333333	0.00956666666667
0.03935469	0.004153825	0.0933133333333	0.00876666666667
0.0420727	0.003169387	0.0838711111111	0.00948888888889
0.04281133	0.004449741	0.0839555555556	0.00864444444444
0.03469209	0.004064596	0.0919222222222	0.00847777777778
0.03789179	0.005074372	0.0843944444444	0.00855555555556
0.05423478	0.004581609	0.0916655555556	0.00844444444444
0.03792936	0.006622719	0.0830888888889	0.00911111111111
0.04896702	0.003040929	0.0853777777778	0.00842222222222
