root_height	pop_size	pi_net	pi_within
0.04056762	0.002899641	0.0714444444444	0.00255555555556
0.03578201	0.002276098	0.0711111111111	0.00258888888889
0.03273118	0.002235785	0.0720666666667	0.00263333333333
0.02900552	0.002685234	0.0717333333333	0.00266666666667
0.03887672	0.002096983	0.0710666666667	0.00253333333333
0.04225241	0.001687605	0.0711555555556	0.00264444444444
0.03660998	0.002033778	0.0723111111111	0.00258888888889
0.04076296	0.001200464	0.0723333333333	0.00256666666667
0.03239518	0.004974619	0.0717011111111	0.00268888888889
0.0364785	0.001955018	0.0717111111111	0.00268888888889
0.03905863	0.002261034	0.0711333333333	0.00266666666667
0.03289154	0.003478893	0.0714111111111	0.00268888888889
0.03166793	0.00514216	0.0710444444444	0.00265555555556
0.04290578	0.002069301	0.0712222222222	0.00267777777778
0.04342983	0.003433475	0.0720222222222	0.00267777777778
0.03709064	0.001201638	0.0723888888889	0.00261111111111
0.03969786	0.001352619	0.0713111111111	0.00268888888889
0.04118835	0.002105148	0.0722444444444	0.00265555555556
0.03743849	0.001585175	0.0708888888889	0.00251111111111
0.03790509	0.001294016	0.0709333333333	0.00266666666667
0.04259598	0.001297288	0.0719555555556	0.00244444444444
0.03783299	0.001212492	0.0706888888889	0.00261111111111
0.03961054	0.002484374	0.0706777777778	0.00262222222222
0.03656165	0.002213732	0.0706333333333	0.00256666666667
0.035902	0.001223463	0.0706666666667	0.00253333333333
0.03586721	0.003122671	0.0725666666667	0.00263333333333
0.04216679	0.002173945	0.0713777777778	0.00242222222222
0.03833636	0.003542334	0.0719666666667	0.00273333333333
0.04060858	0.001816993	0.0705666666667	0.00253333333333
0.04002309	0.003493272	0.0717555555556	0.00274444444444
0.0371257	0.001924426	0.0728111111111	0.00258888888889
0.0378114	0.001544243	0.0719444444444	0.00275555555556
0.03880546	0.004333103	0.0727333333333	0.00266666666667
0.04133082	0.003334391	0.0720444444444	0.00275555555556
0.04593553	0.002111359	0.0714333333333	0.00276666666667
0.02861361	0.001560505	0.0722	0.0024
0.04098325	0.002234413	0.0714222222222	0.00277777777778
0.03658754	0.003861694	0.0718222222222	0.00277777777778
0.03528532	0.001814111	0.0729666666667	0.00253333333333
0.04320597	0.0008470386	0.0724555555556	0.00274444444444
0.03501638	0.001632978	0.0703333333333	0.00266666666667
0.04645291	0.002109883	0.0726666666667	0.00243333333333
0.03331948	0.001831343	0.0721222222222	0.00237777777778
0.04178551	0.001383443	0.0730922222222	0.00257777777778
0.03625282	0.00132372	0.0704	0.0027
0.03800935	0.002462372	0.073	0.0025
0.03529454	0.00246824	0.0705666666667	0.00273333333333
0.04173312	0.002762403	0.0716	0.0028
0.034857	0.003941955	0.0724333333333	0.00276666666667
0.04347017	0.001802361	0.0720444444444	0.00235555555556
0.03533416	0.003469773	0.0731255555556	0.00264444444444
0.02884977	0.001417655	0.0706933333333	0.00276666666667
0.04458138	0.002663377	0.0703777777778	0.00272222222222
0.03517862	0.004416161	0.073	0.0027
0.03701661	0.002073046	0.071	0.0028
0.04020952	0.001597563	0.0707222222222	0.00277777777778
0.04226876	0.00208185	0.0725222222222	0.00277777777778
0.03913006	0.003009143	0.0704555555556	0.00274444444444
0.04387065	0.001579447	0.0715777777778	0.00282222222222
0.04637312	0.002051151	0.0730444444444	0.00245555555556
0.03872677	0.001693065	0.0731111111111	0.00268888888889
0.03641853	0.003027434	0.0712666666667	0.00233333333333
0.04817988	0.001244754	0.0701888888889	0.00271111111111
0.02892004	0.002680669	0.0709555555556	0.00234444444444
0.03509187	0.001484346	0.0732888888889	0.00251111111111
0.03872276	0.007699287	0.0725	0.0028
0.0471249	0.0028068	0.0732222222222	0.00247777777778
0.04158762	0.003154219	0.0704111111111	0.00238888888889
0.03890113	0.00259903	0.0711777777778	0.00232222222222
0.03070481	0.001333219	0.0699333333333	0.00266666666667
0.03981525	0.004565593	0.0729333333333	0.00276666666667
0.04182412	0.002718329	0.0733222222222	0.00267777777778
0.03867195	0.001825613	0.0709666666667	0.00283333333333
0.02926264	0.001976823	0.0708666666667	0.00283333333333
0.04205798	0.001642345	0.0718444444444	0.00285555555556
0.03491032	0.001471102	0.0699555555556	0.00244444444444
0.04501469	0.001942532	0.0705555555556	0.00234444444444
0.03657348	0.0024033	0.0709555555556	0.00284444444444
0.03968713	0.001751395	0.0733444444444	0.00245555555556
0.03623521	0.003333204	0.0697	0.0026
0.0436289	0.00253172	0.0735444444444	0.00255555555556
0.0423258	0.002098991	0.0713111111111	0.00228888888889
0.03673825	0.002308876	0.0696666666667	0.00263333333333
0.03909785	0.002007419	0.0735444444444	0.00265555555556
0.03328073	0.0013692	0.0711111111111	0.00228888888889
0.04128644	0.00147262	0.0726777777778	0.00232222222222
0.03832207	0.001711101	0.0714222222222	0.00287777777778
0.04017595	0.001631776	0.073	0.0028
0.03679217	0.002746639	0.0735111111111	0.00268888888889
0.04290563	0.002418544	0.0728366666667	0.00233333333333
0.03234266	0.003519566	0.0735333333333	0.00246666666667
0.03993384	0.001132194	0.0703777777778	0.00282222222222
0.0391078	0.001194383	0.0702	0.0028
0.04369839	0.002130441	0.0733555555556	0.00274444444444
0.0436897	0.001459954	0.0732222222222	0.00237777777778
0.04410133	0.001279789	0.0697777777778	0.00242222222222
0.03546991	0.001224002	0.0706	0.0023
0.03619388	0.001691115	0.0723222222222	0.00287777777778
0.03426973	0.002119367	0.0727888888889	0.00231111111111
0.03617585	0.00117756	0.0723822222222	0.00287777777778
0.03410097	0.00176933	0.0715444444444	0.00225555555556
0.02842595	0.001963797	0.0708222222222	0.00287777777778
0.04777115	0.001294954	0.0695622222222	0.00267777777778
0.0402884	0.001803534	0.0732	0.0028
0.04341465	0.001912147	0.0729777777778	0.00232222222222
0.03911736	0.002497113	0.0695	0.0025
0.0313067	0.002360406	0.0703555555556	0.00284444444444
0.03591478	0.005101579	0.0738111111111	0.00258888888889
0.03255691	0.003318602	0.0709111111111	0.00288888888889
0.02749952	0.002524689	0.0728	0.0023
0.0269663	0.002947899	0.0705111111111	0.00228888888889
0.03933105	0.002007728	0.0715555555556	0.00224444444444
0.04428576	0.004297115	0.0715388888889	0.00291111111111
0.03858681	0.00298348	0.0701777777778	0.00232222222222
0.03560006	0.001434877	0.0703444444444	0.00285555555556
0.03424495	0.003300604	0.0716777777778	0.00292222222222
0.03421858	0.002922385	0.0736	0.0024
0.04483667	0.001825367	0.0737555555556	0.00244444444444
0.03523757	0.002715952	0.0737555555556	0.00244444444444
0.03867577	0.0008316473	0.0726333333333	0.00226666666667
0.03279376	0.002541841	0.0693	0.0026
0.04157428	0.002436838	0.0719777777778	0.00292222222222
0.03387573	0.003105095	0.0728222222222	0.00227777777778
0.03434979	0.002260334	0.0708888888889	0.00291111111111
0.03356748	0.0043379	0.0723555555556	0.00224444444444
0.03359443	0.002477924	0.0706444444444	0.00225555555556
0.04447675	0.002633377	0.0726444444444	0.00225555555556
0.0208554	0.004801068	0.0692111111111	0.00258888888889
0.03857564	0.001496929	0.0711777777778	0.00222222222222
0.04593759	0.002885226	0.0701333333333	0.00286666666667
0.03583931	0.002893454	0.0701333333333	0.00286666666667
0.03272776	0.001536874	0.0731111111111	0.00228888888889
0.04214464	0.001614687	0.0731111111111	0.00228888888889
0.04552677	0.001482107	0.0698666666667	0.00283333333333
0.03835231	0.001807018	0.0735288888889	0.00281111111111
0.03380072	0.00376355	0.0732444444444	0.00285555555556
0.04646267	0.002253828	0.0732444444444	0.00285555555556
0.03970915	0.001845949	0.0691333333333	0.00256666666667
0.04336695	0.003262985	0.0736444444444	0.00235555555556
0.04015427	0.002795323	0.0692111111111	0.00268888888889
0.03751065	0.002464896	0.0717	0.0022
0.03651999	0.002870012	0.0709555555556	0.00294444444444
0.03887943	0.001902309	0.0735777777778	0.00282222222222
0.03558792	0.001148409	0.0692	0.0027
0.03906673	0.004105849	0.0734555555556	0.00284444444444
0.03970953	0.001801113	0.0691111111111	0.00248888888889
0.04281898	0.0012019	0.0711	0.0022
0.03683127	0.003542208	0.0740555555556	0.00244444444444
0.0430043	0.003179345	0.0741333333333	0.00246666666667
0.04059196	0.001757892	0.0728666666667	0.00223333333333
0.0443984	0.00143767	0.069	0.0026
0.04028417	0.002988522	0.0698333333333	0.00286666666667
0.03208034	0.001825371	0.0701555555556	0.00224444444444
0.04758582	0.00186877	0.0737888888889	0.00281111111111
0.03581743	0.001697936	0.0702666666667	0.00223333333333
0.04026579	0.002378888	0.0714222222222	0.00297777777778
0.03772475	0.001916783	0.0703777777778	0.00222222222222
0.04464915	0.001608494	0.0707	0.0022
0.03855924	0.003863536	0.0727555555556	0.00294444444444
0.0390744	0.003365207	0.0720222222222	0.00297777777778
0.04435428	0.001307315	0.0739333333333	0.00236666666667
0.03652321	0.003490988	0.0728888888889	0.00221111111111
0.03171784	0.002955043	0.0705	0.0022
0.03318522	0.003577243	0.0713111111111	0.00298888888889
0.03665688	0.002096748	0.0688888888889	0.00251111111111
0.04152092	0.001461107	0.0688777777778	0.00252222222222
0.0385972	0.001867022	0.0693777777778	0.00282222222222
0.04838641	0.002064301	0.0688444444444	0.00255555555556
0.04467332	0.002149025	0.0706333333333	0.00296666666667
0.05113178	0.003108813	0.0741888888889	0.00241111111111
0.03551268	0.001547029	0.0735111111111	0.00288888888889
0.03502506	0.00189443	0.0689111111111	0.00268888888889
0.03082693	0.002183155	0.0691911111111	0.00278888888889
0.0327123	0.001462933	0.0698888888889	0.00291111111111
0.03277832	0.001643479	0.0697111111111	0.00288888888889
0.04665064	0.002548727	0.0696222222222	0.00227777777778
0.02783015	0.002361675	0.06978	0.0029
0.04134585	0.00300049	0.0737333333333	0.00286666666667
0.04009136	0.001719829	0.07111	0.003
0.03319299	0.002921152	0.0725111111111	0.00298888888889
0.04380368	0.00245345	0.0731555555556	0.00294444444444
0.0334489	0.002263437	0.0723	0.003
0.03762506	0.003734552	0.0687111111111	0.00258888888889
0.03305536	0.00100806	0.0698777777778	0.00222222222222
0.03817226	0.001518209	0.0743555555556	0.00274444444444
0.0346914	0.001594288	0.0722555555556	0.00214444444444
0.04551126	0.001693592	0.0722888888889	0.00301111111111
0.04485874	0.002863991	0.0714777777778	0.00302222222222
0.03454802	0.001670571	0.0717666666667	0.00213333333333
0.02998562	0.00213737	0.0714666666667	0.00213333333333
0.04166695	0.001242095	0.0745644444444	0.00265555555556
0.0323394	0.001895396	0.0686333333333	0.00256666666667
0.03331254	0.001462761	0.07	0.0022
0.04829991	0.002832348	0.0693111111111	0.00228888888889
0.03240149	0.001409576	0.069	0.0028
0.03365365	0.003224383	0.0695888888889	0.00291111111111
0.03756793	0.002006035	0.0736555555556	0.00224444444444
0.04124254	0.001992146	0.0688444444444	0.00275555555556
0.04331708	0.004143434	0.0698555555556	0.00294444444444
0.0384775	0.002894617	0.0741777777778	0.00282222222222
0.0428641	0.001955213	0.0687666666667	0.00273333333333
0.03882699	0.002850311	0.0746111111111	0.00248888888889
0.04469295	0.001644407	0.0715666666667	0.00303333333333
0.04349996	0.001942946	0.0717666666667	0.00303333333333
0.0329146	0.002729298	0.0744444444444	0.00275555555556
0.04223552	0.002141041	0.0685444444444	0.00255555555556
0.03562869	0.001847881	0.0685333333333	0.00256666666667
0.04061699	0.001943925	0.0747111111111	0.00258888888889
0.03775331	0.001296481	0.0689	0.0028
0.03087115	0.001922562	0.0687444444444	0.00275555555556
0.03619549	0.003277334	0.0716555555556	0.00304444444444
0.03257543	0.00136733	0.0747111111111	0.00248888888889
0.03400493	0.001962056	0.0689777777778	0.00232222222222
0.04177455	0.00358214	0.0744	0.0028
0.03172781	0.001938169	0.0720555555556	0.00304444444444
0.04022929	0.001583997	0.0737866666667	0.00223333333333
0.0351763	0.002585119	0.0728888888889	0.00301111111111
0.03706312	0.00233231	0.0745333333333	0.00276666666667
0.0397644	0.003896076	0.0722555555556	0.00304444444444
0.03787077	0.00203241	0.0704666666667	0.00213333333333
0.036726	0.001075346	0.0729555555556	0.00214444444444
0.03896122	0.003869472	0.0746777777778	0.00272222222222
0.03615817	0.002135691	0.0729888888889	0.00301111111111
0.04201026	0.003216163	0.0723555555556	0.00304444444444
0.03471403	0.002240037	0.0697333333333	0.00296666666667
0.04353548	0.002992763	0.0746666666667	0.00273333333333
0.04022451	0.003076236	0.0746666666667	0.00273333333333
0.03465993	0.00370622	0.0726666666667	0.00303333333333
0.03610641	0.002392352	0.0738777777778	0.00292222222222
0.04478865	0.002426375	0.0735333333333	0.00296666666667
0.03570403	0.003364347	0.0724555555556	0.00304444444444
0.03097788	0.001766059	0.0690133333333	0.00286666666667
0.03631542	0.002261232	0.0716333333333	0.00306666666667
0.03902621	0.003791265	0.0723444444444	0.00305555555556
0.03639347	0.003001116	0.0683333333333	0.00256666666667
0.03265219	0.002959618	0.0683555555556	0.00264444444444
0.03630866	0.00233452	0.0701877777778	0.00302222222222
0.03857359	0.005228178	0.0689333333333	0.00286666666667
0.0316429	0.002810262	0.0683444444444	0.00265555555556
0.03946208	0.004028622	0.0740888888889	0.00291111111111
0.04197705	0.001057483	0.0702777777778	0.00212222222222
0.02916326	0.002456309	0.0749555555556	0.00254444444444
0.03135419	0.002448965	0.0696222222222	0.00297777777778
0.04739119	0.003347425	0.0731777777778	0.00302222222222
0.03719968	0.001710452	0.0746444444444	0.00235555555556
0.03287539	0.001635918	0.0682666666667	0.00253333333333
0.03079721	0.00269353	0.0682555555556	0.00254444444444
0.03771593	0.001632709	0.0742444444444	0.00225555555556
0.02842924	0.002751157	0.0710222222222	0.00307777777778
0.04027039	0.002842957	0.0728	0.0021
0.02710133	0.001267408	0.0682444444444	0.00265555555556
0.04117587	0.002526352	0.0718111111111	0.00308888888889
0.03765097	0.001956626	0.0708222222222	0.00307777777778
0.03350642	0.003240545	0.0705533333333	0.00306666666667
0.03565885	0.001919573	0.0711111111111	0.00308888888889
0.0404961	0.001273606	0.0750222222222	0.00267777777778
0.04722139	0.001717771	0.075	0.0027
0.04082307	0.002840221	0.0735555555556	0.00214444444444
0.03293946	0.001275596	0.0723111111111	0.00308888888889
0.04162746	0.002217916	0.0681333333333	0.00256666666667
0.04130876	0.002566631	0.0749777777778	0.00272222222222
0.04263004	0.001827391	0.0724333333333	0.00206666666667
0.03519347	0.00182488	0.0703333333333	0.00306666666667
0.03557489	0.000995742	0.0729111111111	0.00208888888889
0.03802768	0.001988702	0.0685888888889	0.00231111111111
0.04686224	0.001982338	0.0703111111111	0.00208888888889
0.04990871	0.003790147	0.0745222222222	0.00287777777778
0.03139902	0.002674157	0.0681333333333	0.00266666666667
0.03589706	0.003525982	0.0749888888889	0.00241111111111
0.03406219	0.003258757	0.0736888888889	0.00301111111111
0.03325869	0.001337137	0.0687333333333	0.00226666666667
0.03089128	0.001353096	0.0680888888889	0.00251111111111
0.03602359	0.002627153	0.0680888888889	0.00251111111111
0.0434405	0.001924187	0.0681222222222	0.00247777777778
0.03254615	0.00164552	0.0694444444444	0.00215555555556
0.04128063	0.004237029	0.0751111111111	0.00268888888889
0.03693904	0.003049513	0.0714888888889	0.00311111111111
0.0313432	0.002042642	0.0712888888889	0.00311111111111
0.03464312	0.003026032	0.0712888888889	0.00311111111111
0.03970403	0.001055716	0.0738444444444	0.00215555555556
0.0446716	0.002135091	0.0752222222222	0.00257777777778
0.05058522	0.002052065	0.0710888888889	0.00311111111111
0.04260545	0.001803738	0.0751444444444	0.00245555555556
0.03529291	0.004294872	0.0709888888889	0.00311111111111
0.02059632	0.004109742	0.0694666666667	0.00213333333333
0.03099173	0.003844215	0.0688888888889	0.00221111111111
0.04097891	0.00280512	0.0679555555556	0.00254444444444
0.03940989	0.00330738	0.0738888888889	0.00301111111111
0.03494954	0.002619418	0.075	0.0028
0.02975868	0.001878091	0.0699111111111	0.00208888888889
0.03372587	0.00211916	0.0680888888889	0.00241111111111
0.04146147	0.002170208	0.0687666666667	0.00293333333333
0.04053186	0.002690503	0.0679	0.0026
0.03995307	0.001226918	0.0718777777778	0.00202222222222
0.04034559	0.003834141	0.0748233333333	0.00286666666667
0.03714394	0.002917081	0.0753333333333	0.00266666666667
0.03855006	0.002619863	0.0703888888889	0.00311111111111
0.04335792	0.002017282	0.0700111111111	0.00308888888889
0.0377463	0.001442867	0.0703555555556	0.00204444444444
0.0306009	0.003106175	0.0723666666667	0.00313333333333
0.04017012	0.003432543	0.0743222222222	0.00217777777778
0.05008547	0.003216676	0.0750888888889	0.00281111111111
0.03925435	0.002894059	0.0720555555556	0.00314444444444
0.03908104	0.001573687	0.0746666666667	0.00223333333333
0.03910231	0.001073498	0.0754444444444	0.00255555555556
0.04151363	0.001837048	0.0748333333333	0.00226666666667
0.03743499	0.001658577	0.0701888888889	0.00311111111111
0.0504702	0.003814852	0.0697222222222	0.00307777777778
0.04264721	0.001265648	0.0722888888889	0.00201111111111
0.02992985	0.003200979	0.07	0.0031
0.03700987	0.0008633011	0.0677777777778	0.00262222222222
0.03874869	0.002211626	0.0738888888889	0.00211111111111
0.03707682	0.002174605	0.0677644444444	0.00255555555556
0.04661314	0.001821804	0.0751555555556	0.00234444444444
0.03721717	0.003081833	0.0745444444444	0.00295555555556
0.02452375	0.002326253	0.0724355555556	0.00314444444444
0.04053489	0.001488051	0.0724555555556	0.00314444444444
0.02866112	0.001897529	0.0687333333333	0.00296666666667
0.03343547	0.002812481	0.0743	0.003
0.03159433	0.00302949	0.0704666666667	0.00313333333333
0.04200711	0.001747112	0.0694	0.0021
0.04037248	0.001079488	0.0753555555556	0.00274444444444
0.03496458	0.001409612	0.0750888888889	0.00231111111111
0.04197325	0.001278168	0.0735111111111	0.00308888888889
0.0375577	0.002011225	0.0740666666667	0.00303333333333
0.03453078	0.002850349	0.0677111111111	0.00258888888889
0.04133266	0.001978261	0.0751777777778	0.00282222222222
0.04147924	0.00208848	0.0689888888889	0.00301111111111
0.02582681	0.002642133	0.0683888888889	0.00291111111111
0.04317423	0.003395064	0.0715333333333	0.00316666666667
0.03766746	0.002009018	0.0679888888889	0.00281111111111
0.04535665	0.00268502	0.0755777777778	0.00262222222222
0.04263303	0.003760672	0.0704555555556	0.00314444444444
0.0302673	0.001379343	0.0691555555556	0.00304444444444
0.03999674	0.0009843528	0.0677111111111	0.00268888888889
0.02925702	0.004108764	0.0726144444444	0.00315555555556
0.04963427	0.002774277	0.0696444444444	0.00205555555556
0.04277137	0.002161933	0.0746222222222	0.00217777777778
0.03931199	0.001279019	0.0677555555556	0.00274444444444
0.03382732	0.002271441	0.0676	0.0026
0.04153383	0.003067752	0.0754222222222	0.00277777777778
0.03810808	0.001920936	0.0755555555556	0.00244444444444
0.03841682	0.001549853	0.0712222222222	0.00197777777778
0.02896654	0.003461502	0.0720222222222	0.00317777777778
0.03104777	0.001879407	0.0679666666667	0.00283333333333
0.03717096	0.001439833	0.0712022222222	0.00197777777778
0.03354425	0.003183043	0.0704444444444	0.00315555555556
0.0316055	0.0009833002	0.0675777777778	0.00262222222222
0.03164508	0.003005132	0.0677444444444	0.00275555555556
0.03967658	0.002272181	0.0722222222222	0.00317777777778
0.03764858	0.00289942	0.0693222222222	0.00307777777778
0.03449403	0.002047753	0.0676444444444	0.00245555555556
0.03808772	0.001179337	0.0678555555556	0.00234444444444
0.04170102	0.002584445	0.0748888888889	0.00221111111111
0.04171006	0.003114676	0.0755555555556	0.00274444444444
0.03487881	0.002393463	0.0675333333333	0.00256666666667
0.03846862	0.004082718	0.0717111111111	0.00318888888889
0.04755926	0.002327222	0.0708222222222	0.00317777777778
0.03544237	0.001977527	0.0680111111111	0.00228888888889
0.03819944	0.003535694	0.0746	0.003
0.04223405	0.001554747	0.0757333333333	0.00256666666667
0.04402951	0.001487306	0.0744666666667	0.00213333333333
0.03634941	0.004574535	0.0726222222222	0.00317777777778
0.03456607	0.001995774	0.0757555555556	0.00254444444444
0.03761969	0.001888331	0.0723111111111	0.00318888888889
0.02702528	0.001990905	0.0734777777778	0.00202222222222
0.04027763	0.001311493	0.0675777777778	0.00272222222222
0.03504123	0.004415003	0.0757666666667	0.00263333333333
0.03541944	0.002609605	0.072	0.0032
0.02944275	0.003047413	0.0676333333333	0.00276666666667
0.03594619	0.001230701	0.0704222222222	0.00197777777778
0.03865971	0.002238381	0.0704222222222	0.00317777777778
0.0361319	0.001446347	0.0728222222222	0.00197777777778
0.0319273	0.003243507	0.0676711111111	0.00278888888889
0.03806627	0.002689968	0.0722444444444	0.00195555555556
0.03370157	0.001432418	0.0678444444444	0.00285555555556
0.03775022	0.001872296	0.0682444444444	0.00295555555556
0.04165792	0.001614152	0.0758444444444	0.00255555555556
0.03779785	0.002179451	0.0727111111111	0.00318888888889
0.03717362	0.003139014	0.0687555555556	0.00304444444444
0.04500985	0.002075751	0.0741333333333	0.00206666666667
0.02965048	0.002304352	0.0713888888889	0.00321111111111
0.03868017	0.002345346	0.0713555555556	0.00194444444444
0.03682399	0.002596441	0.0692	0.0031
0.03774384	0.002072528	0.0673777777778	0.00262222222222
0.04405382	0.001785489	0.0754888888889	0.00231111111111
0.04121048	0.00148071	0.0711888888889	0.00321111111111
0.03888103	0.002963767	0.0757777777778	0.00272222222222
0.04455365	0.002325866	0.0747555555556	0.00214444444444
0.0441227	0.002322314	0.0757111111111	0.00238888888889
0.03546659	0.003659409	0.0738777777778	0.00312222222222
0.03232263	0.003217919	0.0709888888889	0.00321111111111
0.04122134	0.001826581	0.0709555555556	0.00194444444444
0.03700376	0.005053612	0.0680888888889	0.00221111111111
0.04138145	0.001740485	0.0740555555556	0.00204444444444
0.03252504	0.002514367	0.0673333333333	0.00266666666667
0.03528621	0.0016537	0.0673333333333	0.00266666666667
0.03445258	0.002311882	0.0683888888889	0.00301111111111
0.03834329	0.001484724	0.0675111111111	0.00278888888889
0.03164023	0.003673901	0.0721777777778	0.00322222222222
0.04253269	0.003120824	0.0755888888889	0.00231111111111
0.04340839	0.001973933	0.0754	0.0029
0.03326958	0.001863364	0.0675777777778	0.00282222222222
0.03998657	0.003474958	0.0744222222222	0.00207777777778
0.03904832	0.00217617	0.0672444444444	0.00255555555556
0.03693097	0.002067282	0.0704888888889	0.00321111111111
0.0355875	0.002314671	0.0719166666667	0.00323333333333
0.03733477	0.001880259	0.0702	0.0032
0.03615766	0.002012638	0.0752444444444	0.00295555555556
0.03129258	0.00300541	0.0687222222222	0.00307777777778
0.02713843	0.002557448	0.0677111111111	0.00288888888889
0.03807802	0.002293934	0.0681333333333	0.00216666666667
0.03508147	0.002609159	0.0708666666667	0.00323333333333
0.02976856	0.001362616	0.0671888888889	0.00251111111111
0.04115171	0.002138731	0.0751333333333	0.00216666666667
0.04165873	0.001346738	0.0688444444444	0.00205555555556
0.04079957	0.002682694	0.0759111111111	0.00238888888889
0.03683995	0.002298544	0.0698111111111	0.00318888888889
0.03546939	0.002141542	0.0719555555556	0.00324444444444
0.03630129	0.003236401	0.0696222222222	0.00317777777778
0.04361319	0.002425145	0.0760888888889	0.00251111111111
0.03790021	0.001312896	0.0744444444444	0.00205555555556
0.03982921	0.004330137	0.0746222222222	0.00307777777778
0.03922563	0.00221952	0.0731555555556	0.00194444444444
0.03594761	0.001182785	0.0754666666667	0.00293333333333
0.03567666	0.002317174	0.0679111111111	0.00218888888889
0.04370119	0.002322146	0.0699888888889	0.00321111111111
0.03979526	0.00152851	0.0734444444444	0.00195555555556
0.03758322	0.001819119	0.0701777777778	0.00322222222222
0.03129791	0.001368194	0.0732888888889	0.00321111111111
0.05168215	0.001201157	0.0760888888889	0.00271111111111
0.0404556	0.00170427	0.0671666666667	0.00243333333333
0.03713786	0.00457003	0.0760777777778	0.00272222222222
0.04365424	0.001472606	0.0684333333333	0.00306666666667
0.03713771	0.001948617	0.0671888888889	0.00241111111111
0.04922189	0.002528539	0.0723444444444	0.00325555555556
0.03084769	0.004787009	0.0752444444444	0.00215555555556
0.03721998	0.002283074	0.0760222222222	0.00277777777778
0.04462282	0.00225407	0.0696444444444	0.00195555555556
0.03388696	0.003901444	0.0741444444444	0.00315555555556
0.03843328	0.001485624	0.0761555555556	0.00244444444444
0.03465758	0.00378182	0.0712111111111	0.00188888888889
0.03723181	0.002503	0.0748222222222	0.00207777777778
0.04758169	0.002745748	0.0711333333333	0.00326666666667
0.03724216	0.003901364	0.0683333333333	0.00306666666667
0.04903178	0.002155235	0.0759777777778	0.00282222222222
0.04015834	0.0013189	0.0702888888889	0.00191111111111
0.03634026	0.001826143	0.0670666666667	0.00243333333333
0.03514066	0.001958594	0.0723111111111	0.00188888888889
0.03867552	0.002041849	0.0727044444444	0.00325555555556
0.03612299	0.002435727	0.0702555555556	0.00324444444444
0.0357958	0.003424392	0.0755444444444	0.00295555555556
0.03420704	0.002583614	0.0708733333333	0.00326666666667
0.04831344	0.00250278	0.0741333333333	0.00316666666667
0.0326853	0.002096702	0.0671	0.0024
0.04531737	0.001408876	0.0740222222222	0.00197777777778
0.02953612	0.003313234	0.0677333333333	0.00296666666667
0.05446661	0.003459828	0.0732666666667	0.00323333333333
0.02862687	0.003428478	0.0704444444444	0.00325555555556
0.04304815	0.001413215	0.0719222222222	0.00187777777778
0.02981129	0.002642953	0.0707333333333	0.00326666666667
0.04000928	0.003828989	0.0674888888889	0.00291111111111
0.04608704	0.002772482	0.0746888888889	0.00311111111111
0.03404063	0.0008057155	0.0669444444444	0.00265555555556
0.03243107	0.00226311	0.0711222222222	0.00327777777778
0.03970085	0.002586069	0.0721222222222	0.00327777777778
0.0403447	0.001260714	0.0721222222222	0.00187777777778
0.04828827	0.002049094	0.0672555555556	0.00284444444444
0.04799971	0.002606123	0.0672555555556	0.00284444444444
0.04863657	0.001397627	0.0727333333333	0.00326666666667
0.04022713	0.002006779	0.0740333333333	0.00196666666667
0.03447444	0.002620461	0.0669	0.0025
0.03465216	0.002946275	0.0668888888889	0.00251111111111
0.03576849	0.003555715	0.0685666666667	0.00203333333333
0.03801333	0.002379659	0.076	0.0023
0.03264178	0.00239914	0.0676333333333	0.00296666666667
0.03948094	0.00273345	0.0712111111111	0.00328888888889
0.03266505	0.003085461	0.0678777777778	0.00302222222222
0.03843579	0.001560171	0.0733555555556	0.00324444444444
0.03696367	0.001685719	0.0762222222222	0.00237777777778
0.03969753	0.001789372	0.0669555555556	0.00274444444444
0.04131945	0.001450459	0.0762888888889	0.00241111111111
0.03858939	0.002585928	0.0735666666667	0.00323333333333
0.03827497	0.001638375	0.0732	0.0019
0.03850663	0.001836147	0.0696666666667	0.00323333333333
0.03604166	0.003656078	0.0738888888889	0.00321111111111
0.03111969	0.001058649	0.0673555555556	0.00224444444444
0.03919015	0.001569585	0.0758888888889	0.00291111111111
0.02950783	0.002594781	0.0674266666667	0.00293333333333
0.04149669	0.00189246	0.0716	0.0033
0.03980067	0.003062416	0.0707711111111	0.00328888888889
0.03436565	0.001680331	0.0753777777778	0.00212222222222
0.03271787	0.002517707	0.0701333333333	0.00326666666667
0.02579625	0.002464453	0.0712	0.0033
0.05098246	0.002176685	0.0761666666667	0.00283333333333
0.04871917	0.001957441	0.0764666666667	0.00263333333333
0.04148688	0.001363806	0.0754666666667	0.00213333333333
0.03688598	0.00354918	0.0764333333333	0.00246666666667
0.02661561	0.002807895	0.0670888888889	0.00231111111111
0.03885313	0.002121079	0.0705333333333	0.00186666666667
0.04871769	0.00461304	0.0751111111111	0.00308888888889
0.02885221	0.003481947	0.0765222222222	0.00257777777778
0.04282887	0.003136571	0.0714888888889	0.00331111111111
0.0338462	0.004091981	0.0699333333333	0.00326666666667
0.03151869	0.002109815	0.0747555555556	0.00314444444444
0.03721343	0.001725881	0.069	0.0032
0.03480524	0.0009030144	0.0668444444444	0.00275555555556
0.03783373	0.00114192	0.0759777777778	0.00292222222222
0.03393371	0.0009800324	0.0675333333333	0.00216666666667
0.03133457	0.001881072	0.0748666666667	0.00313333333333
0.03349922	0.003083852	0.0683666666667	0.00313333333333
0.03519815	0.002805664	0.0698333333333	0.00326666666667
0.04502054	0.007877472	0.0709888888889	0.00331111111111
0.03785279	0.001248607	0.0700222222222	0.00187777777778
0.03567301	0.001188718	0.0709555555556	0.00184444444444
0.03334709	0.002226589	0.0675444444444	0.00215555555556
0.03716287	0.00264478	0.0751444444444	0.00205555555556
0.03789486	0.001720152	0.0760555555556	0.00224444444444
0.0317106	0.003808771	0.0667111111111	0.00268888888889
0.03545522	0.004415884	0.0765888888889	0.00261111111111
0.03489822	0.002614644	0.0735111111111	0.00188888888889
0.04165105	0.004959291	0.0714777777778	0.00332222222222
0.03907397	0.001539418	0.0717666666667	0.00183333333333
0.03947234	0.003396397	0.0729	0.0033
0.04167747	0.001482828	0.0764	0.0028
0.04240032	0.002205681	0.0689555555556	0.00194444444444
0.04165354	0.003752476	0.0682666666667	0.00313333333333
0.04275538	0.005799574	0.0721777777778	0.00332222222222
0.03702433	0.001981615	0.0668111111111	0.00278888888889
0.03996629	0.001743486	0.0734222222222	0.00327777777778
0.0453614	0.001976653	0.0678111111111	0.00208888888889
0.03981991	0.001832853	0.0666333333333	0.00266666666667
0.04220198	0.00269832	0.0667155555556	0.00274444444444
0.04275461	0.001908766	0.0723666666667	0.00183333333333
0.04959436	0.002923837	0.0766111111111	0.00268888888889
0.04015254	0.002874073	0.0765111111111	0.00238888888889
0.03102686	0.001368923	0.0665888888889	0.00251111111111
0.03767274	0.002907828	0.0716666666667	0.00333333333333
0.04010785	0.001512392	0.0733333333333	0.00186666666667
0.02805744	0.002005448	0.06656	0.0026
0.04287062	0.003018168	0.0750666666667	0.00313333333333
0.04479063	0.00181876	0.0763111111111	0.00228888888889
0.04356202	0.002646293	0.0706577777778	0.00332222222222
0.03573013	0.002354744	0.0765222222222	0.00277777777778
0.03957695	0.003293996	0.0665333333333	0.00256666666667
0.04149077	0.002795943	0.0671555555556	0.00294444444444
0.03227329	0.001664966	0.0727777777778	0.00332222222222
0.03294972	0.001155127	0.0746	0.0032
0.04435914	0.002676645	0.0730888888889	0.00331111111111
0.03766157	0.002986339	0.0684222222222	0.00317777777778
0.03147422	0.00292195	0.0684222222222	0.00317777777778
0.03739865	0.002957929	0.0703777777778	0.00332222222222
0.0417371	0.00287144	0.0751666666667	0.00313333333333
0.04185975	0.001115895	0.0761777777778	0.00222222222222
0.02533537	0.003211988	0.0740444444444	0.00325555555556
0.04016886	0.00240833	0.0665222222222	0.00267777777778
0.04371495	0.002192836	0.0757666666667	0.00303333333333
0.04216213	0.001922614	0.0760222222222	0.00217777777778
0.03776224	0.002196049	0.0664888888889	0.00251111111111
0.0350448	0.001174523	0.0726666666667	0.00333333333333
0.04476793	0.002932121	0.0765555555556	0.00234444444444
0.04213671	0.001939237	0.0673777777778	0.00302222222222
0.03370934	0.004610699	0.0670066666667	0.00293333333333
0.04556209	0.004694567	0.0750111111111	0.00198888888889
0.04333221	0.004728526	0.0672888888889	0.00301111111111
0.03548801	0.00232093	0.0676222222222	0.00307777777778
0.04039969	0.002829827	0.0720444444444	0.00335555555556
0.04016143	0.00274166	0.0712	0.0018
0.03362672	0.001799858	0.0743555555556	0.00324444444444
0.03709411	0.003827498	0.0668888888889	0.00291111111111
0.03744142	0.002376102	0.0767666666667	0.00243333333333
0.04324563	0.001667235	0.0766444444444	0.00235555555556
0.04427122	0.003217431	0.0741333333333	0.00326666666667
0.03565991	0.00260306	0.0768666666667	0.00263333333333
0.04087816	0.002770875	0.0692222222222	0.00327777777778
0.04160066	0.002559152	0.0766555555556	0.00234444444444
0.03479801	0.001471055	0.0762888888889	0.00221111111111
0.03970653	0.001103272	0.0762888888889	0.00221111111111
0.04418904	0.003752984	0.0672666666667	0.00213333333333
0.03127203	0.001615459	0.0671888888889	0.00301111111111
0.03269905	0.003013515	0.0671888888889	0.00301111111111
0.04358891	0.002314623	0.0760555555556	0.00214444444444
0.04625665	0.002973408	0.0687555555556	0.00324444444444
0.03739465	0.001066214	0.0667333333333	0.00226666666667
0.04405207	0.0007539472	0.0699777777778	0.00182222222222
0.0436432	0.003686816	0.0736888888889	0.00331111111111
0.04180173	0.001861821	0.0751222222222	0.00317777777778
0.03552951	0.0009088055	0.0665777777778	0.00232222222222
0.03396884	0.003252901	0.0730555555556	0.00334444444444
0.038039	0.002794901	0.0663777777778	0.00272222222222
0.03436238	0.003390758	0.0663777777778	0.00272222222222
0.03348273	0.002542976	0.0747777777778	0.00322222222222
0.03984341	0.001620942	0.0743333333333	0.00326666666667
0.04282988	0.001900514	0.0716222222222	0.00337777777778
0.0347088	0.002664186	0.0667555555556	0.00224444444444
0.0375812	0.001401415	0.0739444444444	0.00185555555556
0.04758827	0.003067985	0.0769777777778	0.00262222222222
0.04247569	0.001387528	0.0767555555556	0.00234444444444
0.03967045	0.001681291	0.0681333333333	0.00196666666667
0.03575761	0.003311652	0.0721222222222	0.00337777777778
0.02698768	0.003089229	0.0675888888889	0.00311111111111
0.04233416	0.001967211	0.0744333333333	0.00326666666667
0.0321778	0.001993642	0.0744333333333	0.00326666666667
0.03960483	0.003028849	0.0684666666667	0.00323333333333
0.04862369	0.0012478	0.0754	0.002
0.03302826	0.002838724	0.0758111111111	0.00308888888889
0.03431603	0.002932687	0.0724022222222	0.00177777777778
0.03743437	0.001915315	0.0666888888889	0.00291111111111
0.04103441	0.003305703	0.0767666666667	0.00283333333333
0.03943168	0.0027526	0.0716111111111	0.00338888888889
0.02743458	0.003196092	0.0737777777778	0.00332222222222
0.04150059	0.002000841	0.0717111111111	0.00338888888889
0.04497694	0.002598157	0.0715111111111	0.00338888888889
0.03942926	0.00163945	0.0741	0.0033
0.03575663	0.001236127	0.0661888888889	0.00261111111111
0.03367756	0.004210431	0.0729333333333	0.00336666666667
0.03540545	0.003066976	0.0729333333333	0.00336666666667
0.03767833	0.00181442	0.0662555555556	0.00244444444444
0.03613899	0.003665903	0.0770333333333	0.00266666666667
0.03327547	0.001227898	0.0662777777778	0.00242222222222
0.02296436	0.004336956	0.0747455555556	0.00324444444444
0.03742282	0.003053177	0.0759222222222	0.00307777777778
0.03482744	0.00285712	0.0760888888889	0.00211111111111
0.04137837	0.002708371	0.0669111111111	0.00298888888889
0.03928501	0.002304955	0.0763333333333	0.00216666666667
0.04117983	0.002182207	0.0710111111111	0.00338888888889
0.03609726	0.003768629	0.0668111111111	0.00218888888889
0.03847376	0.002794811	0.0770888888889	0.00251111111111
0.03948918	0.003133525	0.0704222222222	0.00337777777778
0.03883769	0.00361935	0.0691688888889	0.00331111111111
0.03491169	0.002288952	0.0771111111111	0.00258888888889
0.03804341	0.00168151	0.0746111111111	0.00188888888889
0.03763598	0.001711382	0.0694666666667	0.00333333333333
0.03354147	0.001321701	0.0716444444444	0.00175555555556
0.04306329	0.003513408	0.0707111111111	0.00338888888889
0.04175185	0.00210952	0.0718	0.0034
0.04462478	0.001473559	0.0661111111111	0.00258888888889
0.03448916	0.003170848	0.0673888888889	0.00311111111111
0.03833559	0.001476813	0.0673888888889	0.00311111111111
0.03585949	0.003398513	0.0733333333333	0.00336666666667
0.03961982	0.001968089	0.0731222222222	0.00337777777778
0.03695316	0.002293236	0.0746222222222	0.00187777777778
0.03793188	0.001481432	0.0708	0.0034
0.04258742	0.004427926	0.0770222222222	0.00277777777778
0.04440923	0.001774661	0.0736	0.0018
0.04518956	0.001094998	0.0725444444444	0.00175555555556
0.02377402	0.004780091	0.0713888888889	0.00341111111111
0.03695481	0.0009816004	0.0679	0.0032
0.03342676	0.001843909	0.0700222222222	0.00177777777778
0.03700443	0.002618409	0.0668	0.003
0.03463319	0.003054762	0.0660333333333	0.00256666666667
0.03925051	0.002318061	0.0720555555556	0.00174444444444
0.0285268	0.002146428	0.0663444444444	0.00285555555556
0.05564876	0.002409523	0.0772222222222	0.00257777777778
0.03894146	0.00305961	0.0710888888889	0.00341111111111
0.0390126	0.002280895	0.0747222222222	0.00327777777778
0.03762074	0.001884993	0.0664588888889	0.00291111111111
0.05153181	0.003210985	0.0704	0.0034
0.04648526	0.001777207	0.0772111111111	0.00268888888889
0.03933344	0.0025454	0.0689777777778	0.00332222222222
0.03141533	0.004573793	0.0689777777778	0.00332222222222
0.04616899	0.001285883	0.0664666666667	0.00223333333333
0.03811046	0.001587607	0.0662366666667	0.00283333333333
0.0312415	0.002006778	0.0716666666667	0.00173333333333
0.03444561	0.004424586	0.0757444444444	0.00315555555556
0.04043865	0.005243158	0.0714777777778	0.00342222222222
0.02389806	0.004050793	0.0659555555556	0.00254444444444
0.04818175	0.002622463	0.0766222222222	0.00217777777778
0.03827726	0.003584574	0.0684222222222	0.00187777777778
0.038057	0.002182111	0.0672666666667	0.00203333333333
0.03875963	0.003312078	0.0769111111111	0.00288888888889
0.03148007	0.002845258	0.0709777777778	0.00342222222222
0.04631276	0.00332493	0.0668688888889	0.00211111111111
0.03558428	0.002347983	0.0768555555556	0.00224444444444
0.03833015	0.002287525	0.0771333333333	0.00236666666667
0.03617782	0.004407587	0.0764777777778	0.00302222222222
0.03835505	0.002526907	0.0727888888889	0.00341111111111
0.03652579	0.003242184	0.0679777777778	0.00192222222222
0.0416601	0.002378279	0.0661777777778	0.00232222222222
0.03729353	0.00145296	0.0770666666667	0.00283333333333
0.05016411	0.004083254	0.0679666666667	0.00323333333333
0.04493216	0.001763	0.0742777777778	0.00182222222222
0.03009105	0.003056445	0.0678777777778	0.00322222222222
0.04480814	0.001359301	0.0665	0.0022
0.04112453	0.004497024	0.0696222222222	0.00337777777778
0.02450521	0.003097833	0.0681444444444	0.00325555555556
0.03417509	0.003686689	0.0665333333333	0.00296666666667
0.03751747	0.001697552	0.0763111111111	0.00208888888889
0.04165417	0.00138739	0.0759666666667	0.00313333333333
0.04332088	0.002237922	0.0696022222222	0.00337777777778
0.03383324	0.002094599	0.0692444444444	0.00335555555556
0.03518361	0.001654439	0.0666444444444	0.00215555555556
0.03714019	0.001444698	0.0659	0.0026
0.0398078	0.003851579	0.0718666666667	0.00343333333333
0.04265261	0.004483554	0.0750333333333	0.00326666666667
0.03397043	0.002856946	0.0751444444444	0.00325555555556
0.04254687	0.003159134	0.0772555555556	0.00274444444444
0.03449598	0.003781968	0.0671777777778	0.00312222222222
0.03826382	0.002527817	0.0760666666667	0.00203333333333
0.04233793	0.001746259	0.0735111111111	0.00338888888889
0.03865122	0.001830929	0.0659666666667	0.00273333333333
0.03496546	0.00116787	0.0658888888889	0.00251111111111
0.03800934	0.001920862	0.0666	0.003
0.04136446	0.001703809	0.0673244444444	0.00315555555556
0.03469093	0.001724276	0.0748	0.0033
0.03693216	0.003534029	0.0660111111111	0.00278888888889
0.0454087	0.001227604	0.0757333333333	0.00196666666667
0.04063452	0.001563739	0.0757333333333	0.00196666666667
0.04141745	0.002824205	0.0765666666667	0.00303333333333
0.03567856	0.00271275	0.0660666666667	0.00283333333333
0.03355492	0.002860281	0.0658877777778	0.00272222222222
0.03843374	0.003643311	0.0737111111111	0.00338888888889
0.02672347	0.002017729	0.0666666666667	0.00303333333333
0.03472536	0.00261952	0.0658777777778	0.00272222222222
0.04560316	0.0009323123	0.0769777777778	0.00292222222222
0.02961752	0.002180506	0.0701777777778	0.00342222222222
0.03704046	0.004409653	0.0664222222222	0.00297777777778
0.04170744	0.00367025	0.0768222222222	0.00297777777778
0.03612552	0.00456183	0.0686666666667	0.00333333333333
0.05052252	0.002796953	0.0760888888889	0.00201111111111
0.04164871	0.004049106	0.0731777777778	0.00342222222222
0.03722049	0.00440114	0.0696	0.0034
0.03103152	0.001555751	0.0665666666667	0.00213333333333
0.03671756	0.001436784	0.0771111111111	0.00288888888889
0.0387922	0.003622967	0.0756888888889	0.00321111111111
0.03980941	0.002405453	0.0716444444444	0.00345555555556
0.03458453	0.001546161	0.0716	0.0017
0.03264007	0.002573263	0.0669	0.0031
0.03119243	0.00286114	0.0717444444444	0.00345555555556
0.04284679	0.003223787	0.0714444444444	0.00345555555556
0.03876922	0.002689208	0.0719444444444	0.00345555555556
0.04541534	0.003009069	0.0711444444444	0.00345555555556
0.04630064	0.002560546	0.0711344444444	0.00345555555556
0.03626736	0.002164734	0.0665777777778	0.00212222222222
0.02758842	0.00272775	0.0748888888889	0.00331111111111
0.03431475	0.002915982	0.0748888888889	0.00331111111111
0.03294409	0.001927996	0.0726888888889	0.00171111111111
0.0430429	0.00248707	0.0658444444444	0.00275555555556
0.0414114	0.002441967	0.0752222222222	0.00327777777778
0.04461107	0.002103499	0.0696555555556	0.00174444444444
0.04269023	0.001234779	0.0704555555556	0.00344444444444
0.03347128	0.002624184	0.0723444444444	0.00345555555556
0.04038779	0.001702031	0.0750444444444	0.00185555555556
0.0432074	0.003497702	0.0758444444444	0.00195555555556
0.03977034	0.001914585	0.0661777777778	0.00222222222222
0.04304291	0.001647133	0.0725644444444	0.00345555555556
0.04551851	0.003968406	0.0719333333333	0.00346666666667
0.03529908	0.002215405	0.0672222222222	0.00317777777778
0.04454169	0.00176804	0.0720111111111	0.00168888888889
0.04794806	0.001492058	0.0756666666667	0.00323333333333
0.02940099	0.002004331	0.0701888888889	0.00171111111111
0.04156976	0.002713561	0.0735777777778	0.00342222222222
0.03403197	0.002493716	0.0769333333333	0.00216666666667
0.03487598	0.003210102	0.0662333333333	0.00296666666667
0.03256522	0.003363969	0.0664666666667	0.00303333333333
0.03998106	0.001752117	0.0668666666667	0.00203333333333
0.03406751	0.00187777	0.0682777777778	0.00332222222222
0.04040419	0.003245842	0.0656888888889	0.00271111111111
0.0322139	0.00383015	0.0765	0.0031
0.04004982	0.003619291	0.0665444444444	0.00305555555556
0.03110709	0.001817919	0.0731688888889	0.00171111111111
0.03649775	0.0051059	0.0724333333333	0.00346666666667
0.03809028	0.001736084	0.0725111111111	0.00168888888889
0.02927365	0.002335438	0.0690111111111	0.00338888888889
0.03420652	0.003090354	0.0662222222222	0.00297777777778
0.03660421	0.002204568	0.0773333333333	0.00286666666667
0.04071677	0.001172839	0.0719222222222	0.00167777777778
0.03983079	0.002582133	0.0676444444444	0.00325555555556
0.03945147	0.003007731	0.0667	0.0031
0.03430961	0.001281238	0.0664555555556	0.00304444444444
0.04272046	0.002260832	0.0776222222222	0.00267777777778
0.03915747	0.001887589	0.0776555555556	0.00254444444444
0.035614	0.004049309	0.0672444444444	0.00195555555556
0.0330534	0.001139329	0.0659222222222	0.00227777777778
0.04347062	0.002583632	0.0692888888889	0.00341111111111
0.04622486	0.002856848	0.0770111111111	0.00298888888889
0.03722437	0.003564103	0.0773111111111	0.00288888888889
0.0372543	0.002911214	0.0775	0.0028
0.03218308	0.005747011	0.0748555555556	0.00334444444444
0.03739072	0.001503064	0.0689111111111	0.00338888888889
0.0281969	0.00285353	0.0704133333333	0.00346666666667
0.0417458	0.002473054	0.0693777777778	0.00342222222222
0.05021696	0.001804743	0.0768	0.0021
0.04837214	0.002280973	0.0729333333333	0.00346666666667
0.04806385	0.002919501	0.0716111111111	0.00348888888889
0.03571632	0.002044027	0.0744011111111	0.00338888888889
0.04120378	0.003322748	0.0718111111111	0.00348888888889
0.02921101	0.00182469	0.0714111111111	0.00348888888889
0.04389215	0.001966352	0.0777333333333	0.00256666666667
0.03151987	0.002355184	0.0688111111111	0.00338888888889
0.03572436	0.003152975	0.0771222222222	0.00297777777778
0.03842782	0.001723191	0.0721333333333	0.00166666666667
0.03874575	0.001803829	0.0696555555556	0.00344444444444
0.034133	0.002135539	0.0681666666667	0.00333333333333
0.03676249	0.003056326	0.0657555555556	0.00284444444444
0.03506184	0.0006408401	0.0678444444444	0.00185555555556
0.04454234	0.00381184	0.0740477777778	0.00342222222222
0.04341409	0.003519631	0.0756222222222	0.00327777777778
0.03829662	0.001098708	0.0776	0.0028
0.03533065	0.002983722	0.0678888888889	0.00331111111111
0.0405936	0.002616601	0.0758	0.0019
0.04242329	0.001301764	0.0764888888889	0.00201111111111
0.03924572	0.003317927	0.0659555555556	0.00294444444444
0.03334841	0.00190774	0.0662888888889	0.00211111111111
0.02943422	0.00262616	0.0773266666667	0.00293333333333
0.03591279	0.001977924	0.0666777777778	0.00202222222222
0.03283363	0.00257639	0.0711	0.0035
0.0326335	0.003019545	0.0656888888889	0.00231111111111
0.04127695	0.002539971	0.0775111111111	0.00228888888889
0.04135157	0.001707437	0.0778	0.0025
0.03175147	0.00153969	0.0763111111111	0.00318888888889
0.03504885	0.003751208	0.0654555555556	0.00244444444444
0.03491298	0.00296548	0.0765144444444	0.00315555555556
0.04743304	0.005725788	0.0769333333333	0.00306666666667
0.03389203	0.003695973	0.0669111111111	0.00318888888889
0.03985016	0.002169953	0.0689777777778	0.00342222222222
0.04553698	0.002191258	0.0747111111111	0.00338888888889
0.04718612	0.00266094	0.0716888888889	0.00351111111111
0.04092145	0.002374893	0.0714888888889	0.00351111111111
0.0422211	0.003791625	0.0660888888889	0.00301111111111
0.03340636	0.004225048	0.0739555555556	0.00344444444444
0.03976728	0.002398403	0.0664888888889	0.00311111111111
0.04066618	0.002332427	0.0778666666667	0.00263333333333
0.03480746	0.002277433	0.0719888888889	0.00351111111111
0.03637379	0.002756566	0.0756	0.0033
0.02865009	0.001268432	0.0656444444444	0.00285555555556
0.04162238	0.002581189	0.0720555555556	0.00164444444444
0.04065221	0.005171406	0.0759444444444	0.00325555555556
0.03479131	0.002323804	0.0653666666667	0.00263333333333
0.05794712	0.00248757	0.0766777777778	0.00202222222222
0.0395934	0.002019648	0.0659111111111	0.00218888888889
0.04026639	0.002759033	0.0736333333333	0.00346666666667
0.03455691	0.003187162	0.0728	0.0035
0.03562888	0.002107745	0.0756444444444	0.00185555555556
0.04186434	0.00231851	0.0704	0.0035
0.03772988	0.001601306	0.0704	0.0035
0.04036038	0.002353882	0.0688377777778	0.00342222222222
0.03950861	0.00258997	0.0691555555556	0.00344444444444
0.03073636	0.002408159	0.0671555555556	0.00324444444444
0.03935787	0.002242718	0.0659333333333	0.00216666666667
0.03780305	0.003969938	0.0778444444444	0.00275555555556
0.03619287	0.002644569	0.0652888888889	0.00261111111111
0.03135183	0.002835693	0.0669777777778	0.00322222222222
0.03848256	0.002145138	0.0738333333333	0.00346666666667
0.03564464	0.003381218	0.0755577777778	0.00332222222222
0.04164753	0.002684978	0.0779555555556	0.00264444444444
0.04086456	0.001511819	0.0743777777778	0.00172222222222
0.04377689	0.001324623	0.0748	0.0034
0.02441808	0.003890085	0.0656444444444	0.00225555555556
0.03231307	0.003181575	0.0670166666667	0.00323333333333
0.02923826	0.002149802	0.0663555555556	0.00204444444444
0.03987258	0.00135538	0.0659555555556	0.00214444444444
0.03834591	0.001243458	0.0767555555556	0.00314444444444
0.04680768	0.001978003	0.0735111111111	0.00348888888889
0.03839649	0.003140778	0.0774222222222	0.00297777777778
0.03387961	0.002758121	0.0655333333333	0.00286666666667
0.03767919	0.002614703	0.0717777777778	0.00162222222222
0.03383624	0.002214956	0.0664555555556	0.00314444444444
0.04841551	0.00141217	0.0774111111111	0.00298888888889
0.02869982	0.001729531	0.0668777777778	0.00322222222222
0.04976419	0.002302107	0.0734	0.0035
0.0352059	0.004561469	0.0734	0.0035
0.04010307	0.002010306	0.0652666666667	0.00243333333333
0.03447644	0.002436985	0.0652555555556	0.00244444444444
0.03480309	0.002215177	0.0652777777778	0.00242222222222
0.02950119	0.002526674	0.0652888888889	0.00241111111111
0.03831621	0.001711392	0.0671333333333	0.00326666666667
0.03195709	0.001816066	0.0657333333333	0.00296666666667
0.0373632	0.001790403	0.0708666666667	0.00353333333333
0.041677	0.001568566	0.0731888888889	0.00351111111111
0.04337371	0.002617198	0.0779222222222	0.00277777777778
0.03631609	0.004671449	0.0703777777778	0.00352222222222
0.03923405	0.00239665	0.0651777777778	0.00262222222222
0.04219207	0.00431786	0.0754444444444	0.00335555555556
0.0382848	0.001613002	0.0780777777778	0.00262222222222
0.03557999	0.002585693	0.0779888888889	0.00241111111111
0.03639749	0.001057811	0.0699555555556	0.00164444444444
0.04084585	0.001844738	0.0747666666667	0.00173333333333
0.03257657	0.003064153	0.0666111111111	0.00318888888889
0.04135548	0.002259898	0.0769666666667	0.00203333333333
0.04324263	0.001196234	0.0780888888889	0.00261111111111
0.03660623	0.001952746	0.0719555555556	0.00354444444444
0.03343348	0.003146275	0.0738111111111	0.00348888888889
0.04322081	0.002384079	0.0740222222222	0.00347777777778
0.03511502	0.002890956	0.0778111111111	0.00228888888889
0.04284597	0.002438935	0.0730777777778	0.00352222222222
0.04053163	0.004351894	0.0711555555556	0.00354444444444
0.04810199	0.001753181	0.0780555555556	0.00244444444444
0.0414017	0.001013036	0.0664	0.002
0.03373125	0.002628012	0.0728666666667	0.00353333333333
0.03608001	0.002106819	0.0688	0.0017
0.04432546	0.002282483	0.0752333333333	0.00176666666667
0.04264978	0.001803276	0.0777555555556	0.00224444444444
0.04599775	0.002394395	0.0770888888889	0.00311111111111
0.03282569	0.003199402	0.0652	0.0024
0.04745076	0.002337127	0.0780333333333	0.00276666666667
0.03320931	0.002739607	0.0663444444444	0.00315555555556
0.04716448	0.001760818	0.0769555555556	0.00314444444444
0.04690623	0.00289504	0.0774888888889	0.00301111111111
0.03439789	0.003846787	0.0673777777778	0.00332222222222
0.04614252	0.002994881	0.0781666666667	0.00253333333333
0.03911702	0.002279535	0.0705555555556	0.00354444444444
0.04109928	0.003200866	0.0755111111111	0.00178888888889
0.05061538	0.003722181	0.0671111111111	0.00328888888889
0.03928911	0.002731152	0.0690222222222	0.00347777777778
0.04191068	0.00160623	0.0670222222222	0.00187777777778
0.03523704	0.001633046	0.0650666666667	0.00263333333333
0.05170693	0.003781075	0.0776222222222	0.00297777777778
0.0403469	0.002027618	0.0749777777778	0.00342222222222
0.04151442	0.001738851	0.0722444444444	0.00355555555556
0.04986348	0.003494986	0.0777777777778	0.00292222222222
0.03970401	0.001689771	0.0651	0.0027
0.03854428	0.002773031	0.0772	0.0031
0.03138265	0.003697903	0.0728555555556	0.00354444444444
0.03641339	0.002521601	0.0657666666667	0.00303333333333
0.03931918	0.001611884	0.0758777777778	0.00182222222222
0.04918696	0.002361641	0.0776	0.003
0.03657712	0.003348945	0.0760555555556	0.00184444444444
0.04401011	0.002705187	0.0769333333333	0.00316666666667
0.03962317	0.001647176	0.0726	0.0016
0.02694171	0.002310668	0.0676333333333	0.00336666666667
0.04323514	0.004228205	0.0781022222222	0.00277777777778
0.04197453	0.002873197	0.0719333333333	0.00356666666667
0.04279237	0.001549116	0.0781666666667	0.00273333333333
0.03832436	0.001945626	0.0782222222222	0.00247777777778
0.04084537	0.002130651	0.0748555555556	0.00344444444444
0.03811392	0.003603421	0.0734166666667	0.00353333333333
0.03467797	0.001855598	0.0695777777778	0.00352222222222
0.03321832	0.002867351	0.0695777777778	0.00352222222222
0.04185264	0.001765397	0.0771777777778	0.00312222222222
0.04402344	0.00245109	0.0731555555556	0.00354444444444
0.03925998	0.001671634	0.0651777777778	0.00282222222222
0.04351399	0.00138134	0.0770888888889	0.00201111111111
0.04283664	0.002388074	0.0782666666667	0.00263333333333
0.0421177	0.003155675	0.0770444444444	0.00315555555556
0.03499309	0.003860193	0.0667444444444	0.00325555555556
0.04128547	0.00197778	0.0686111111111	0.00168888888889
0.05217867	0.002293831	0.0782	0.0024
0.04068199	0.00256788	0.0742	0.0035
0.03529278	0.005151703	0.0749555555556	0.00344444444444
0.04815581	0.0007505138	0.0702	0.0016
0.03757856	0.001606572	0.0781177777778	0.00282222222222
0.04134154	0.003597461	0.0720222222222	0.00357777777778
0.04078159	0.002136773	0.0773444444444	0.00205555555556
0.03628602	0.001291487	0.0668222222222	0.00187777777778
0.0283948	0.002368002	0.0651555555556	0.00284444444444
0.03542041	0.00209424	0.0667333333333	0.00326666666667
0.04378288	0.003985311	0.0775444444444	0.00305555555556
0.0437239	0.001783094	0.0782222222222	0.00237777777778
0.03419775	0.002618757	0.0756111111111	0.00338888888889
0.02842672	0.001967015	0.0657333333333	0.00306666666667
0.03723722	0.003157787	0.0724222222222	0.00357777777778
0.03214827	0.001524125	0.06498	0.0024
0.04346626	0.003576987	0.0654222222222	0.00297777777778
0.0396741	0.002281253	0.0775333333333	0.00306666666667
0.03829467	0.003975743	0.0664666666667	0.00323333333333
0.04290262	0.0009840844	0.0719111111111	0.00358888888889
0.03361099	0.001784343	0.0658555555556	0.00204444444444
0.02992628	0.002253032	0.0678666666667	0.00173333333333
0.03613148	0.004754262	0.0754888888889	0.00341111111111
0.03367719	0.001486614	0.0688	0.0035
0.0409266	0.004015948	0.0683333333333	0.00346666666667
0.04565536	0.003895318	0.0757333333333	0.00176666666667
0.03563311	0.002184244	0.0737555555556	0.00354444444444
0.04272543	0.001974503	0.0737555555556	0.00354444444444
0.03617853	0.00258645	0.0651333333333	0.00226666666667
0.03841613	0.002263958	0.0667333333333	0.00186666666667
0.04470764	0.002440648	0.0765111111111	0.00328888888889
0.04178947	0.001895644	0.0696844444444	0.00355555555556
0.03703581	0.001880889	0.0648222222222	0.00247777777778
0.05185669	0.00283844	0.0773666666667	0.00313333333333
0.03209518	0.001485673	0.0714444444444	0.00155555555556
0.03170931	0.002421152	0.0651777777778	0.00292222222222
0.03938289	0.00192999	0.0651777777778	0.00292222222222
0.02782801	0.00137117	0.0691777777778	0.00162222222222
0.02900667	0.002703463	0.0667011111111	0.00328888888889
0.05119751	0.001917935	0.0782888888889	0.00281111111111
0.03656929	0.001480121	0.07202	0.0036
0.02635424	0.00245829	0.0658666666667	0.00313333333333
0.04266326	0.001463752	0.0759222222222	0.00337777777778
0.04082434	0.0008823943	0.0656222222222	0.00207777777778
0.03267009	0.002398229	0.0649666666667	0.00283333333333
0.03963273	0.001520367	0.0662666666667	0.00193333333333
0.045923	0.003299143	0.0700222222222	0.00357777777778
0.03882233	0.001499786	0.0784	0.0024
0.03926749	0.003474177	0.0777555555556	0.00304444444444
0.03413854	0.001936268	0.0649	0.0028
0.0324175	0.004695855	0.0708	0.0036
0.04495221	0.001874731	0.0724444444444	0.00155555555556
0.03810714	0.00140952	0.0660222222222	0.00197777777778
0.04497496	0.003429417	0.0780444444444	0.00295555555556
0.03663899	0.001346228	0.0667555555556	0.00184444444444
0.04066019	0.002362235	0.0784666666667	0.00243333333333
0.03046227	0.002787648	0.0651555555556	0.00294444444444
0.04699145	0.004939097	0.0768444444444	0.00325555555556
0.04227253	0.004504744	0.0780333333333	0.00296666666667
0.03865859	0.001212287	0.0769777777778	0.00192222222222
0.02964975	0.004075701	0.0647888888889	0.00241111111111
0.04032167	0.002533885	0.0727	0.0036
0.02461546	0.004371853	0.0782733333333	0.00286666666667
