root_height	pop_size	pi_net	pi_within
0.02729404	0.008186026	0.04376	0.0251
0.02687443	0.008069506	0.0426144444444	0.0248555555556
0.02189195	0.009812351	0.0444433333333	0.0247666666667
0.04063106	0.01461616	0.0438288888889	0.0252111111111
0.02226521	0.006785224	0.0443088888889	0.0247111111111
0.03594312	0.006085142	0.0455266666667	0.0248333333333
0.02626651	0.01426611	0.0433711111111	0.0252888888889
0.03497641	0.01053635	0.0427933333333	0.0246666666667
0.02496617	0.008460554	0.0442566666667	0.0246333333333
0.03586367	0.01153794	0.0459477777778	0.0249222222222
0.03637261	0.01203197	0.0456755555556	0.0251444444444
0.04485597	0.01266796	0.04605	0.0251
0.03327357	0.00859502	0.0414866666667	0.0252333333333
0.03334494	0.008050891	0.0407666666667	0.0250333333333
0.0318969	0.009738558	0.0438766666667	0.0245333333333
0.02904954	0.006568093	0.0449177777778	0.0245222222222
0.03437585	0.005878423	0.0456922222222	0.0245777777778
0.04215525	0.005905314	0.0471333333333	0.0250666666667
0.0424082	0.00862664	0.0448844444444	0.0244555555556
0.03197491	0.005788625	0.0441977777778	0.0244222222222
0.03453726	0.01203285	0.0457211111111	0.0244888888889
0.02223254	0.006817443	0.0399555555556	0.0251444444444
0.01454702	0.01388085	0.04096	0.0254
0.03373953	0.00987643	0.0396288888889	0.0249111111111
0.02409161	0.01089058	0.0406355555556	0.0245444444444
0.0302379	0.00973489	0.0400333333333	0.0246666666667
0.03404319	0.009448419	0.0442177777778	0.0256222222222
0.03645127	0.005160789	0.04495	0.0256
0.03533876	0.009353198	0.0461188888889	0.0244111111111
0.03320905	0.007555035	0.0471066666667	0.0245333333333
0.03463325	0.01491126	0.0412111111111	0.0243888888889
0.02975768	0.005927877	0.0467555555556	0.0244444444444
0.03283204	0.01281732	0.0470333333333	0.0254666666667
0.03096601	0.006889797	0.0436355555556	0.0242444444444
0.0326486	0.006519024	0.0420444444444	0.0256555555556
0.01189805	0.006738835	0.0424855555556	0.0242444444444
0.03103006	0.00768664	0.0386888888889	0.0251111111111
0.03800194	0.005280674	0.0480722222222	0.0245777777778
0.03110694	0.008643206	0.03871	0.0252
0.03468768	0.01232942	0.0485066666667	0.0252333333333
0.02234232	0.00791987	0.0391733333333	0.0253666666667
0.03089128	0.00811752	0.0400166666667	0.0255333333333
0.02639464	0.007748597	0.0457255555556	0.0242444444444
0.03737344	0.01041534	0.0384177777778	0.0251222222222
0.02596652	0.007366389	0.0462822222222	0.0256777777778
0.02669986	0.01360172	0.0381522222222	0.0248777777778
0.01867269	0.007999344	0.0381822222222	0.0251777777778
0.03271621	0.009843196	0.0395422222222	0.0243777777778
0.02760555	0.009405934	0.0379833333333	0.0250666666667
0.03031252	0.00929912	0.0411066666667	0.0257333333333
0.03153789	0.008596207	0.0459622222222	0.0241777777778
0.0214619	0.01067781	0.0388044444444	0.0244555555556
0.02992993	0.008504444	0.0376811111111	0.0249888888889
0.0266711	0.007588488	0.0465344444444	0.0257555555556
0.01842547	0.00834238	0.0378133333333	0.0246666666667
0.03972289	0.008153989	0.0494355555556	0.0246444444444
0.02315554	0.008609051	0.0377222222222	0.0246777777778
0.0263801	0.007185017	0.0485111111111	0.0243888888889
0.01854526	0.01006204	0.0460044444444	0.0258555555556
0.02412889	0.01059359	0.0498288888889	0.0247111111111
0.02953663	0.005497579	0.0387466666667	0.0243333333333
0.03376065	0.009880497	0.0406466666667	0.0258333333333
0.03640043	0.01006057	0.0436511111111	0.0239888888889
0.02581641	0.006475039	0.03709	0.025
0.01774684	0.007814349	0.0494777777778	0.0254222222222
0.02179285	0.008536556	0.0501511111111	0.0247888888889
0.02773043	0.01171888	0.0412177777778	0.0240222222222
0.03977142	0.009787579	0.0466022222222	0.0258777777778
0.03096836	0.007217513	0.0368977777778	0.0248222222222
0.03025627	0.01342254	0.03829	0.0256
0.02337998	0.007667162	0.0368133333333	0.0249666666667
0.03303119	0.009119853	0.0462188888889	0.0259111111111
0.04497022	0.005818156	0.0498866666667	0.0245333333333
0.0268151	0.00760005	0.0504944444444	0.0248555555556
0.03142891	0.007809155	0.0464888888889	0.0259111111111
0.029389	0.01121721	0.0372955555556	0.0245444444444
0.03227157	0.006109303	0.0455244444444	0.0239555555556
0.03812873	0.008124535	0.0460222222222	0.0239777777778
0.02502678	0.005920416	0.0371555555556	0.0245444444444
0.03392975	0.006748589	0.0470955555556	0.0240444444444
0.0406549	0.0063556	0.0470977777778	0.0240222222222
0.02388751	0.006860499	0.0376822222222	0.0255777777778
0.02938251	0.01064919	0.0450066666667	0.0260333333333
0.03241331	0.00651432	0.0379733333333	0.0256666666667
0.02694939	0.01381199	0.0362411111111	0.0248888888889
0.02859999	0.007285212	0.0406022222222	0.0259777777778
0.03450243	0.01186096	0.0477455555556	0.0240444444444
0.03003329	0.007164978	0.0446933333333	0.0238666666667
0.03267042	0.01509698	0.0494822222222	0.0242777777778
0.03182107	0.006275699	0.0482555555556	0.0258444444444
0.03435958	0.01255208	0.0487288888889	0.0258111111111
0.02813903	0.0143145	0.0378188888889	0.0257111111111
0.04107504	0.009694335	0.0498555555556	0.0256444444444
0.02744793	0.006911565	0.0367222222222	0.0254777777778
0.03008817	0.009386591	0.0367044444444	0.0244555555556
0.02665188	0.008739493	0.0386833333333	0.0240666666667
0.0217833	0.01111277	0.0426088888889	0.0238111111111
0.02602405	0.003693359	0.0402777777778	0.0260222222222
0.03099051	0.006874276	0.0464233333333	0.0260666666667
0.02760741	0.0106906	0.0512633333333	0.0252666666667
0.03443782	0.005546281	0.04482	0.0238
0.02347126	0.006935981	0.0441655555556	0.0261444444444
0.02907685	0.005950813	0.0419388888889	0.0238111111111
0.03758962	0.005207169	0.0481155555556	0.0259444444444
0.03841811	0.007706101	0.05068	0.0244
0.04020574	0.007185367	0.0470222222222	0.0238777777778
0.02506186	0.007176927	0.0384111111111	0.0258888888889
0.02581049	0.004821245	0.0358188888889	0.0246111111111
0.03141552	0.009757541	0.0402222222222	0.0260777777778
0.02609744	0.006787037	0.0447955555556	0.0237444444444
0.02436262	0.01336587	0.0517655555556	0.0247444444444
0.02778896	0.007529325	0.0467877777778	0.0238222222222
0.0273848	0.01345775	0.0505833333333	0.0242666666667
0.02583547	0.004445752	0.0375111111111	0.0240888888889
0.03252954	0.01071249	0.0423188888889	0.0237111111111
0.02696819	0.00733022	0.04245	0.0237
0.02350336	0.004756466	0.0512944444444	0.0255555555556
0.03179855	0.007610267	0.03989	0.0238
0.02342027	0.006489613	0.0393211111111	0.0260888888889
0.02516608	0.01653293	0.0349088888889	0.0250111111111
0.02485493	0.005669672	0.0359122222222	0.0255777777778
0.0142435	0.009074381	0.0350933333333	0.0252666666667
0.03531478	0.009274077	0.0424133333333	0.0262666666667
0.03114431	0.008208142	0.0373044444444	0.0240555555556
0.02828191	0.007689995	0.0381966666667	0.0239333333333
0.03723245	0.006713588	0.05135	0.0256
0.03384929	0.006903408	0.0493244444444	0.0239555555556
0.025757	0.01451362	0.03811	0.026
0.01519378	0.005231209	0.04105	0.0237
0.02504059	0.0101198	0.0372022222222	0.0258777777778
0.03041852	0.006963543	0.0454133333333	0.0262666666667
0.03713817	0.01049337	0.0450122222222	0.0262777777778
0.02739651	0.007998674	0.0417033333333	0.0262666666667
0.03712646	0.006918073	0.0507733333333	0.0241666666667
0.03147254	0.01042583	0.0368466666667	0.0258333333333
0.02773681	0.007718583	0.0437177777778	0.0236222222222
0.03935883	0.01298043	0.0488533333333	0.0238666666667
0.03296658	0.005944967	0.0354922222222	0.0243777777778
0.03281235	0.006081113	0.0471688888889	0.0262111111111
0.03057789	0.008297367	0.0519955555556	0.0244444444444
0.02831571	0.01397821	0.0366822222222	0.0240777777778
0.02933802	0.01233185	0.0516688888889	0.0243111111111
0.02492666	0.006585105	0.0345022222222	0.0250777777778
0.03136519	0.005901647	0.0386888888889	0.0238111111111
0.02581237	0.006262353	0.0391633333333	0.0237666666667
0.01833588	0.008157691	0.0356333333333	0.0242666666667
0.02199405	0.00440396	0.0344022222222	0.0247777777778
0.04077727	0.008550123	0.0512933333333	0.0241666666667
0.02416186	0.007707514	0.0514955555556	0.0257444444444
0.03547528	0.0121416	0.0497222222222	0.0238777777778
0.03485636	0.005918642	0.0476122222222	0.0236777777778
0.03689702	0.005363839	0.0528022222222	0.0245777777778
0.0218949	0.008179368	0.0383744444444	0.0261555555556
0.03365468	0.007314217	0.0527077777778	0.0254222222222
0.0321332	0.006351794	0.0434966666667	0.0235333333333
0.03874274	0.01019694	0.0507566666667	0.0259333333333
0.03105964	0.008388053	0.0442488888889	0.0235111111111
0.0406543	0.007498087	0.0534088888889	0.0250111111111
0.01923837	0.006291665	0.0352088888889	0.0242111111111
0.03116882	0.009759003	0.0534088888889	0.0248111111111
0.03302445	0.008032254	0.0533833333333	0.0247666666667
0.02765734	0.007636492	0.0417888888889	0.0235111111111
0.02749256	0.00564356	0.0414877777778	0.0264222222222
0.03138441	0.009426851	0.03911	0.0263
0.02700046	0.006373743	0.0419655555556	0.0264444444444
0.03102978	0.009739629	0.0464677777778	0.0235222222222
0.02656052	0.01084514	0.0415911111111	0.0234888888889
0.04401177	0.007882629	0.0510611111111	0.0259888888889
0.03547062	0.007915734	0.0535011111111	0.0252888888889
0.02221547	0.01014151	0.0393155555556	0.0263444444444
0.03191618	0.007192268	0.0515	0.024
0.02941364	0.01091142	0.0336511111111	0.0252888888889
0.03147837	0.007019644	0.03353	0.0247
0.03448065	0.01136965	0.04462	0.0265
0.02513377	0.007852697	0.0334911111111	0.0246888888889
0.02372381	0.01174876	0.0336066666667	0.0253333333333
0.02231328	0.00858422	0.0434888888889	0.0265111111111
0.0333045	0.009233266	0.0413522222222	0.0264777777778
0.04189291	0.006062883	0.0427488888889	0.0265111111111
0.01769484	0.005622544	0.0368555555556	0.0261444444444
0.0270916	0.008463575	0.0382866666667	0.0263333333333
0.03050929	0.005601982	0.0358	0.0239
0.03556677	0.01039954	0.0484822222222	0.0263777777778
0.02789171	0.008110499	0.0342177777778	0.0242222222222
0.02818129	0.006259688	0.0427422222222	0.0233777777778
0.01609955	0.01007471	0.0331666666667	0.0246333333333
0.0307142	0.006945975	0.0378988888889	0.0236111111111
0.01920221	0.007537114	0.0329255555556	0.0248444444444
0.03374116	0.009076444	0.0501311111111	0.0236888888889
0.03413841	0.008769084	0.0492011111111	0.0235888888889
0.03804645	0.006634708	0.0536333333333	0.0243666666667
0.04108138	0.01496617	0.0511777777778	0.0261222222222
0.02652234	0.006658161	0.0505477777778	0.0262222222222
0.0302028	0.005849378	0.0541933333333	0.0245666666667
0.02444899	0.006212592	0.0355533333333	0.0260666666667
0.02733208	0.00845651	0.0400577777778	0.0234222222222
0.02912484	0.00501772	0.0361933333333	0.0237666666667
0.02578814	0.006673155	0.03326	0.0255
0.03909204	0.01007107	0.0482544444444	0.0264555555556
0.03876246	0.006421107	0.0545766666667	0.0251333333333
0.02954741	0.006961647	0.0483222222222	0.0234777777778
0.03359896	0.004642824	0.0450166666667	0.0233333333333
0.04189352	0.008090871	0.0493622222222	0.0263777777778
0.04412473	0.009593231	0.0525911111111	0.0239888888889
0.03551271	0.01221682	0.0520022222222	0.0238777777778
0.04009042	0.006352766	0.05284	0.0259
0.03165376	0.006927161	0.0476277777778	0.0265222222222
0.02786634	0.0126428	0.03488	0.026
0.03105076	0.006398169	0.0330388888889	0.0255111111111
0.03836683	0.007161563	0.0495811111111	0.0263888888889
0.028859	0.008030831	0.0377866666667	0.0235333333333
0.03420892	0.006274807	0.0500555555556	0.0263444444444
0.02674558	0.006181924	0.0346444444444	0.0239555555556
0.01743784	0.01037836	0.0329877777778	0.0244222222222
0.02788627	0.007419099	0.0369588888889	0.0236111111111
0.01961341	0.007233932	0.0324855555556	0.0252444444444
0.03522065	0.005726128	0.0548222222222	0.0246777777778
0.04403699	0.008153557	0.0547055555556	0.0253444444444
0.04306078	0.0131795	0.0527944444444	0.0239555555556
0.02373194	0.008292646	0.0525788888889	0.0239111111111
0.02619101	0.006530875	0.0321944444444	0.0250555555556
0.0253283	0.007680345	0.03244	0.0246
0.02687444	0.005242979	0.0371866666667	0.0235333333333
0.03013405	0.00819896	0.0464911111111	0.0232888888889
0.03723015	0.00899735	0.0553166666667	0.0251333333333
0.03396105	0.006629411	0.0549	0.0255
0.02569979	0.0102178	0.0319733333333	0.0246666666667
0.03580215	0.009987058	0.0462	0.0267
0.04238169	0.01313779	0.04841	0.0266
0.03026476	0.007126437	0.0344166666667	0.0238333333333
0.02813499	0.01041253	0.0371433333333	0.0234666666667
0.0323636	0.008134397	0.0357888888889	0.0236111111111
0.03887829	0.006729336	0.0505266666667	0.0264333333333
0.03738145	0.01020728	0.04948	0.0234
0.02730725	0.006315463	0.0342655555556	0.0238444444444
0.0400439	0.003612634	0.0508566666667	0.0235333333333
0.02268058	0.008185908	0.0424044444444	0.0267555555556
0.04213343	0.005720073	0.05146	0.0236
0.02357405	0.005944495	0.0321166666667	0.0244333333333
0.03398389	0.006390271	0.0473055555556	0.0232444444444
0.02706466	0.008412781	0.0315166666667	0.0248333333333
0.02586177	0.01045503	0.03871	0.0233
0.02801013	0.00814481	0.0330244444444	0.0240555555556
0.02285018	0.006096027	0.0364111111111	0.0234888888889
0.02458414	0.006707843	0.0315555555556	0.0246444444444
0.02793804	0.006140915	0.0522066666667	0.0236333333333
0.0326157	0.01271907	0.0389322222222	0.0266777777778
0.02818296	0.009935676	0.0315244444444	0.0245555555556
0.02258558	0.00503773	0.0388244444444	0.0232555555556
0.02225815	0.00710172	0.0317366666667	0.0244333333333
0.02739936	0.01052091	0.0323555555556	0.0257444444444
0.02695079	0.008098466	0.0543488888889	0.0259111111111
0.03649814	0.008540797	0.0427577777778	0.0268222222222
0.02165021	0.003915345	0.0468633333333	0.0231666666667
0.02057064	0.007205016	0.0354444444444	0.0235555555556
0.02869328	0.01028212	0.0421677777778	0.0268222222222
0.02793183	0.008925939	0.05611	0.0248
0.03073792	0.007705048	0.0424166666667	0.0268333333333
0.02101292	0.006739552	0.0416888888889	0.0231111111111
0.02883095	0.006767938	0.0400133333333	0.0231666666667
0.03083836	0.007531134	0.04798	0.0232
0.02704753	0.007370813	0.0538044444444	0.0238555555556
0.03329495	0.008310306	0.0562422222222	0.0248777777778
0.04075028	0.005637325	0.0557466666667	0.0244333333333
0.03390523	0.006644641	0.0412888888889	0.0231111111111
0.03841495	0.005731871	0.0493644444444	0.0266555555556
0.03966869	0.009285595	0.0557466666667	0.0255333333333
0.03922836	0.01090364	0.0517977777778	0.0264222222222
0.04769842	0.00696689	0.0563177777778	0.0248222222222
0.03829445	0.009400164	0.0431433333333	0.0230666666667
0.03783114	0.01232783	0.0467477777778	0.0268222222222
0.02451899	0.007068878	0.0388755555556	0.0267444444444
0.03645234	0.008419942	0.0564122222222	0.0247777777778
0.03475384	0.01359081	0.0494155555556	0.0232444444444
0.03271592	0.01454166	0.0353355555556	0.0264444444444
0.03399352	0.01309531	0.0555677777778	0.0242222222222
0.01672513	0.006990836	0.0307977777778	0.0247222222222
0.0315425	0.009114117	0.04404	0.0269
0.03935031	0.007431302	0.0547722222222	0.0239777777778
0.03047408	0.006205868	0.05304	0.0263
0.03242025	0.01087802	0.0345622222222	0.0235777777778
0.0380909	0.007922388	0.05583	0.0243
0.02295862	0.008617249	0.0463233333333	0.0230666666667
0.02007378	0.009102832	0.03118	0.0244
0.04307916	0.005369958	0.0566044444444	0.0251555555556
0.03693982	0.007142869	0.0379488888889	0.0232111111111
0.02426469	0.007738283	0.0406533333333	0.0230666666667
0.04418611	0.007915094	0.0556788888889	0.0242111111111
0.02232349	0.008242323	0.0305877777778	0.0251222222222
0.01828968	0.005271465	0.0418977777778	0.0230222222222
0.0289277	0.007186089	0.0397111111111	0.0230888888889
0.02786454	0.007595041	0.0306044444444	0.0252555555556
0.02757321	0.007168313	0.0382444444444	0.0231555555556
0.02389036	0.007016172	0.0315222222222	0.0257777777778
0.04144696	0.0077076	0.0548566666667	0.0260333333333
0.03106357	0.00611706	0.0365944444444	0.0266555555556
0.02985028	0.01028831	0.0306044444444	0.0245555555556
0.02675302	0.01034531	0.05529	0.024
0.03123231	0.007220072	0.0302933333333	0.0249666666667
0.02993418	0.008956646	0.0540777777778	0.0237222222222
0.04047487	0.008871345	0.04901	0.0268
0.01915783	0.006913189	0.0346733333333	0.0234666666667
0.02701834	0.008194548	0.03863	0.0231
0.02821199	0.01095078	0.0502088888889	0.0232111111111
0.02110191	0.01074841	0.0303466666667	0.0253333333333
0.02664062	0.006775314	0.0392444444444	0.0230555555556
0.02108909	0.00553701	0.0313377777778	0.0241222222222
0.02725436	0.008091216	0.0442655555556	0.0229444444444
0.03441386	0.005878344	0.0557933333333	0.0258666666667
0.0412744	0.009813476	0.0570622222222	0.0252777777778
0.03581717	0.0129923	0.0393766666667	0.0230333333333
0.02834904	0.008059205	0.0467022222222	0.0229777777778
0.03311349	0.005605953	0.0470311111111	0.0229888888889
0.03562791	0.01015303	0.0550266666667	0.0238333333333
0.01978501	0.01063133	0.0569133333333	0.0244666666667
0.03431434	0.007924112	0.0471755555556	0.0269444444444
0.02118372	0.004070189	0.0378088888889	0.0231111111111
0.03491281	0.009101205	0.0432888888889	0.0229111111111
0.03563786	0.009307503	0.0500711111111	0.0267888888889
0.03377129	0.005204005	0.0423488888889	0.0229111111111
0.03730357	0.0061821	0.05419	0.0263
0.02744813	0.004487912	0.0483277777778	0.0230222222222
0.02222174	0.008656304	0.0451777777778	0.0270222222222
0.03509679	0.01056401	0.0561022222222	0.0258777777778
0.0246623	0.007853374	0.0366633333333	0.0231666666667
0.01779056	0.009371266	0.0414977777778	0.0270222222222
0.0450661	0.006127073	0.0574577777778	0.0247222222222
0.02934568	0.00564097	0.0312955555556	0.0259444444444
0.03339202	0.01235848	0.0343077777778	0.0265222222222
0.04349399	0.007221844	0.0567822222222	0.0256777777778
0.03679698	0.01291451	0.0527644444444	0.0265555555556
0.0217274	0.005856823	0.0312844444444	0.0239555555556
0.03477297	0.01008113	0.0576244444444	0.0252555555556
0.01715106	0.006897505	0.0366166666667	0.0231333333333
0.03254274	0.01011083	0.0533677777778	0.0234222222222
0.0343701	0.009431837	0.0520011111111	0.0266888888889
0.02491697	0.006707167	0.0391755555556	0.0229444444444
0.04215294	0.01016324	0.0578644444444	0.0248555555556
0.03805753	0.0127379	0.0569111111111	0.0241888888889
0.03756978	0.005998262	0.0575222222222	0.0244777777778
0.03049524	0.006643114	0.0483755555556	0.0229444444444
0.04004955	0.004706304	0.0535777777778	0.0234222222222
0.03325509	0.008189796	0.0337488888889	0.0234111111111
0.03373509	0.004783754	0.04942	0.023
0.02843363	0.00913762	0.0413311111111	0.0270888888889
0.02500307	0.00803253	0.0299922222222	0.0242777777778
0.03856473	0.006167641	0.0561888888889	0.0239111111111
0.0340821	0.006849002	0.0439788888889	0.0228111111111
0.0217026	0.00934887	0.0385555555556	0.0229444444444
0.04171781	0.008501523	0.05764	0.0255
0.03072628	0.007048924	0.0551622222222	0.0262777777778
0.02866661	0.008017542	0.0578933333333	0.0245666666667
0.02390989	0.007943813	0.0292	0.0252
0.04330947	0.01512004	0.0578911111111	0.0253888888889
0.03256986	0.00743526	0.0504311111111	0.0268888888889
0.02260612	0.01095635	0.0559677777778	0.0261222222222
0.03279982	0.006767897	0.0432355555556	0.0271444444444
0.02824619	0.01238252	0.0430911111111	0.0227888888889
0.03151009	0.006462116	0.0352722222222	0.0231777777778
0.02438649	0.01177137	0.0387088888889	0.0229111111111
0.02299227	0.009207136	0.04898	0.027
0.03799483	0.00998251	0.0465888888889	0.0271111111111
0.0286821	0.009864926	0.0530611111111	0.0232888888889
0.02984161	0.009336025	0.0502688888889	0.0230111111111
0.02267458	0.01353172	0.02895	0.025
0.0223619	0.006250086	0.0360311111111	0.0230888888889
0.03473386	0.008234471	0.0441133333333	0.0271666666667
0.02643968	0.006370702	0.034	0.0233
0.02928534	0.008831785	0.0469888888889	0.0228111111111
0.01973284	0.007570592	0.0290333333333	0.0245666666667
0.03816336	0.006604762	0.0578688888889	0.0256111111111
0.04215673	0.004977753	0.0502822222222	0.0229777777778
0.01926113	0.006256902	0.0332222222222	0.0233777777778
0.02795848	0.01167594	0.0349322222222	0.0267777777778
0.02923518	0.008341218	0.0339533333333	0.0232666666667
0.03841593	0.006868004	0.0540055555556	0.0233444444444
0.02981004	0.007250195	0.04951	0.0229
0.02480776	0.00764585	0.0431577777778	0.0227222222222
0.03057214	0.005272135	0.0384144444444	0.0228555555556
0.03489674	0.009296915	0.0540955555556	0.0233444444444
0.03926778	0.008299159	0.0583844444444	0.0254555555556
0.02625148	0.007381581	0.0346044444444	0.0231555555556
0.03279771	0.01025681	0.0370066666667	0.0229333333333
0.02035059	0.009849048	0.0394911111111	0.0227888888889
0.03477315	0.008309164	0.0422588888889	0.0227111111111
0.02980867	0.01121483	0.0577755555556	0.0241444444444
0.02495311	0.0084306	0.0306655555556	0.0261444444444
0.03125687	0.006070116	0.0317244444444	0.0235555555556
0.01270959	0.009791858	0.0309666666667	0.0262333333333
0.02711927	0.008484623	0.0431111111111	0.0226888888889
0.04017092	0.008971295	0.0470555555556	0.0227444444444
0.03987461	0.005446184	0.0586166666667	0.0245333333333
0.02523717	0.008213997	0.0338888888889	0.0232111111111
0.0458771	0.00732163	0.05889	0.0249
0.03538644	0.007331038	0.0586288888889	0.0245111111111
0.0295661	0.01408439	0.0573255555556	0.0239444444444
0.04853627	0.008183201	0.0587244444444	0.0245555555556
0.02740352	0.007598391	0.0366377777778	0.0229222222222
0.04281029	0.01257267	0.0569666666667	0.0261333333333
0.03691084	0.007035954	0.04666	0.0227
0.03447122	0.0141207	0.0439844444444	0.0226555555556
0.02070501	0.01231922	0.0281422222222	0.0249777777778
0.03626643	0.006163331	0.0551788888889	0.0265111111111
0.03212053	0.006069962	0.05507	0.0234
0.02001188	0.009522792	0.0372044444444	0.0228555555556
0.02204721	0.004884931	0.0300355555556	0.0238444444444
0.03801227	0.01186571	0.0579844444444	0.0240555555556
0.02992543	0.006565353	0.0433166666667	0.0226333333333
0.02466271	0.0065798	0.0580222222222	0.0258777777778
0.04164746	0.006734073	0.0592277777778	0.0251222222222
0.03377836	0.00753944	0.0405044444444	0.0272555555556
0.03203486	0.008131066	0.0578022222222	0.0239777777778
0.02787337	0.01081191	0.0302811111111	0.0261888888889
0.02655246	0.01007363	0.0371966666667	0.0228333333333
0.05445137	0.01266875	0.0583533333333	0.0257666666667
0.03295477	0.007244108	0.0507122222222	0.0228777777778
0.03897303	0.009782374	0.0498488888889	0.0228111111111
0.04018153	0.005530382	0.0428277777778	0.0226222222222
0.03627083	0.009575998	0.0575911111111	0.0238888888889
0.02099767	0.007720598	0.0296722222222	0.0238777777778
0.03875071	0.006117282	0.0503177777778	0.0228222222222
0.02545871	0.005160791	0.0296866666667	0.0238333333333
0.02783105	0.008217927	0.0329488888889	0.0232111111111
0.02510738	0.00743189	0.0340933333333	0.0268666666667
0.03201297	0.007582303	0.0530944444444	0.0230555555556
0.03808682	0.009769676	0.0579288888889	0.0260111111111
0.03460639	0.01230886	0.0458988888889	0.0226111111111
0.03913306	0.01400813	0.0545277777778	0.0232222222222
0.02320192	0.007309168	0.0444422222222	0.0225777777778
0.03107982	0.006509195	0.0446022222222	0.0225777777778
0.02378651	0.006456386	0.0280666666667	0.0255333333333
0.03101818	0.004843803	0.0527911111111	0.0229888888889
0.02721866	0.008498146	0.0515233333333	0.0270666666667
0.02790907	0.01030558	0.0581277777778	0.0260222222222
0.04398817	0.006487013	0.0582611111111	0.0259888888889
0.03671144	0.005355309	0.0580955555556	0.0260444444444
0.03366057	0.005669616	0.0595366666667	0.0245333333333
0.0376425	0.008155114	0.05848	0.024
0.03085245	0.009100978	0.0531066666667	0.0269333333333
0.03228876	0.007391836	0.0311688888889	0.0234111111111
0.03109454	0.006029514	0.0568211111111	0.0263888888889
0.02091366	0.009109613	0.0283688888889	0.0258111111111
0.03915898	0.005994734	0.0509011111111	0.0227888888889
0.03205754	0.007784696	0.0452755555556	0.0225444444444
0.03607648	0.007821122	0.0596811111111	0.0253888888889
0.02883129	0.009721751	0.0319433333333	0.0266666666667
0.03361792	0.006403315	0.0517455555556	0.0228444444444
0.0215112	0.005539294	0.0313555555556	0.0233444444444
0.01700037	0.00890391	0.0278555555556	0.0256444444444
0.02155724	0.007374236	0.0277877777778	0.0243222222222
0.01318947	0.007676405	0.0275344444444	0.0244555555556
0.03360378	0.007878892	0.0555644444444	0.0232555555556
0.04636578	0.005427486	0.05606	0.0266
0.05184097	0.01012786	0.0595544444444	0.0242555555556
0.0405282	0.00872742	0.0561288888889	0.0233111111111
0.02612314	0.008597165	0.0557455555556	0.0232444444444
0.02764191	0.008141479	0.0517422222222	0.0227777777778
0.03911152	0.01225626	0.0580355555556	0.0262444444444
0.04162784	0.01590849	0.0597866666667	0.0256333333333
0.0277383	0.008590001	0.03812	0.0226
0.02395567	0.005765108	0.0281711111111	0.0239888888889
0.0112806	0.005582867	0.0286155555556	0.0238444444444
0.03045698	0.007673843	0.0478	0.0274
0.03474987	0.006812273	0.0395577777778	0.0225222222222
0.03570284	0.005389458	0.0605133333333	0.0249666666667
0.0242584	0.009833106	0.0529933333333	0.0228666666667
0.02168594	0.01094939	0.0273833333333	0.0242666666667
0.03529787	0.006800438	0.0479688888889	0.0274111111111
0.03177515	0.006152299	0.0580366666667	0.0236333333333
0.03782874	0.005054383	0.0554744444444	0.0231555555556
0.04271412	0.007338479	0.0540044444444	0.0229555555556
0.02537358	0.007373193	0.0395666666667	0.0274333333333
0.02886893	0.009197102	0.0467433333333	0.0224666666667
0.04186167	0.01396039	0.0605333333333	0.0246666666667
0.04281995	0.008018589	0.0605088888889	0.0246111111111
0.04378178	0.01260377	0.0593233333333	0.0239666666667
0.02460067	0.007734754	0.0374111111111	0.0225888888889
0.02298893	0.0115953	0.0559511111111	0.0231888888889
0.01765636	0.007014603	0.03007	0.0234
0.02045664	0.006536119	0.0296111111111	0.0234888888889
0.03441754	0.009407181	0.0562177777778	0.0232222222222
0.04388201	0.006170307	0.0536044444444	0.0270555555556
0.03957508	0.01191433	0.05412	0.027
0.02865549	0.007277826	0.0385888888889	0.0225111111111
0.02657797	0.009963696	0.0284244444444	0.0237555555556
0.04027612	0.008493111	0.0558944444444	0.0231555555556
0.04407028	0.00824723	0.0608111111111	0.0251888888889
0.04047925	0.006347245	0.0499333333333	0.0225666666667
0.02617325	0.008464875	0.0578266666667	0.0264333333333
0.04149574	0.007933195	0.0555466666667	0.0268333333333
0.04818952	0.007028432	0.0608766666667	0.0248333333333
0.03129892	0.004689029	0.0473155555556	0.0224444444444
0.0210909	0.01410521	0.0371933333333	0.0225666666667
0.03131595	0.00680697	0.0287866666667	0.0236333333333
0.03670404	0.01220909	0.0374711111111	0.0273888888889
0.02556618	0.01304105	0.06056	0.0244
0.02632247	0.007000109	0.0272077777778	0.0241222222222
0.02093611	0.006344114	0.0290755555556	0.0235444444444
0.03426076	0.007181878	0.0609722222222	0.0251777777778
0.02217751	0.01037235	0.0342022222222	0.0227777777778
0.03549041	0.006229693	0.0609622222222	0.0246777777778
0.03570421	0.009255403	0.0610533333333	0.0251666666667
0.04240816	0.006593334	0.0575655555556	0.0265444444444
0.03814535	0.00602689	0.0465755555556	0.0275444444444
0.03147354	0.01302434	0.0564755555556	0.0267444444444
0.03179133	0.006183249	0.0569933333333	0.0232666666667
0.03428997	0.007067473	0.0540522222222	0.0270777777778
0.03047266	0.009195977	0.0591755555556	0.0237444444444
0.0400727	0.006873276	0.0492122222222	0.0224777777778
0.02882596	0.006822279	0.0426111111111	0.0275888888889
0.02579095	0.01477652	0.0599655555556	0.0259444444444
0.01872862	0.005747803	0.0279222222222	0.0237777777778
0.02802176	0.008159745	0.0547377777778	0.0229222222222
0.04344029	0.007613515	0.05842	0.0264
0.03467984	0.008685309	0.03964	0.0224
0.01821079	0.01318774	0.0339133333333	0.0227666666667
0.03025315	0.009177041	0.0447	0.0276
0.02635757	0.006930342	0.0495222222222	0.0224777777778
0.03231515	0.008701026	0.0449566666667	0.0223333333333
0.02031885	0.009631526	0.0534433333333	0.0227666666667
0.03526944	0.006547654	0.0595577777778	0.0261222222222
0.03250421	0.01202015	0.0584288888889	0.0235111111111
0.02064927	0.006576273	0.0283166666667	0.0236333333333
0.01922582	0.0144571	0.0301255555556	0.0232444444444
0.03706478	0.009339838	0.0600744444444	0.0239555555556
0.0251296	0.006817648	0.0273555555556	0.0260444444444
0.04465398	0.007520377	0.0591011111111	0.0262888888889
0.03008848	0.007111706	0.03502	0.0273
0.03460108	0.008643349	0.0517611111111	0.0225888888889
0.02820601	0.006669059	0.0473844444444	0.0223555555556
0.02166354	0.006630087	0.0336655555556	0.0227444444444
0.03118478	0.007396984	0.02646	0.0242
0.02139398	0.01271871	0.0380277777778	0.0224222222222
0.01921249	0.007970028	0.0424855555556	0.0276444444444
0.03066644	0.007502634	0.0264166666667	0.0257333333333
0.03918531	0.006650303	0.0606022222222	0.0258777777778
0.04262135	0.009825253	0.0617188888889	0.0250111111111
0.03211864	0.01009877	0.0608288888889	0.0258111111111
0.04325642	0.01312426	0.0578955555556	0.0266444444444
0.03054512	0.009844501	0.0352844444444	0.0225555555556
0.03002329	0.01065591	0.0410244444444	0.0276555555556
0.03504763	0.007570837	0.0618055555556	0.0248444444444
0.02879398	0.008182014	0.0422544444444	0.0222555555556
0.03215942	0.009073387	0.0484455555556	0.0223444444444
0.03050852	0.008089344	0.0451422222222	0.0276777777778
0.02634426	0.007030893	0.0441255555556	0.0222444444444
0.03354891	0.007598585	0.05551	0.0229
0.04562417	0.007328572	0.0596111111111	0.0262888888889
0.03000486	0.008539481	0.0412044444444	0.0222555555556
0.02484606	0.01340921	0.0496122222222	0.0223777777778
0.02537713	0.01172303	0.0554033333333	0.0228666666667
0.03565168	0.005316529	0.04874	0.0276
0.04323529	0.007808979	0.0607444444444	0.0259555555556
0.03711304	0.007954582	0.0595466666667	0.0263333333333
0.03171855	0.004073932	0.0493144444444	0.0223555555556
0.03545061	0.01262873	0.06199	0.0251
0.02988413	0.008949538	0.0401533333333	0.0276666666667
0.02522929	0.01401485	0.0612744444444	0.0257555555556
0.03374738	0.0108077	0.0506688888889	0.0275111111111
0.03301273	0.01948449	0.06208	0.0249
0.02029257	0.00828239	0.0455177777778	0.0222222222222
0.04384063	0.007422691	0.0584088888889	0.0233111111111
0.02552702	0.008444704	0.0305277777778	0.0230222222222
0.03073106	0.005371108	0.0401522222222	0.0276777777778
0.02924443	0.008638433	0.0456488888889	0.0222111111111
0.03693659	0.005719782	0.0450555555556	0.0277444444444
0.04031559	0.006326975	0.0612166666667	0.0240333333333
0.04352976	0.01165395	0.0587488888889	0.0266111111111
0.03450869	0.007451993	0.0464	0.0222
0.03259791	0.007241638	0.0427033333333	0.0221666666667
0.02400253	0.008338526	0.03716	0.0276
0.04319922	0.005597977	0.0557777777778	0.0228222222222
0.04075513	0.006642072	0.0622166666667	0.0245333333333
0.02838364	0.005546278	0.0383533333333	0.0222666666667
0.02699249	0.008648886	0.0357488888889	0.0224111111111
0.04522588	0.01543722	0.0498888888889	0.0223111111111
0.01151489	0.006065169	0.02782	0.0265
0.05063571	0.01230896	0.0590511111111	0.0265888888889
0.03775857	0.007978738	0.0565388888889	0.0229111111111
0.04136854	0.006444661	0.0554333333333	0.0227666666667
0.0238315	0.01053351	0.0308755555556	0.0270444444444
0.01533214	0.012461	0.0505755555556	0.0223444444444
0.03051119	0.01410167	0.0559188888889	0.0271111111111
0.02885417	0.007380839	0.0429755555556	0.0221444444444
0.03756339	0.007110977	0.0566088888889	0.0229111111111
0.03284424	0.006381879	0.0621522222222	0.0243777777778
0.04244989	0.007090346	0.06195	0.0257
0.04969886	0.006662647	0.0625677777778	0.0251222222222
0.01381625	0.009999027	0.0274822222222	0.0234777777778
0.02847874	0.008953282	0.0486966666667	0.0222333333333
0.03770114	0.004680183	0.0604411111111	0.0262888888889
0.03492073	0.008004009	0.0581666666667	0.0231333333333
0.04211956	0.008030773	0.05905	0.0233
0.02644408	0.006734519	0.0401333333333	0.0221666666667
0.04366482	0.006068979	0.0524066666667	0.0224333333333
0.04310822	0.007180839	0.0580155555556	0.0268444444444
0.04604331	0.00669021	0.0548722222222	0.0272777777778
0.03942461	0.01022357	0.0557844444444	0.0227555555556
0.04821381	0.01475429	0.0574322222222	0.0229777777778
0.02731614	0.006448187	0.0366355555556	0.0276444444444
0.02018983	0.006006306	0.02828	0.0267
0.009828492	0.01062671	0.0245177777778	0.0253222222222
0.03731914	0.00664624	0.05236	0.0224
0.0263219	0.006929434	0.0283377777778	0.0267222222222
0.02725831	0.01435251	0.0589388888889	0.0232111111111
0.03491469	0.00701733	0.0472666666667	0.0221333333333
0.02969248	0.005177377	0.05369	0.0225
0.02439057	0.005306855	0.0245722222222	0.0244777777778
0.03865157	0.01158537	0.0478955555556	0.0221444444444
0.02701298	0.005773747	0.0626022222222	0.0243777777778
0.03789128	0.01274596	0.0502455555556	0.0222444444444
0.02640845	0.009880664	0.03244	0.0226
0.02725907	0.007250079	0.03461	0.0224
0.01275108	0.01141683	0.0254311111111	0.0259888888889
0.02752795	0.01391987	0.0294522222222	0.0229777777778
0.02984023	0.007953106	0.0489233333333	0.0221666666667
0.02591365	0.0130966	0.0569511111111	0.0270888888889
0.02621739	0.01132602	0.0557555555556	0.0272444444444
0.02557753	0.007595701	0.04025	0.0221
0.04036148	0.008488489	0.0559488888889	0.0227111111111
0.03111327	0.007188468	0.0475488888889	0.0221111111111
0.03536724	0.01366282	0.0450544444444	0.0220555555556
0.04570652	0.005643464	0.0631611111111	0.0248888888889
0.04470657	0.006966096	0.0621177777778	0.0259222222222
0.03606752	0.007554923	0.0450755555556	0.0220444444444
0.02509465	0.008402211	0.0460122222222	0.0278777777778
0.03758324	0.01264336	0.0426366666667	0.0220333333333
0.0305872	0.005623481	0.0404333333333	0.0278666666667
0.05047659	0.009223046	0.0625833333333	0.0241666666667
0.03064259	0.01112712	0.0398244444444	0.0278555555556
0.03890067	0.007945807	0.0467622222222	0.0278777777778
0.04128503	0.01020427	0.0559244444444	0.0226555555556
0.03024773	0.007931289	0.0399333333333	0.0220666666667
0.03467695	0.006478935	0.0611111111111	0.0235888888889
0.02417138	0.005619451	0.0436588888889	0.0220111111111
0.02093573	0.007025926	0.0273511111111	0.0232888888889
0.03474065	0.0123282	0.0440577777778	0.0279222222222
0.01683788	0.01048675	0.0266244444444	0.0234555555556
0.02956762	0.006609251	0.0547777777778	0.0225222222222
0.01650753	0.01464208	0.02416	0.0255
0.0176868	0.006005881	0.0241255555556	0.0244444444444
0.03344721	0.007682422	0.0633888888889	0.0252111111111
0.02598683	0.005877568	0.05846	0.023
0.04324037	0.006367988	0.0617111111111	0.0261888888889
0.02805444	0.006979385	0.0452377777778	0.0279222222222
0.01610154	0.008185888	0.0501733333333	0.0277666666667
0.02634459	0.007700568	0.0301355555556	0.0271444444444
0.02691743	0.007591259	0.0329233333333	0.0224666666667
0.03766007	0.004670726	0.0604444444444	0.0265555555556
0.02765809	0.008834737	0.05246	0.0223
0.05463899	0.01346678	0.0635333333333	0.0248666666667
0.04091276	0.01234076	0.0610477777778	0.0235222222222
0.03055272	0.00689463	0.0388322222222	0.0220777777778
0.02458661	0.008757634	0.0302944444444	0.0227555555556
0.02662726	0.006977317	0.0613111111111	0.0235888888889
0.02439131	0.005023067	0.0365222222222	0.0221777777778
0.0176687	0.01269932	0.04584	0.022
0.024221	0.004721803	0.05925	0.0231
0.03509769	0.008574834	0.05764	0.0271
0.04190947	0.0127248	0.0620777777778	0.0261222222222
0.02546606	0.005725356	0.0343888888889	0.0223111111111
0.02465602	0.0093255	0.0609244444444	0.0234555555556
0.03296283	0.007274579	0.0563644444444	0.0226555555556
0.02192425	0.009366335	0.0435733333333	0.0279666666667
0.03808917	0.008164705	0.0625422222222	0.0259777777778
0.03462368	0.009578638	0.0629277777778	0.0241222222222
0.02919897	0.009636449	0.0355688888889	0.0222111111111
0.02286595	0.008857499	0.0413644444444	0.0279555555556
0.0158405	0.008535885	0.0500188888889	0.0221111111111
0.02586799	0.009878934	0.03675	0.0278
0.03381112	0.009067902	0.0594311111111	0.0230888888889
0.03047203	0.006718182	0.0571688888889	0.0272111111111
0.03548508	0.0084183	0.0490744444444	0.0220555555556
0.03717093	0.00705838	0.0540722222222	0.0223777777778
0.02669651	0.008510598	0.0325766666667	0.0224333333333
0.04032157	0.01525444	0.0469622222222	0.0219777777778
0.02427786	0.007121163	0.0322844444444	0.0224555555556
0.03356814	0.007758335	0.0436066666667	0.0219333333333
0.03573556	0.005906817	0.0443666666667	0.0219333333333
0.03932182	0.008539157	0.0575544444444	0.0227555555556
0.02752764	0.007158251	0.0566366666667	0.0226333333333
0.0431769	0.005829262	0.0574855555556	0.0227444444444
0.02798281	0.01505344	0.0310744444444	0.0273555555556
0.01626495	0.009473893	0.0392	0.022
0.03860183	0.004833676	0.0519011111111	0.0221888888889
0.04988001	0.006906932	0.0638222222222	0.0245777777778
0.03814456	0.01053186	0.0629211111111	0.0239888888889
0.0439924	0.007556636	0.0635388888889	0.0256111111111
0.04126309	0.007894174	0.0576444444444	0.0227555555556
0.03200298	0.008282753	0.0336288888889	0.0223111111111
0.04254142	0.00797149	0.0554022222222	0.0224777777778
0.0254107	0.008823305	0.0633511111111	0.0241888888889
0.02166926	0.007430748	0.03806	0.0279
0.03070944	0.008143659	0.0640177777778	0.0248222222222
0.04063595	0.007152466	0.0474133333333	0.0279666666667
0.02136318	0.0143973	0.0431688888889	0.0219111111111
0.03940101	0.006634893	0.0541555555556	0.0223444444444
0.01700616	0.009524285	0.0234155555556	0.0254444444444
0.03646131	0.007781747	0.04629	0.028
0.01611236	0.01011071	0.0338422222222	0.0222777777778
0.02581253	0.01830469	0.0288655555556	0.0228444444444
0.02198056	0.01474521	0.0240244444444	0.0258555555556
0.04078822	0.007581985	0.0600466666667	0.0231333333333
0.04341416	0.009725072	0.0591533333333	0.0269666666667
0.04545384	0.01021571	0.0603711111111	0.0231888888889
0.03146677	0.01242127	0.0553555555556	0.0224444444444
0.04391843	0.005557549	0.0547222222222	0.0223777777778
0.0152911	0.008349987	0.0351133333333	0.0277666666667
0.01630153	0.005763736	0.0237	0.0242
0.03217731	0.006778364	0.0640622222222	0.0245777777778
0.03781455	0.008481838	0.0461477777778	0.0280222222222
0.02522966	0.006035532	0.0271777777778	0.0268222222222
0.02567853	0.01246268	0.0274544444444	0.0230555555556
0.007922393	0.00775708	0.0307822222222	0.0273777777778
0.0198594	0.004532568	0.0235111111111	0.0242888888889
0.04136513	0.00697409	0.0635955555556	0.0257444444444
0.01937031	0.01089975	0.0318666666667	0.0224333333333
0.02663677	0.007586668	0.0327655555556	0.0223444444444
0.02047175	0.008147146	0.0232177777778	0.0254222222222
0.03145829	0.01284627	0.0268722222222	0.0267777777778
0.04381102	0.009176701	0.0565355555556	0.0225444444444
0.03508135	0.006270118	0.0432733333333	0.0218666666667
0.0332982	0.006798745	0.0479466666667	0.0219333333333
0.02608631	0.004679847	0.0313533333333	0.0224666666667
0.03628974	0.007922372	0.0635977777778	0.0258222222222
0.03416739	0.004794447	0.0641155555556	0.0244444444444
0.03973549	0.01052666	0.0480077777778	0.0219222222222
0.03212829	0.01267792	0.0563011111111	0.0224888888889
0.0378166	0.00648895	0.0638666666667	0.0257333333333
0.02987871	0.01012867	0.0517011111111	0.0220888888889
0.03589618	0.006334924	0.0626911111111	0.0236888888889
0.02507175	0.008186526	0.0392788888889	0.0219111111111
0.0297392	0.009508957	0.0342044444444	0.0277555555556
0.02851977	0.008967782	0.0527055555556	0.0221444444444
0.02008874	0.007549417	0.0244911111111	0.0236888888889
0.02636991	0.006267485	0.0293533333333	0.0226666666667
0.03310598	0.006683509	0.0646244444444	0.0247555555556
0.04331778	0.007767113	0.0422088888889	0.0281111111111
0.0315708	0.008810745	0.0588244444444	0.0271555555556
0.03312189	0.00670858	0.0471455555556	0.0218444444444
0.03701317	0.01268903	0.0454088888889	0.0218111111111
0.03425726	0.006980631	0.0512688888889	0.0220111111111
0.03322978	0.005652682	0.0593755555556	0.0228444444444
0.02749823	0.0085921	0.0304111111111	0.0224888888889
0.02473598	0.006507841	0.0498266666667	0.0219333333333
0.048633	0.01323403	0.0638044444444	0.0259555555556
0.0427811	0.006829818	0.0647111111111	0.0245888888889
0.04446278	0.009870393	0.0648688888889	0.0249111111111
0.01822107	0.005853838	0.0252422222222	0.0233777777778
0.0297598	0.007286111	0.03445	0.0221
0.03866932	0.007111643	0.0589933333333	0.0271666666667
0.03387768	0.006811445	0.05418	0.0222
0.03615443	0.008552579	0.0611644444444	0.0231555555556
0.02383847	0.009754298	0.0226655555556	0.0255444444444
0.03614317	0.004633581	0.0537844444444	0.0221555555556
0.03523577	0.01117372	0.0387044444444	0.0218555555556
0.04511634	0.007780003	0.0623677777778	0.0234222222222
0.02864966	0.008548858	0.0454422222222	0.0217777777778
0.03126548	0.005857115	0.0429933333333	0.0217666666667
0.02772045	0.007626774	0.0377111111111	0.0218888888889
0.01623414	0.008876978	0.0224544444444	0.0244555555556
0.03158843	0.00670741	0.0572511111111	0.0224888888889
0.02735269	0.006270277	0.03166	0.0223
0.03484915	0.006418766	0.0417933333333	0.0217666666667
0.02523372	0.008155545	0.0227066666667	0.0242333333333
0.03141158	0.006544245	0.0312055555556	0.0223444444444
0.02529275	0.01141651	0.0228466666667	0.0241333333333
0.03372461	0.007205854	0.0640555555556	0.0239444444444
0.03885684	0.008570544	0.0573911111111	0.0224888888889
0.04095364	0.008352549	0.0489055555556	0.0218444444444
0.04460593	0.01249824	0.0646	0.0242
0.04166997	0.006683827	0.0529344444444	0.0220555555556
0.02457175	0.004919496	0.0355733333333	0.0219666666667
0.01830458	0.01144326	0.0228111111111	0.0240888888889
0.02852877	0.008003091	0.0253466666667	0.0232333333333
0.02779326	0.009276979	0.0415755555556	0.0217444444444
0.02114286	0.007805539	0.0248555555556	0.0233444444444
0.0251166	0.007456037	0.0641977777778	0.0239222222222
0.02791262	0.01524592	0.0505411111111	0.0218888888889
0.01417763	0.008279544	0.0256511111111	0.0267888888889
0.04079927	0.006662502	0.0572266666667	0.0224333333333
0.03248851	0.009747823	0.0541888888889	0.0278111111111
0.03173557	0.01409449	0.0520633333333	0.0219666666667
0.03980674	0.009228341	0.0599477777778	0.0271222222222
0.04090993	0.01338188	0.0637288888889	0.0237111111111
0.04753275	0.007284685	0.0649555555556	0.0256444444444
0.02707056	0.008148048	0.0369233333333	0.0280666666667
0.03561498	0.006706366	0.0562688888889	0.0223111111111
0.0297922	0.008560718	0.04884	0.0218
0.0231234	0.006232289	0.0354155555556	0.0219444444444
0.03780293	0.005839373	0.05869	0.0226
0.04183441	0.00678395	0.0538322222222	0.0220777777778
0.02642859	0.007978155	0.0439066666667	0.0282333333333
0.02396872	0.005656556	0.0218777777778	0.0246222222222
0.02800879	0.0137336	0.0577433333333	0.0224666666667
0.03684626	0.006847337	0.0602955555556	0.0228444444444
0.01859999	0.006346845	0.0230566666667	0.0238333333333
0.02999407	0.009408092	0.0571322222222	0.0223777777778
0.03863195	0.01805978	0.0539533333333	0.0278666666667
0.0245927	0.008098045	0.0353288888889	0.0280111111111
0.03112398	0.01234933	0.0579433333333	0.0274666666667
0.02622375	0.005499463	0.0388244444444	0.0217555555556
0.03470569	0.005383962	0.0415311111111	0.0216888888889
0.03423817	0.007798046	0.0448222222222	0.0216777777778
0.03174385	0.007086693	0.06522	0.0243
0.02002201	0.007809486	0.0265622222222	0.0228777777778
0.03730004	0.006633663	0.0648522222222	0.0258777777778
0.02990692	0.01045232	0.0439733333333	0.0216666666667
0.03286037	0.01318911	0.0421933333333	0.0282666666667
0.03721794	0.009275104	0.0607333333333	0.0228666666667
0.02334813	0.006898745	0.0341222222222	0.0219777777778
0.03641402	0.0127539	0.0458533333333	0.0282666666667
0.02024679	0.009292354	0.02431	0.0266
0.03876618	0.005842104	0.0483777777778	0.0217222222222
0.02572587	0.01508812	0.0582044444444	0.0224555555556
0.02761405	0.009717746	0.0574122222222	0.0275777777778
0.04321845	0.007370907	0.0644988888889	0.0238111111111
0.03224576	0.007671899	0.0623944444444	0.0267555555556
0.03836149	0.008002186	0.0515044444444	0.0218555555556
0.03591279	0.009663762	0.0414022222222	0.0282777777778
0.0165595	0.006389106	0.0230922222222	0.0236777777778
0.05100081	0.008614125	0.0659011111111	0.0250888888889
0.04294651	0.00950103	0.0596055555556	0.0226444444444
0.02135578	0.009309031	0.0527177777778	0.0219222222222
0.03543156	0.007996604	0.0514755555556	0.0218444444444
0.0390311	0.01675211	0.0635733333333	0.0234666666667
0.04564898	0.006615579	0.0586666666667	0.0274333333333
0.03199857	0.006590229	0.0474722222222	0.0216777777778
0.04006323	0.01039358	0.0598533333333	0.0226666666667
0.03956589	0.01271588	0.0591222222222	0.0273777777778
0.02741481	0.006898386	0.0362588888889	0.0218111111111
0.02829424	0.008260654	0.0607388888889	0.0228111111111
0.01689232	0.01288713	0.0212644444444	0.0250555555556
0.04061727	0.009547204	0.0632833333333	0.0265666666667
0.03656668	0.006089266	0.0444388888889	0.0283111111111
0.0163772	0.007554798	0.0290777777778	0.0224222222222
0.03041877	0.005856111	0.0403344444444	0.0216555555556
0.02419104	0.01063858	0.0367922222222	0.0217777777778
0.05206419	0.004262215	0.0650244444444	0.0239555555556
0.0315539	0.00704047	0.04114	0.0283
0.02619141	0.01308348	0.0214444444444	0.0244555555556
0.03987268	0.008278328	0.0557855555556	0.0221444444444
0.03190241	0.005631367	0.0398444444444	0.0216555555556
0.01374348	0.00900943	0.0655011111111	0.0241888888889
0.05148752	0.006825051	0.0661	0.0251
0.03464556	0.009581006	0.0569444444444	0.0222555555556
0.01888802	0.006745245	0.0594244444444	0.0225555555556
0.0456226	0.00798868	0.0589522222222	0.0224777777778
0.03515592	0.005586853	0.0502866666667	0.0217333333333
0.01777873	0.005724548	0.0275111111111	0.0225888888889
0.02259752	0.01279113	0.0213044444444	0.0255555555556
0.02361268	0.007313684	0.0443622222222	0.0215777777778
0.04365547	0.008783149	0.06581	0.0257
0.0286072	0.0102801	0.0329933333333	0.0219666666667
0.01824016	0.01030479	0.0208888888889	0.0249111111111
0.05018855	0.01508364	0.0504377777778	0.0217222222222
0.0301662	0.007175023	0.0433333333333	0.0215666666667
0.04159663	0.008645873	0.0653844444444	0.0239555555556
0.01880446	0.00996528	0.0272	0.0226
0.0285119	0.0066942	0.0286611111111	0.0223888888889
0.03555854	0.009829671	0.0572277777778	0.0222222222222
0.04482986	0.005738678	0.0654455555556	0.0239444444444
0.04349711	0.005489937	0.0530822222222	0.0280777777778
0.02625262	0.01224291	0.0411933333333	0.0215666666667
0.04014402	0.01367196	0.0552777777778	0.0220222222222
0.02248558	0.006801917	0.02648	0.0227
0.01170227	0.005250258	0.0378322222222	0.0282777777778
0.03668207	0.00874268	0.0429111111111	0.0283888888889
0.02501831	0.008802734	0.0568233333333	0.0221666666667
0.02376919	0.0067241	0.02707	0.0226
0.02839024	0.01442176	0.0580266666667	0.0276333333333
0.03805245	0.008846009	0.0665822222222	0.0249777777778
0.02642836	0.007503096	0.0417511111111	0.0283888888889
0.0323929	0.007055749	0.0625488888889	0.0230111111111
0.0297785	0.005930162	0.0359977777778	0.0217222222222
0.04212667	0.008232783	0.0582777777778	0.0276222222222
0.02169794	0.01086138	0.02735	0.0274
0.04942024	0.007582241	0.0659055555556	0.0258444444444
0.03279851	0.009927168	0.0504444444444	0.0282555555556
0.02287145	0.00674636	0.0395222222222	0.0215777777778
0.01970863	0.00429306	0.0283311111111	0.0223888888889
0.03412299	0.005707508	0.0529277777778	0.0281222222222
0.02218978	0.007581777	0.0612466666667	0.0227333333333
0.03416133	0.005199202	0.0653866666667	0.0261333333333
0.02123751	0.007183553	0.0325666666667	0.0219333333333
0.04408473	0.007692801	0.0577866666667	0.0222333333333
0.02490783	0.005422691	0.0345111111111	0.0217888888889
0.02095098	0.01017044	0.0458177777778	0.0215222222222
0.0210777	0.00821401	0.0271266666667	0.0225333333333
0.02388258	0.01274266	0.0294777777778	0.0222222222222
0.03354188	0.008269041	0.0433066666667	0.0284333333333
0.02833147	0.01022578	0.04285	0.0215
0.04466909	0.01156249	0.0646222222222	0.0234777777778
0.0315825	0.009585657	0.0635333333333	0.0231666666667
0.03192747	0.006611323	0.0464188888889	0.0215111111111
0.02550013	0.006875357	0.04577	0.0215
0.04255239	0.01560953	0.0647977777778	0.0264222222222
0.02314324	0.01475725	0.0229744444444	0.0233555555556
0.03638949	0.01057522	0.0479611111111	0.0283888888889
0.05021287	0.007006504	0.0665655555556	0.0243444444444
0.0281365	0.01500302	0.06676	0.0254
0.01879028	0.007712431	0.0312888888889	0.0220111111111
0.04566252	0.007583327	0.0530444444444	0.0281555555556
0.03833008	0.007405206	0.0649255555556	0.0235444444444
0.02645328	0.007570298	0.0384933333333	0.0215666666667
0.04839788	0.01255375	0.0668511111111	0.0245888888889
0.04405265	0.006648134	0.06351	0.0268
0.02406429	0.009634195	0.0328733333333	0.0218666666667
0.04400866	0.006742696	0.0526455555556	0.0217444444444
0.0294216	0.008914947	0.0548166666667	0.0280333333333
0.008770625	0.009630491	0.0205144444444	0.0244555555556
0.0535071	0.007031891	0.0670111111111	0.0247888888889
0.02350748	0.007208459	0.0304222222222	0.0220777777778
0.01467584	0.005829686	0.0361555555556	0.0216444444444
0.02159952	0.01086883	0.0471166666667	0.0284333333333
0.05038527	0.008948342	0.0668088888889	0.0255111111111
0.02238802	0.008306584	0.0234111111111	0.0231888888889
0.02150118	0.01239791	0.06173	0.0272
0.01482056	0.00879345	0.0222966666667	0.0264333333333
0.03092106	0.009365495	0.0631977777778	0.0269222222222
0.04576931	0.006512916	0.0499544444444	0.0283555555556
0.02719315	0.007872109	0.0330277777778	0.0218222222222
0.03389847	0.007408932	0.05055	0.0216
0.03084394	0.00662498	0.0434555555556	0.0214444444444
0.03008452	0.004937885	0.0456044444444	0.0214555555556
0.04276055	0.005894977	0.0603222222222	0.0224777777778
0.03771379	0.004993581	0.0495944444444	0.0215555555556
0.0388439	0.005923464	0.0551511111111	0.0218888888889
0.03436207	0.01290396	0.0592488888889	0.0276111111111
0.02411596	0.01354497	0.0379155555556	0.0215444444444
0.01464529	0.009720715	0.0314355555556	0.0219444444444
0.03850941	0.006332185	0.0630444444444	0.0229555555556
0.03048812	0.005844362	0.0621333333333	0.0227666666667
0.04655876	0.005316626	0.0564866666667	0.0279333333333
0.03849414	0.01347882	0.0664844444444	0.0240555555556
0.03805117	0.005673132	0.0665888888889	0.0241111111111
0.04356331	0.006615345	0.0562722222222	0.0219777777778
0.02987398	0.01073751	0.0423566666667	0.0214333333333
0.04780236	0.008821316	0.0673266666667	0.0250333333333
0.03883579	0.01485844	0.0638488888889	0.0231111111111
0.04405007	0.008479788	0.05477	0.0281
0.029561	0.007632913	0.0367533333333	0.0215666666667
0.0342502	0.008185393	0.0468711111111	0.0284888888889
0.03398636	0.005429566	0.0432188888889	0.0214111111111
0.04139512	0.007416337	0.0603466666667	0.0224333333333
0.04040617	0.006688265	0.0636755555556	0.0230444444444
0.04027463	0.008414682	0.0592844444444	0.0276555555556
0.02541979	0.007688474	0.0242555555556	0.0270444444444
0.02662949	0.007764663	0.0501066666667	0.0215333333333
0.02384879	0.005255701	0.0667711111111	0.0240888888889
0.03739335	0.007061207	0.0639022222222	0.0230777777778
0.03124331	0.007595549	0.0446366666667	0.0285333333333
0.02626185	0.007223534	0.04487	0.0214
0.04314923	0.012819	0.0662777777778	0.0261222222222
0.02939745	0.005098165	0.03988	0.0285
0.02568925	0.008697241	0.0333666666667	0.0217333333333
0.0183493	0.01023063	0.0201688888889	0.0242111111111
0.04899533	0.008844483	0.0667555555556	0.0259444444444
0.04028205	0.00617367	0.0513733333333	0.0283666666667
0.02792626	0.008781427	0.0593155555556	0.0222444444444
0.01895535	0.009228462	0.0210155555556	0.0237444444444
0.03932428	0.008366822	0.0459555555556	0.0285444444444
0.04624812	0.004871714	0.0646277777778	0.0267222222222
0.01675469	0.006057161	0.0202488888889	0.0241111111111
0.03339501	0.01582929	0.0653788888889	0.0265111111111
0.03032702	0.008197499	0.0486811111111	0.0284888888889
0.04031104	0.01085807	0.0424733333333	0.0285666666667
0.04997633	0.009396148	0.0663066666667	0.0237333333333
0.03185703	0.006986699	0.0467511111111	0.0213888888889
0.04200195	0.006730404	0.0608366666667	0.0224333333333
0.03808445	0.007103629	0.06431	0.0231
0.02512045	0.004569811	0.0310944444444	0.0280555555556
0.04824494	0.009353746	0.0638222222222	0.0229777777778
0.04978463	0.00626429	0.0634211111111	0.0228888888889
0.02637036	0.006241318	0.0397	0.0214
0.02880387	0.01163358	0.0325222222222	0.0281777777778
0.02482726	0.01194373	0.0357955555556	0.0215444444444
0.0538126	0.008518709	0.0646822222222	0.0231777777778
0.02581947	0.01405234	0.0673655555556	0.0242444444444
0.02209123	0.005638281	0.0351122222222	0.0215777777778
0.0491081	0.008769542	0.0678544444444	0.0248555555556
0.05008363	0.01291776	0.0603511111111	0.0275888888889
0.02933267	0.005602964	0.0373933333333	0.0214666666667
0.0444897	0.008166851	0.0645855555556	0.0231444444444
0.03120998	0.008429172	0.0490466666667	0.0214333333333
0.04425306	0.01324269	0.06104	0.0275
0.01471524	0.01016545	0.0229133333333	0.0230666666667
0.02901035	0.007236219	0.0437666666667	0.0213333333333
0.03175041	0.007919963	0.05284	0.0216
0.03856406	0.005586627	0.06694	0.0239
0.03900316	0.005883383	0.0551444444444	0.0217555555556
0.0287738	0.007175611	0.0382588888889	0.0214111111111
0.0201341	0.006397793	0.0232444444444	0.0229555555556
0.0297603	0.006973212	0.0436888888889	0.0213111111111
0.02222978	0.01079001	0.0265122222222	0.0275777777778
0.04956929	0.007343804	0.0650155555556	0.0267444444444
0.03967651	0.006153811	0.0562666666667	0.0218333333333
0.01772665	0.008112182	0.0316322222222	0.0217777777778
0.01723198	0.01325117	0.0293911111111	0.0219888888889
0.03133589	0.007571111	0.0555333333333	0.0217666666667
