root_height	pop_size	pi_net	pi_within
0.02051804	0.004369453	0.0462888888889	0.00831111111111
0.02940773	0.008106048	0.0459511111111	0.00838888888889
0.02392833	0.007402889	0.04643	0.0083
0.03247107	0.004761725	0.0465555555556	0.00834444444444
0.0289929	0.003541842	0.0455555555556	0.00834444444444
0.02635977	0.002299901	0.0458844444444	0.00825555555556
0.02937655	0.003469462	0.0465111111111	0.00838888888889
0.0323188	0.003171677	0.0463244444444	0.00825555555556
0.03220756	0.005444469	0.0461666666667	0.00823333333333
0.03232335	0.002376596	0.0462666666667	0.00843333333333
0.0221397	0.004574597	0.0463666666667	0.00843333333333
0.02517741	0.003821749	0.0461555555556	0.00844444444444
0.02559638	0.006138743	0.0468155555556	0.00834444444444
0.02551506	0.004697474	0.0465577777778	0.00842222222222
0.02186283	0.004608611	0.0459788888889	0.00821111111111
0.03007801	0.004285034	0.0465666666667	0.00823333333333
0.02365795	0.006535138	0.0454777777778	0.00842222222222
0.0312328	0.005845733	0.0469	0.0083
0.03352838	0.005606093	0.0467466666667	0.00843333333333
0.0293609	0.007523256	0.0460222222222	0.00847777777778
0.02461185	0.004100477	0.0451511111111	0.00838888888889
0.03068367	0.00402482	0.0470555555556	0.00834444444444
0.03260523	0.004868103	0.0468755555556	0.00824444444444
0.02982075	0.003425346	0.0465111111111	0.00818888888889
0.02799709	0.003967148	0.0450788888889	0.00841111111111
0.02127534	0.005583751	0.0450011111111	0.00838888888889
0.02920065	0.002939505	0.0471888888889	0.00831111111111
0.02002792	0.00395535	0.0463333333333	0.00816666666667
0.01894104	0.004151534	0.0472177777778	0.00832222222222
0.02339461	0.005062371	0.0449066666667	0.00833333333333
0.033596	0.005270254	0.0453911111111	0.00818888888889
0.0281474	0.00566162	0.0454822222222	0.00817777777778
0.03147013	0.006329304	0.0452733333333	0.00846666666667
0.02126173	0.003828055	0.0462444444444	0.00815555555556
0.02111667	0.005250383	0.0452333333333	0.00846666666667
0.01996623	0.005482597	0.0454222222222	0.00817777777778
0.02851502	0.005536922	0.0464788888889	0.00851111111111
0.02490808	0.006378504	0.0471777777778	0.00842222222222
0.02637134	0.003870917	0.0454533333333	0.00816666666667
0.02069913	0.005046116	0.0448111111111	0.00828888888889
0.02700074	0.00358447	0.0473	0.0084
0.02948891	0.003536227	0.0471555555556	0.00844444444444
0.02276907	0.009376893	0.0474011111111	0.00838888888889
0.01567672	0.007125144	0.0446844444444	0.00835555555556
0.02360185	0.004595216	0.0447955555556	0.00824444444444
0.02963385	0.003740874	0.0449088888889	0.00821111111111
0.02514909	0.003765194	0.0447777777778	0.00842222222222
0.02713511	0.007193848	0.0453777777778	0.00852222222222
0.02543886	0.004039729	0.0464355555556	0.00854444444444
0.02309357	0.004592118	0.0473255555556	0.00844444444444
0.02826477	0.004584213	0.0474555555556	0.00824444444444
0.02226312	0.005579445	0.0454577777778	0.00812222222222
0.02728157	0.004038542	0.045	0.0085
0.02556792	0.005757427	0.0472811111111	0.00818888888889
0.02965663	0.00378393	0.0468666666667	0.00853333333333
0.02453988	0.003387846	0.0459333333333	0.00856666666667
0.02706125	0.00523523	0.0457333333333	0.00856666666667
0.03215229	0.00344771	0.0454788888889	0.00811111111111
0.02645234	0.007527451	0.0454444444444	0.00855555555556
0.02499628	0.005169026	0.0468555555556	0.00854444444444
0.03115906	0.004556645	0.0452777777778	0.00812222222222
0.01321889	0.003704894	0.0448222222222	0.00817777777778
0.0362995	0.00684613	0.0476833333333	0.00836666666667
0.02521188	0.003603507	0.0447222222222	0.00847777777778
0.0197	0.004551387	0.0463322222222	0.00857777777778
0.03164151	0.006629723	0.0475555555556	0.00844444444444
0.02295144	0.005937884	0.0475111111111	0.00818888888889
0.02746864	0.003704731	0.0447888888889	0.00851111111111
0.02782415	0.003113933	0.0443333333333	0.00826666666667
0.02488726	0.003833087	0.0448366666667	0.00853333333333
0.02585163	0.003729619	0.0452722222222	0.00857777777778
0.02971398	0.003095679	0.0454222222222	0.00807777777778
0.02939071	0.003581283	0.0479	0.0083
0.02476468	0.004386651	0.0471133333333	0.00856666666667
0.02137776	0.007221356	0.0444911111111	0.00848888888889
0.02486047	0.003584806	0.0470222222222	0.00857777777778
0.0268159	0.005404287	0.0464888888889	0.00861111111111
0.03008974	0.002657188	0.0461177777778	0.00862222222222
0.02755325	0.003120357	0.0479711111111	0.00838888888889
0.02422961	0.004112821	0.0462555555556	0.00804444444444
0.0216805	0.006051547	0.0441177777778	0.00832222222222
0.01788638	0.004220521	0.0451111111111	0.00858888888889
0.02354014	0.004537599	0.0441222222222	0.00837777777778
0.02455724	0.003764193	0.0441044444444	0.00835555555556
0.0283262	0.003675847	0.0447444444444	0.00855555555556
0.02542914	0.003586546	0.0478111111111	0.00818888888889
0.02418136	0.005465377	0.0450222222222	0.00807777777778
0.02534044	0.007760406	0.0450222222222	0.00807777777778
0.02861681	0.006326256	0.0461066666667	0.00803333333333
0.01942608	0.002347851	0.0473333333333	0.00856666666667
0.02382789	0.002918268	0.0448	0.0081
0.02634347	0.005957479	0.0477911111111	0.00848888888889
0.03310535	0.003830968	0.0466555555556	0.00804444444444
0.03332865	0.006622594	0.0474444444444	0.00855555555556
0.02152254	0.005119312	0.0446888888889	0.00811111111111
0.02445131	0.005191333	0.0454555555556	0.00804444444444
0.02138982	0.003800745	0.0449622222222	0.00807777777778
0.02878955	0.003870941	0.0473733333333	0.00856666666667
0.0262956	0.008180422	0.0476677777778	0.00852222222222
0.03021086	0.004884986	0.0450633333333	0.00806666666667
0.02245336	0.006944257	0.0444555555556	0.00814444444444
0.02764512	0.005245598	0.0441555555556	0.00844444444444
0.02091843	0.003666103	0.0456366666667	0.00803333333333
0.02919986	0.004440055	0.0474888888889	0.00811111111111
0.02580221	0.007776877	0.0440955555556	0.00824444444444
0.02538762	0.003445345	0.0481022222222	0.00827777777778
0.02903425	0.004935429	0.0471333333333	0.00806666666667
0.01320765	0.003224588	0.0445888888889	0.00811111111111
0.02031632	0.005365042	0.0457777777778	0.00802222222222
0.02753228	0.005374062	0.0440566666667	0.00843333333333
0.01499985	0.002502764	0.0447111111111	0.00808888888889
0.02827885	0.003030967	0.0478444444444	0.00815555555556
0.02219036	0.005317561	0.0460444444444	0.00865555555556
0.02926661	0.00739	0.0476977777778	0.00812222222222
0.02810603	0.002907209	0.0458444444444	0.00865555555556
0.02696346	0.00472207	0.0479711111111	0.00848888888889
0.02074387	0.003159127	0.0439777777778	0.00842222222222
0.02599025	0.006981606	0.04455	0.0081
0.02472694	0.004044425	0.0473133333333	0.00806666666667
0.0292663	0.00791917	0.0453955555556	0.00864444444444
0.02792012	0.007409993	0.0482222222222	0.00827777777778
0.02434288	0.005064589	0.0478555555556	0.00814444444444
0.02980461	0.004028986	0.0446811111111	0.00858888888889
0.02977114	0.004991304	0.0477555555556	0.00854444444444
0.02626128	0.003307017	0.0444088888889	0.00811111111111
0.02269152	0.004992106	0.0441333333333	0.00816666666667
0.02748732	0.005183331	0.0473344444444	0.00805555555556
0.02289828	0.005365889	0.0483011111111	0.00828888888889
0.02460314	0.0028008	0.0464	0.008
0.02522403	0.003000462	0.0472355555556	0.00804444444444
0.02177921	0.006202501	0.0447444444444	0.00805555555556
0.02675743	0.004183853	0.0437777777778	0.00832222222222
0.0250265	0.00431922	0.0455133333333	0.00866666666667
0.02831344	0.005431965	0.0480444444444	0.00815555555556
0.02021249	0.004857901	0.0458822222222	0.00867777777778
0.03225273	0.005068918	0.04436	0.0081
0.02513429	0.003337916	0.0469144444444	0.00865555555556
0.01848843	0.007028275	0.0465222222222	0.00867777777778
0.02904237	0.003323404	0.0468233333333	0.00866666666667
0.01820062	0.003007595	0.0473066666667	0.00863333333333
0.01990513	0.005279337	0.0439111111111	0.00818888888889
0.02844377	0.004476621	0.0479777777778	0.00812222222222
0.03036194	0.0033444	0.0484477777778	0.00832222222222
0.02201203	0.00523147	0.0462111111111	0.00868888888889
0.02989385	0.003916957	0.0473666666667	0.00803333333333
0.02793812	0.006162164	0.0479444444444	0.00855555555556
0.02648062	0.004872181	0.04694	0.008
0.0235041	0.004146922	0.0437666666667	0.00823333333333
0.02739092	0.002602368	0.0456222222222	0.00797777777778
0.03060961	0.006707439	0.0465111111111	0.00868888888889
0.02962479	0.003228504	0.0456111111111	0.00868888888889
0.02448113	0.005387903	0.0470333333333	0.00866666666667
0.0324091	0.006530185	0.0439444444444	0.00815555555556
0.02223697	0.005973554	0.0461333333333	0.00796666666667
0.02209401	0.002571886	0.0436644444444	0.00825555555556
0.02698528	0.005060184	0.0473777777778	0.00802222222222
0.0218279	0.003266287	0.0442222222222	0.00857777777778
0.02665828	0.004480806	0.0467422222222	0.00797777777778
0.02668659	0.003448552	0.0436444444444	0.00825555555556
0.03000815	0.004717191	0.0439666666667	0.00813333333333
0.02878038	0.005234437	0.0470111111111	0.00798888888889
0.02605768	0.004996504	0.0437333333333	0.00846666666667
0.02792267	0.005799722	0.0449333333333	0.00866666666667
0.02795228	0.00499125	0.0485333333333	0.00826666666667
0.02751168	0.004105019	0.0436888888889	0.00821111111111
0.02850039	0.002386016	0.0442222222222	0.00807777777778
0.02052165	0.005654259	0.0485888888889	0.00831111111111
0.01892586	0.006082916	0.0447444444444	0.00865555555556
0.02815161	0.003608975	0.0461788888889	0.00871111111111
0.02319139	0.00345635	0.0485466666667	0.00843333333333
0.02874037	0.004914834	0.0478444444444	0.00805555555556
0.03124258	0.003685788	0.0482666666667	0.00813333333333
0.02772681	0.004669908	0.0477777777778	0.00862222222222
0.02383843	0.005292491	0.0454444444444	0.00795555555556
0.03307489	0.002587879	0.0451933333333	0.00796666666667
0.01579677	0.005799397	0.0462555555556	0.00794444444444
0.03377009	0.00387229	0.0464555555556	0.00794444444444
0.02949213	0.00435817	0.0487044444444	0.00835555555556
0.02455178	0.00244074	0.0439333333333	0.00856666666667
0.02369663	0.004709298	0.0485888888889	0.00821111111111
0.0230355	0.004987589	0.0439233333333	0.00856666666667
0.03474265	0.003724444	0.0484444444444	0.00815555555556
0.02551105	0.005426362	0.0446	0.008
0.01799737	0.006447518	0.0486777777778	0.00842222222222
0.02607684	0.003585937	0.0487666666667	0.00833333333333
0.02708611	0.006152174	0.0474822222222	0.00867777777778
0.02652466	0.004013978	0.0483344444444	0.00855555555556
0.03106633	0.004303134	0.0447222222222	0.00797777777778
0.02866285	0.003483726	0.0473	0.0087
0.03125798	0.008881394	0.0486888888889	0.00821111111111
0.0253515	0.005789122	0.0471444444444	0.00795555555556
0.02485842	0.003855481	0.0478777777778	0.00802222222222
0.02379385	0.002592049	0.0473333333333	0.00796666666667
0.02657171	0.005251669	0.0457777777778	0.00792222222222
0.02191595	0.004716491	0.0488	0.0084
0.02100329	0.007087084	0.0433111111111	0.00828888888889
0.018959	0.003931729	0.0483111111111	0.00808888888889
0.02396722	0.008787629	0.0471455555556	0.00794444444444
0.02732083	0.004186057	0.0473444444444	0.00795555555556
0.03623885	0.002863069	0.0434222222222	0.00817777777778
0.02970624	0.004239854	0.0470566666667	0.00793333333333
0.03479889	0.004701414	0.0432222222222	0.00827777777778
0.02461948	0.004171058	0.0439966666667	0.00863333333333
0.02451791	0.004654606	0.0479	0.008
0.02486967	0.004990247	0.0469477777778	0.00792222222222
0.02921358	0.005686927	0.0449666666667	0.00873333333333
0.02606256	0.003563256	0.0477222222222	0.00797777777778
0.02353854	0.005197688	0.0443022222222	0.00867777777778
0.02126044	0.003058558	0.0432555555556	0.00844444444444
0.02621968	0.006011412	0.0446244444444	0.00795555555556
0.02402397	0.004661139	0.04361	0.0081
0.02592701	0.00320583	0.0464333333333	0.00876666666667
0.02908844	0.004850615	0.0470555555556	0.00874444444444
0.02923708	0.005915468	0.0433311111111	0.00848888888889
0.02580303	0.003882544	0.0480488888889	0.00801111111111
0.02600089	0.005288845	0.049	0.0083
0.01663033	0.003554453	0.0439777777778	0.00802222222222
0.02892888	0.003983077	0.0482366666667	0.00803333333333
0.02309052	0.003095266	0.0443111111111	0.00868888888889
0.02171926	0.004885306	0.0489566666667	0.00843333333333
0.02321315	0.00708635	0.0433777777778	0.00852222222222
0.02765262	0.003523815	0.0461222222222	0.00877777777778
0.02403841	0.003637628	0.0467333333333	0.00876666666667
0.02496996	0.00405189	0.0473666666667	0.00793333333333
0.02130431	0.002905139	0.0486444444444	0.00855555555556
0.03725816	0.007159377	0.04674	0.0079
0.02921932	0.007058991	0.0459111111111	0.00788888888889
0.02010871	0.003571631	0.0462222222222	0.00877777777778
0.02345179	0.003148403	0.0463222222222	0.00877777777778
0.029786	0.004635543	0.0472455555556	0.00874444444444
0.02781433	0.003725608	0.0445555555556	0.00794444444444
0.02696102	0.003284153	0.0483466666667	0.00803333333333
0.03612875	0.003833064	0.04786	0.0087
0.03075067	0.005290031	0.0486322222222	0.00857777777778
0.02188191	0.004785961	0.0467111111111	0.00788888888889
0.03386078	0.004567258	0.0489	0.0085
0.0329954	0.006021226	0.0490088888889	0.00821111111111
0.02984246	0.005591295	0.0464022222222	0.00787777777778
0.01674089	0.005939407	0.0457111111111	0.00878888888889
0.03521152	0.006297866	0.04708	0.0079
0.02455658	0.005227822	0.0430122222222	0.00827777777778
0.03224235	0.004966388	0.0488855555556	0.00814444444444
0.0262809	0.003372044	0.0455111111111	0.00878888888889
0.02488951	0.003119867	0.0455111111111	0.00878888888889
0.03476085	0.004472924	0.04862	0.0086
0.0228622	0.004489546	0.0454111111111	0.00878888888889
0.02514895	0.004783958	0.0464	0.0088
0.02904435	0.003610325	0.0456	0.0088
0.01759601	0.00562345	0.0429444444444	0.00825555555556
0.03319367	0.006237354	0.0430511111111	0.00818888888889
0.02764254	0.003654178	0.0492333333333	0.00836666666667
0.02316342	0.004537388	0.0488333333333	0.00856666666667
0.02267889	0.004756139	0.0438	0.008
0.01465881	0.005118816	0.0428888888889	0.00831111111111
0.0313087	0.005988316	0.0492088888889	0.00841111111111
0.02795676	0.004148761	0.0454333333333	0.00786666666667
0.02805941	0.002859592	0.0430733333333	0.00816666666667
0.02314268	0.003900552	0.0470222222222	0.00787777777778
0.02621321	0.004067067	0.0429	0.0084
0.02566319	0.005053682	0.0459888888889	0.00881111111111
0.02860905	0.002975219	0.0491777777778	0.00822222222222
0.02516812	0.007975923	0.0430111111111	0.00818888888889
0.01305145	0.004616746	0.0434444444444	0.00805555555556
0.0279893	0.004697807	0.0489555555556	0.00854444444444
0.03608228	0.004344713	0.0476044444444	0.00875555555556
0.02330272	0.005457084	0.0428888888889	0.00841111111111
0.03260055	0.004266407	0.0438111111111	0.00798888888889
0.03049411	0.003544199	0.0484688888889	0.00801111111111
0.02746426	0.00460174	0.0452333333333	0.00786666666667
0.03215561	0.002900592	0.0489777777778	0.00812222222222
0.02191005	0.008657191	0.0455444444444	0.00785555555556
0.0211821	0.005374214	0.0446	0.0079
0.02816039	0.002145031	0.0487444444444	0.00805555555556
0.0299339	0.004340287	0.0490777777778	0.00852222222222
0.02072774	0.003027754	0.0491088888889	0.00851111111111
0.02538728	0.004701184	0.0460555555556	0.00784444444444
0.03078124	0.004912448	0.0492555555556	0.00844444444444
0.01604871	0.0064876	0.0491822222222	0.00817777777778
0.0278095	0.00629523	0.0429733333333	0.00816666666667
0.02721146	0.007154797	0.0450333333333	0.00786666666667
0.03084295	0.00246432	0.0464555555556	0.00784444444444
0.02736928	0.002823362	0.0445	0.0079
0.03389503	0.003262007	0.0445	0.0079
0.03047644	0.002946373	0.0476333333333	0.00876666666667
0.03231508	0.00389577	0.0448111111111	0.00878888888889
0.02676713	0.005544079	0.0439444444444	0.00795555555556
0.02459499	0.003852411	0.0436233333333	0.00866666666667
0.03002756	0.00382217	0.0449333333333	0.00786666666667
0.02804632	0.003679611	0.0489222222222	0.00807777777778
0.02139026	0.004752076	0.0447111111111	0.00878888888889
0.02388498	0.004566027	0.0492133333333	0.00816666666667
0.02830322	0.007263317	0.0467555555556	0.00784444444444
0.02285039	0.003634348	0.04438	0.0079
0.02784672	0.004233272	0.0491777777778	0.00852222222222
0.02756507	0.004881242	0.0468555555556	0.00784444444444
0.02930079	0.004716416	0.0493666666667	0.00843333333333
0.03247236	0.003107757	0.0484711111111	0.00868888888889
0.0267051	0.001893324	0.0484	0.0087
0.0268455	0.003950833	0.0466266666667	0.00883333333333
0.02332009	0.005438026	0.0492444444444	0.00815555555556
0.02988113	0.005142546	0.0486888888889	0.00801111111111
0.02801844	0.003016888	0.0437	0.0087
0.03348956	0.005994737	0.0487244444444	0.00865555555556
0.03416545	0.004265155	0.04267	0.0084
0.03102538	0.004819126	0.0468666666667	0.00883333333333
0.03383504	0.002114529	0.0468666666667	0.00783333333333
0.02285173	0.006395486	0.0465555555556	0.00884444444444
0.0295773	0.005835448	0.0477222222222	0.00787777777778
0.0309797	0.00305975	0.0485333333333	0.00796666666667
0.02294114	0.006118058	0.0486111111111	0.00868888888889
0.01952378	0.005651539	0.0427888888889	0.00851111111111
0.03088308	0.004987001	0.0472755555556	0.00784444444444
0.02865042	0.006247033	0.0495522222222	0.00837777777778
0.0318464	0.003576138	0.04946	0.0082
0.02502631	0.003878929	0.0444333333333	0.00786666666667
0.02820189	0.003829237	0.0426066666667	0.00843333333333
0.02548437	0.004929635	0.0425444444444	0.00835555555556
0.02764333	0.003145508	0.0455888888889	0.00781111111111
0.02802252	0.003878087	0.0465888888889	0.00781111111111
0.02559126	0.003319263	0.0429933333333	0.00806666666667
0.02654339	0.008335153	0.0472666666667	0.00783333333333
0.03283155	0.004911517	0.0496111111111	0.00828888888889
0.02178045	0.004556462	0.0489555555556	0.00864444444444
0.02892855	0.005438099	0.0460333333333	0.00886666666667
0.02953046	0.00469516	0.0490777777778	0.00862222222222
0.02425218	0.003879438	0.0427777777778	0.00812222222222
0.02531521	0.006809189	0.0456933333333	0.00886666666667
0.02335828	0.004636478	0.0474266666667	0.00783333333333
0.02006224	0.004614376	0.0424977777778	0.00842222222222
0.02828877	0.006513775	0.0426488888889	0.00851111111111
0.01988346	0.003067895	0.0446666666667	0.00783333333333
0.03367895	0.004531589	0.0476555555556	0.00784444444444
0.03207414	0.00502299	0.0494777777778	0.00852222222222
0.01475023	0.002779531	0.0467833333333	0.00886666666667
0.02624416	0.002514617	0.0495333333333	0.00816666666667
0.02889306	0.003812353	0.0494666666667	0.00813333333333
0.03219887	0.003762407	0.0497022222222	0.00827777777778
0.02687428	0.006166307	0.0473555555556	0.00884444444444
0.0311528	0.003154757	0.0496666666667	0.00823333333333
0.02935919	0.002241551	0.0485666666667	0.00873333333333
0.02585555	0.005382527	0.0447555555556	0.00884444444444
0.02821862	0.006060067	0.0424777777778	0.00822222222222
0.03411321	0.004336802	0.0490444444444	0.00865555555556
0.02882763	0.005426194	0.0478888888889	0.00881111111111
0.0150825	0.004822395	0.0449044444444	0.00885555555556
0.02131546	0.002542895	0.0496777777778	0.00822222222222
0.02875437	0.003592025	0.0423777777778	0.00832222222222
0.02495754	0.004912251	0.0446777777778	0.00782222222222
0.02603017	0.004120228	0.0484444444444	0.00875555555556
0.0264499	0.002623366	0.0448688888889	0.00781111111111
0.02139247	0.003273301	0.0467111111111	0.00778888888889
0.03407328	0.005387429	0.0470533333333	0.00886666666667
0.01523209	0.003538236	0.0435066666667	0.00873333333333
0.02110676	0.008633665	0.0467422222222	0.00887777777778
0.02157978	0.005661495	0.0425544444444	0.00815555555556
0.01834006	0.004863152	0.0484888888889	0.00791111111111
0.02512388	0.005947865	0.0494844444444	0.00855555555556
0.02417274	0.004726015	0.0469111111111	0.00778888888889
0.01908134	0.004191706	0.0487555555556	0.00794444444444
0.02870166	0.003745081	0.04936	0.0086
0.03146053	0.003905209	0.0496244444444	0.00815555555556
0.02379366	0.004791839	0.0497555555556	0.00844444444444
0.02198118	0.006595438	0.0489333333333	0.00796666666667
0.03120846	0.004777737	0.0498222222222	0.00827777777778
0.03342551	0.00389875	0.0490111111111	0.00868888888889
0.02664558	0.002687415	0.0495488888889	0.00811111111111
0.01458693	0.005588134	0.0422777777778	0.00832222222222
0.02723863	0.003952578	0.0478466666667	0.00783333333333
0.0311668	0.003420878	0.0498533333333	0.00836666666667
0.02881947	0.003710142	0.0468222222222	0.00777777777778
0.02457797	0.002302559	0.0433666666667	0.00793333333333
0.02026312	0.00410046	0.0426	0.0081
0.02185939	0.002429395	0.0472222222222	0.00887777777778
0.03340235	0.004332142	0.0491222222222	0.00867777777778
0.0351549	0.00497924	0.0486488888889	0.00791111111111
0.0228616	0.004456403	0.0428888888889	0.00801111111111
0.02483767	0.003809386	0.0424666666667	0.00813333333333
0.02299383	0.004096963	0.0424777777778	0.00812222222222
0.02474586	0.004945306	0.0497444444444	0.00815555555556
0.03206401	0.004567359	0.0459888888889	0.00891111111111
0.02221201	0.006937428	0.0449811111111	0.00888888888889
0.02553037	0.003031591	0.0424888888889	0.00811111111111
0.02415998	0.002330015	0.0429911111111	0.00868888888889
0.02985406	0.005113737	0.0438444444444	0.00785555555556
0.03068371	0.005497919	0.0421555555556	0.00834444444444
0.02483249	0.004995272	0.0494677777778	0.00862222222222
0.03479843	0.008521947	0.0427066666667	0.00803333333333
0.02692382	0.005845447	0.0487	0.0079
0.02782152	0.004850661	0.0427888888889	0.00801111111111
0.023367	0.002878771	0.0473222222222	0.00777777777778
0.02784447	0.003884407	0.0489566666667	0.00873333333333
0.02751697	0.004834681	0.0459555555556	0.00774444444444
0.02508844	0.004439646	0.0489666666667	0.00793333333333
0.02433066	0.006088435	0.0482977777778	0.00882222222222
0.02955455	0.005324127	0.0499444444444	0.00845555555556
0.02631685	0.006528672	0.0449	0.0089
0.02985563	0.007247514	0.0497777777778	0.00812222222222
0.01860561	0.005182062	0.0428811111111	0.00868888888889
0.02325993	0.004273764	0.0500444444444	0.00835555555556
0.03585114	0.007025286	0.0491444444444	0.00795555555556
0.02424136	0.005708521	0.0454555555556	0.00774444444444
0.01749925	0.005697862	0.0489555555556	0.00874444444444
0.02439935	0.00392695	0.0450444444444	0.00775555555556
0.02666174	0.005085401	0.0492433333333	0.00796666666667
0.02630098	0.003889214	0.0458666666667	0.00893333333333
0.02628193	0.003092107	0.0499333333333	0.00816666666667
0.03283189	0.006358216	0.0490766666667	0.00873333333333
0.01907151	0.004961544	0.0456166666667	0.00893333333333
0.03155305	0.00826022	0.0487222222222	0.00787777777778
0.02289312	0.003666887	0.0478222222222	0.00887777777778
0.03378273	0.00391628	0.0500666666667	0.00843333333333
0.02152384	0.003587262	0.0421111111111	0.00818888888889
0.02322227	0.003765902	0.0450277777778	0.00892222222222
0.02895305	0.00342471	0.0423	0.0081
0.0241442	0.006692461	0.0452666666667	0.00773333333333
0.01301019	0.005935648	0.0428444444444	0.00795555555556
0.03259823	0.006363818	0.0498844444444	0.00855555555556
0.01873955	0.003613292	0.0477911111111	0.00888888888889
0.01784285	0.005367597	0.0463555555556	0.00894444444444
0.0235696	0.005163439	0.0422444444444	0.00855555555556
0.03220639	0.002287506	0.0500888888889	0.00821111111111
0.03570022	0.006368806	0.0456955555556	0.00894444444444
0.02740735	0.004311205	0.0443222222222	0.00777777777778
0.02316992	0.003979589	0.0483555555556	0.00884444444444
0.02989036	0.004954428	0.0486588888889	0.00881111111111
0.02025132	0.003419889	0.0455777777778	0.00772222222222
0.02940199	0.005574857	0.0474944444444	0.00775555555556
0.02622591	0.004977749	0.0485777777778	0.00882222222222
0.03406786	0.003494748	0.0432811111111	0.00878888888889
0.02917603	0.00441822	0.0475444444444	0.00775555555556
0.02752733	0.004263723	0.0477333333333	0.00776666666667
0.03516936	0.005310841	0.0482944444444	0.00885555555556
0.02382353	0.002769282	0.0467455555556	0.00894444444444
0.03174942	0.004638115	0.0488	0.0088
0.03506919	0.004066344	0.0497555555556	0.00804444444444
0.01805956	0.005219118	0.0458888888889	0.00771111111111
0.02599809	0.004910224	0.0420111111111	0.00818888888889
0.0232003	0.004093845	0.0487444444444	0.00785555555556
0.02627629	0.002847094	0.0439	0.0078
0.02309111	0.005922731	0.0419577777778	0.00822222222222
0.02016201	0.00464887	0.0476444444444	0.00775555555556
0.02827005	0.005249947	0.0425333333333	0.00866666666667
0.02929379	0.004083261	0.0484777777778	0.00782222222222
0.02441646	0.006179827	0.0476888888889	0.00891111111111
0.02843893	0.007921304	0.0495211111111	0.00868888888889
0.02843514	0.006290829	0.0466444444444	0.00895555555556
0.03288209	0.006472436	0.0438333333333	0.00886666666667
0.02672781	0.003640943	0.0502444444444	0.00825555555556
0.01270555	0.005365532	0.0498444444444	0.00805555555556
0.02076392	0.007404186	0.0493777777778	0.00872222222222
0.02669159	0.003307101	0.0492555555556	0.00874444444444
0.02705385	0.004294884	0.0480611111111	0.00888888888889
0.02982354	0.005427375	0.04792	0.0089
0.02335825	0.004147575	0.0489233333333	0.00786666666667
0.02344997	0.0058444	0.0433777777778	0.00882222222222
0.02759727	0.005020165	0.0460633333333	0.00896666666667
0.03136353	0.004721684	0.0452744444444	0.00895555555556
0.04115336	0.005043447	0.0483533333333	0.00886666666667
0.01682849	0.005461222	0.0481111111111	0.00888888888889
0.02536682	0.002917887	0.0485777777778	0.00782222222222
0.02905312	0.005234323	0.0422444444444	0.00805555555556
0.03374538	0.005727023	0.0493766666667	0.00873333333333
0.02717399	0.002286668	0.0418888888889	0.00821111111111
0.02096392	0.005099546	0.0418111111111	0.00838888888889
0.0337134	0.003409672	0.0494555555556	0.00794444444444
0.02662255	0.004233797	0.0436044444444	0.00885555555556
0.02975693	0.005378479	0.0470444444444	0.00895555555556
0.02736604	0.006492915	0.0437	0.0078
0.02771359	0.005389188	0.0483222222222	0.00887777777778
0.0230549	0.004581951	0.0454	0.0077
0.02414695	0.003102262	0.0420077777778	0.00812222222222
0.03109633	0.004724711	0.0503666666667	0.00833333333333
0.03162068	0.007221089	0.0452333333333	0.00896666666667
0.02714915	0.003726843	0.0503455555556	0.00824444444444
0.02468162	0.004160083	0.0426666666667	0.00793333333333
0.03955927	0.007464272	0.0431444444444	0.00785555555556
0.03212084	0.005597345	0.0474977777778	0.00772222222222
0.0297303	0.005413309	0.0436	0.0078
0.02564707	0.004215408	0.0437111111111	0.00778888888889
0.02720773	0.003603598	0.04175	0.0084
0.03316443	0.003353798	0.0501444444444	0.00855555555556
0.03196866	0.003333669	0.0486444444444	0.00885555555556
0.02382454	0.004643785	0.0497511111111	0.00798888888889
0.02921021	0.004688897	0.0475455555556	0.00894444444444
0.0219609	0.003339946	0.0418222222222	0.00847777777778
0.02871873	0.004968236	0.0432666666667	0.00883333333333
0.01889254	0.004119124	0.0440444444444	0.00775555555556
0.02460838	0.005678651	0.04858	0.0078
0.02831456	0.004062932	0.0417466666667	0.00823333333333
0.02376022	0.004466583	0.0433355555556	0.00884444444444
0.01914327	0.003817595	0.0501022222222	0.00807777777778
0.02318938	0.00850452	0.0489066666667	0.00783333333333
0.02947338	0.004236655	0.0478666666667	0.00893333333333
0.02597862	0.003805513	0.0438333333333	0.00776666666667
0.02105133	0.005379659	0.0469911111111	0.00768888888889
0.02464856	0.007415529	0.0480577777778	0.00892222222222
0.02747677	0.008088156	0.0496888888889	0.00871111111111
0.01883275	0.006731848	0.0423411111111	0.00868888888889
0.02665588	0.008974574	0.0496455555556	0.00794444444444
0.03334004	0.005108345	0.0504822222222	0.00837777777778
0.02413836	0.002122187	0.0431666666667	0.00783333333333
0.02489992	0.00670319	0.0424288888889	0.00871111111111
0.03331643	0.003832848	0.0490555555556	0.00784444444444
0.02451811	0.004749556	0.0418888888889	0.00811111111111
0.0247613	0.004022458	0.0418888888889	0.00811111111111
0.02660451	0.004067206	0.0499444444444	0.00865555555556
0.02864029	0.002484117	0.0471111111111	0.00768888888889
0.02435317	0.004779545	0.0441666666667	0.00893333333333
0.02563546	0.003549441	0.0486111111111	0.00778888888889
0.0296221	0.005725073	0.0418788888889	0.00811111111111
0.03187142	0.00352342	0.0493111111111	0.00878888888889
0.02851166	0.004398668	0.0504888888889	0.00841111111111
0.02830079	0.005656425	0.0504577777778	0.00822222222222
0.02496869	0.005295773	0.0461333333333	0.00766666666667
0.01961811	0.005818954	0.0416111111111	0.00828888888889
0.0289089	0.004446836	0.0446533333333	0.00896666666667
0.0289937	0.007270278	0.0442555555556	0.00894444444444
0.02650135	0.008529692	0.0500666666667	0.00863333333333
0.0327297	0.004906576	0.0478977777778	0.00772222222222
0.02856847	0.005578492	0.0419888888889	0.00861111111111
0.03122108	0.005328657	0.0456333333333	0.00766666666667
0.01895711	0.002300415	0.0446	0.0077
0.03496045	0.004976277	0.0442077777778	0.00772222222222
0.02698624	0.004282313	0.0485922222222	0.00777777777778
0.03072024	0.00365438	0.0499833333333	0.00866666666667
0.02714405	0.004203375	0.0486222222222	0.00777777777778
0.0349437	0.006418519	0.0503	0.0081
0.02532661	0.005295486	0.0479777777778	0.00772222222222
0.03857279	0.004591698	0.0497555555556	0.00794444444444
0.02584803	0.005539805	0.0449622222222	0.00767777777778
0.03273267	0.003018646	0.0505888888889	0.00831111111111
0.02693082	0.008152263	0.0420455555556	0.00864444444444
0.01945022	0.00382974	0.0478888888889	0.00771111111111
0.01996909	0.005977062	0.0504266666667	0.00853333333333
0.02751572	0.003821089	0.0484888888889	0.00891111111111
0.03388229	0.00504705	0.0496544444444	0.00875555555556
0.02202345	0.005180554	0.0503844444444	0.00855555555556
0.02005956	0.0038342	0.0427333333333	0.00786666666667
0.02340302	0.003003214	0.0440277777778	0.00772222222222
0.03025295	0.005778552	0.0466444444444	0.00765555555556
0.02256087	0.003030752	0.0415555555556	0.00844444444444
0.02087023	0.004687531	0.0470733333333	0.00766666666667
0.02391206	0.003530605	0.0482666666667	0.00893333333333
0.02312222	0.005308168	0.0476111111111	0.00768888888889
0.03458052	0.005952901	0.0504777777778	0.00852222222222
0.02156946	0.003902904	0.0439555555556	0.00894444444444
0.03153843	0.006576642	0.04426	0.0077
0.02134921	0.005583907	0.0492466666667	0.00883333333333
0.02776216	0.002897818	0.0442333333333	0.00896666666667
0.02611503	0.004075091	0.0485988888889	0.00891111111111
0.02683318	0.006128043	0.0475222222222	0.00767777777778
0.02732163	0.003990896	0.0426533333333	0.00786666666667
0.02127873	0.006340617	0.0505444444444	0.00815555555556
0.02362347	0.005187045	0.0426333333333	0.00786666666667
0.02323514	0.006074343	0.0505355555556	0.00814444444444
0.02903467	0.004138414	0.0498666666667	0.00793333333333
0.02948894	0.005789705	0.0417111111111	0.00808888888889
0.02894354	0.006207361	0.04474	0.009
0.01757219	0.006628896	0.0438277777778	0.00772222222222
0.03936331	0.005521496	0.0506	0.0085
0.02672157	0.005775037	0.0496111111111	0.00878888888889
0.02624829	0.006612045	0.0414277777778	0.00842222222222
0.02210126	0.003668396	0.0421777777778	0.00872222222222
0.02335931	0.005826585	0.0468777777778	0.00902222222222
0.03194274	0.003806645	0.0425111111111	0.00878888888889
0.02633554	0.002493663	0.0444222222222	0.00767777777778
0.02606224	0.007821136	0.0414	0.0084
0.02831551	0.004938649	0.0501111111111	0.00868888888889
0.02546754	0.003378389	0.0473288888889	0.00901111111111
0.02429241	0.003102326	0.0426777777778	0.00882222222222
0.02077737	0.006973571	0.0455566666667	0.00903333333333
0.02132539	0.003342774	0.0507	0.0082
0.02966369	0.003566342	0.0505233333333	0.00856666666667
0.02754664	0.006149601	0.0449777777778	0.00902222222222
0.0359714	0.003263001	0.0508	0.0083
0.02040043	0.004037801	0.0482	0.0077
0.02414198	0.00642802	0.0437888888889	0.00771111111111
0.02545842	0.005154175	0.0477	0.009
0.0260722	0.005600662	0.0500888888889	0.00871111111111
0.02764042	0.007458653	0.0413444444444	0.00825555555556
0.02561017	0.005150691	0.0508133333333	0.00836666666667
0.03029839	0.002576013	0.0422444444444	0.00875555555556
0.03273029	0.003386626	0.0432	0.0089
0.02249274	0.003269978	0.04894	0.0089
0.02148385	0.003958502	0.0413222222222	0.00827777777778
0.02293002	0.00703344	0.0417155555556	0.00804444444444
0.02992136	0.004909308	0.0508311111111	0.00828888888889
0.02766298	0.00430746	0.0465377777778	0.00762222222222
0.03054416	0.004931893	0.0475888888889	0.00901111111111
0.02556509	0.004130394	0.0443233333333	0.00766666666667
0.02475057	0.003117243	0.0506666666667	0.00853333333333
0.03412271	0.005112522	0.0506	0.0081
0.01633844	0.002117604	0.05032	0.008
0.03695075	0.007137553	0.0453777777778	0.00762222222222
0.02110107	0.005338978	0.0471866666667	0.00763333333333
0.02100529	0.00505072	0.0429922222222	0.00777777777778
0.01974551	0.006714553	0.0419	0.0087
0.02086162	0.003942613	0.0484	0.0077
0.02158313	0.007277135	0.0433666666667	0.00773333333333
0.02592042	0.006075382	0.0445777777778	0.00902222222222
0.02480054	0.004457354	0.0489888888889	0.00891111111111
0.03060584	0.005698368	0.0501555555556	0.00794444444444
0.0211521	0.004729092	0.0481311111111	0.00898888888889
0.03787735	0.002635487	0.0505155555556	0.00804444444444
0.02339419	0.002610134	0.0437	0.0077
0.03390993	0.005000577	0.0506888888889	0.00811111111111
0.03096066	0.003859506	0.0507555555556	0.00814444444444
0.02105218	0.005259156	0.0439822222222	0.00767777777778
0.01679795	0.006468262	0.0426888888889	0.00781111111111
0.01804673	0.00507527	0.0490144444444	0.00775555555556
0.02240055	0.006694341	0.0450555555556	0.00904444444444
0.02566237	0.002864837	0.0506222222222	0.00807777777778
0.01841942	0.004533436	0.0422111111111	0.00788888888889
0.03076059	0.004223328	0.04802	0.009
0.02761624	0.003511872	0.0492222222222	0.00777777777778
0.03164285	0.00495453	0.0492222222222	0.00777777777778
0.02601472	0.005906303	0.0444555555556	0.00764444444444
0.03060869	0.006303379	0.0467944444444	0.00905555555556
0.01531459	0.007730242	0.0509522222222	0.00827777777778
0.02864452	0.003374366	0.0506333333333	0.00806666666667
0.02957424	0.005664426	0.0458333333333	0.00906666666667
0.01944766	0.002846303	0.0477677777778	0.00902222222222
0.03399906	0.00565911	0.0507111111111	0.00808888888889
0.02435358	0.00371867	0.0479888888889	0.00901111111111
0.03358202	0.005321384	0.0504222222222	0.00867777777778
0.02179808	0.005204996	0.0465333333333	0.00906666666667
0.03130542	0.006568889	0.0443177777778	0.00902222222222
0.02667617	0.006380303	0.0423777777778	0.00882222222222
0.02505675	0.004773829	0.0435433333333	0.00896666666667
0.03323338	0.005470609	0.0473777777778	0.00762222222222
0.03038461	0.008032711	0.0503911111111	0.00868888888889
0.02848259	0.00181386	0.0476266666667	0.00763333333333
0.02868542	0.003568723	0.0492333333333	0.00776666666667
0.02688212	0.006160212	0.0492333333333	0.00776666666667
0.02495883	0.003618619	0.0505477777778	0.00802222222222
0.02828785	0.00567426	0.0507788888889	0.00811111111111
0.0227235	0.006450168	0.04666	0.0076
0.03126026	0.00593148	0.0509444444444	0.00845555555556
0.02346169	0.006331863	0.0493311111111	0.00888888888889
0.03246612	0.006792655	0.0424166666667	0.00883333333333
0.02195141	0.003364411	0.0435	0.0077
0.02472451	0.003175509	0.0424777777778	0.00782222222222
0.02838471	0.004618896	0.0510322222222	0.00837777777778
0.03302676	0.004150227	0.0452333333333	0.00906666666667
0.02692764	0.003400829	0.04995	0.0088
0.02105039	0.004484339	0.0438333333333	0.00766666666667
0.02489705	0.002353026	0.0509888888889	0.00821111111111
0.01953425	0.002989322	0.0491355555556	0.00774444444444
0.02109268	0.004339539	0.0429955555556	0.00774444444444
0.03119712	0.004311025	0.0507333333333	0.00806666666667
0.02773608	0.006301536	0.0447888888889	0.00761111111111
0.02947468	0.004090563	0.0428888888889	0.00891111111111
0.02269015	0.003370585	0.0490666666667	0.00773333333333
0.02327331	0.00388804	0.0423955555556	0.00884444444444
0.02339441	0.002561729	0.0510711111111	0.00838888888889
0.02276196	0.004527127	0.0414666666667	0.00803333333333
0.02708663	0.00489597	0.05	0.0088
0.02471894	0.004057972	0.0467111111111	0.00758888888889
0.023179	0.004989558	0.0444577777778	0.00762222222222
0.02014964	0.005967298	0.0411088888889	0.00821111111111
0.02467147	0.00311251	0.0421888888889	0.00881111111111
0.02637191	0.00426288	0.0506144444444	0.00865555555556
0.0285898	0.006254106	0.0425911111111	0.00778888888889
0.0316337	0.005364624	0.0503777777778	0.00872222222222
0.03100642	0.006410927	0.0506555555556	0.00864444444444
0.02248179	0.004019254	0.0410288888889	0.00831111111111
0.02588407	0.007608177	0.0410666666667	0.00823333333333
0.02349146	0.003298714	0.0411777777778	0.00852222222222
0.02373547	0.002750435	0.0441666666667	0.00763333333333
0.02159851	0.002490452	0.0414577777778	0.00802222222222
0.02605779	0.00498652	0.0422666666667	0.00883333333333
0.029803	0.003754427	0.0492555555556	0.00774444444444
0.03809951	0.004339575	0.0501222222222	0.00787777777778
0.02962227	0.004318543	0.0502333333333	0.00876666666667
0.02239768	0.003013139	0.04269	0.0089
0.02336063	0.00495461	0.0409911111111	0.00838888888889
0.03422129	0.005005174	0.0453911111111	0.00908888888889
0.02404082	0.004969056	0.0422777777778	0.00782222222222
0.02882429	0.004196424	0.0415111111111	0.00798888888889
0.02852023	0.003940028	0.0477344444444	0.00905555555556
0.03473349	0.004949447	0.0484344444444	0.00765555555556
0.02464315	0.003841906	0.0468511111111	0.00908888888889
0.0224556	0.00567015	0.0427777777778	0.00892222222222
0.02241544	0.004730054	0.0481666666667	0.00763333333333
0.02352962	0.004230737	0.0457333333333	0.00756666666667
0.02290053	0.005244776	0.0409188888889	0.00831111111111
0.03282434	0.003772393	0.0509	0.0086
0.01860239	0.005735102	0.04348	0.009
0.04092886	0.0041136	0.0480555555556	0.00904444444444
0.03049308	0.00411517	0.04552	0.0091
0.02192776	0.003409357	0.0489022222222	0.00897777777778
0.03165469	0.002968305	0.0449222222222	0.00757777777778
0.01694819	0.004449758	0.0432911111111	0.00898888888889
0.01462422	0.005127841	0.0507888888889	0.00801111111111
0.02534275	0.005300265	0.0495344444444	0.00775555555556
0.01876531	0.004960492	0.04963	0.0089
0.02672605	0.006121781	0.0415555555556	0.00794444444444
0.02459964	0.003715976	0.0422533333333	0.00886666666667
0.02880726	0.005403808	0.0414022222222	0.00797777777778
0.03432653	0.004648104	0.0485555555556	0.00764444444444
0.02252983	0.005731523	0.04499	0.0091
0.02166203	0.004780041	0.0413911111111	0.00868888888889
0.03261086	0.005597356	0.0467344444444	0.00755555555556
0.02777152	0.004829997	0.0421444444444	0.00885555555556
0.03062926	0.004866651	0.0453144444444	0.00755555555556
0.01939185	0.004575582	0.0438177777778	0.00762222222222
0.03071356	0.004900524	0.0408111111111	0.00828888888889
0.0272499	0.00337441	0.0510511111111	0.00858888888889
0.03379971	0.004060889	0.0458777777778	0.00912222222222
0.02940983	0.00488035	0.0510911111111	0.00808888888889
0.02924328	0.003403942	0.0473333333333	0.00756666666667
0.02582995	0.004882344	0.0408444444444	0.00845555555556
0.02249478	0.006289096	0.04478	0.0091
0.02167007	0.005701822	0.0501666666667	0.00883333333333
0.0288261	0.006889978	0.0464777777778	0.00912222222222
0.01347236	0.004808204	0.0411666666667	0.00863333333333
0.03246249	0.005973733	0.0512622222222	0.00817777777778
0.02761584	0.003916704	0.0465355555556	0.00754444444444
0.0345249	0.008165555	0.0476611111111	0.00908888888889
0.03479543	0.003576997	0.0513355555556	0.00824444444444
0.03125644	0.005992533	0.0435666666667	0.00903333333333
0.03521034	0.006320811	0.0494555555556	0.00894444444444
0.02071056	0.004976161	0.0408888888889	0.00851111111111
0.02900228	0.002924237	0.0454555555556	0.00754444444444
0.02644043	0.004615866	0.04466	0.0091
0.03222782	0.004189515	0.0477222222222	0.00757777777778
0.02193208	0.002757985	0.0477222222222	0.00757777777778
0.02951287	0.004143281	0.0484777777778	0.00762222222222
0.02956571	0.003825032	0.0480111111111	0.00758888888889
0.03270599	0.005877668	0.0480311111111	0.00758888888889
0.03355039	0.004632644	0.0458666666667	0.00913333333333
0.02248128	0.00662748	0.04451	0.0091
0.02625862	0.006527589	0.0511511111111	0.00858888888889
0.02810927	0.002605017	0.0408666666667	0.00853333333333
0.03633247	0.006190119	0.0512666666667	0.00813333333333
0.03167705	0.004665992	0.0473888888889	0.00911111111111
0.03112396	0.00677728	0.0474244444444	0.00755555555556
0.02142143	0.004329114	0.0416222222222	0.00787777777778
0.01806679	0.003818725	0.04772	0.0091
0.02727268	0.004740704	0.04202	0.0078
0.0286143	0.004446097	0.0503577777778	0.00882222222222
0.02189688	0.005228331	0.0509111111111	0.00868888888889
0.02568282	0.00226648	0.0416111111111	0.00878888888889
0.02898017	0.004524905	0.0514155555556	0.00844444444444
0.02208265	0.004453434	0.0420133333333	0.00886666666667
0.02544941	0.002869643	0.0422888888889	0.00891111111111
0.03584649	0.004124191	0.05148	0.0083
0.01957259	0.003616806	0.0430888888889	0.00901111111111
0.01778951	0.006419859	0.0434555555556	0.00904444444444
0.0210454	0.003922437	0.0485444444444	0.00905555555556
0.03357645	0.004166161	0.0457777777778	0.00752222222222
0.02002593	0.004485274	0.04372	0.0076
0.02991363	0.007956993	0.0503666666667	0.00783333333333
0.02582427	0.001792769	0.0420122222222	0.00887777777778
0.02537304	0.003483376	0.0433955555556	0.00904444444444
0.03204583	0.004544751	0.0515044444444	0.00825555555556
0.03659506	0.00498983	0.0467555555556	0.00914444444444
0.02054104	0.006083747	0.0413788888889	0.00791111111111
0.02470639	0.007120674	0.0407777777778	0.00812222222222
0.01632695	0.00750814	0.0511666666667	0.00863333333333
0.02204057	0.005087435	0.0407888888889	0.00811111111111
0.03325632	0.001661852	0.0514888888889	0.00821111111111
0.03205943	0.004057507	0.0501711111111	0.00778888888889
0.02217925	0.005621751	0.0418288888889	0.00781111111111
0.0224075	0.004151681	0.0405666666667	0.00833333333333
0.02375489	0.00570527	0.0511288888889	0.00801111111111
0.02323787	0.002988133	0.0415333333333	0.00786666666667
0.0320899	0.003588017	0.0515777777778	0.00832222222222
0.03062383	0.00375803	0.0513533333333	0.00856666666667
0.02770834	0.006283228	0.0494111111111	0.00898888888889
0.02152559	0.008160639	0.0476777777778	0.00912222222222
0.02158084	0.006539948	0.0512644444444	0.00805555555556
0.02899025	0.007569567	0.0450555555556	0.00914444444444
0.02510678	0.004586464	0.0415644444444	0.00785555555556
0.03112888	0.00481074	0.0508555555556	0.00874444444444
0.03280399	0.003062059	0.0494222222222	0.00767777777778
0.02925299	0.003657833	0.0432555555556	0.00904444444444
0.02249086	0.004742551	0.0512477777778	0.00862222222222
0.0309987	0.005280775	0.0417177777778	0.00782222222222
0.02366023	0.003795701	0.0499555555556	0.00774444444444
0.02527612	0.003476642	0.0492444444444	0.00765555555556
0.02667192	0.004025295	0.0405777777778	0.00822222222222
0.026629	0.003161376	0.0425	0.0077
0.02488008	0.005067104	0.0507111111111	0.00878888888889
0.02480885	0.004403367	0.0439333333333	0.00756666666667
0.02568475	0.00613209	0.0410111111111	0.00798888888889
0.01760015	0.007291587	0.0445666666667	0.00913333333333
0.02974258	0.002353249	0.0468744444444	0.00915555555556
0.0277205	0.004200511	0.0468888888889	0.00751111111111
0.0167651	0.003114934	0.0509466666667	0.00793333333333
0.02508188	0.003800489	0.0439	0.0091
0.02644006	0.007842931	0.0419111111111	0.00888888888889
0.02983276	0.0047201	0.0451444444444	0.00915555555556
0.02875683	0.004150082	0.0509666666667	0.00873333333333
0.02891699	0.00359142	0.0495222222222	0.00767777777778
0.02903296	0.006580402	0.0506644444444	0.00785555555556
0.02336433	0.005420951	0.0404977777778	0.00842222222222
0.02355271	0.004356895	0.0424	0.0077
0.02707858	0.003063902	0.0449888888889	0.00751111111111
0.02367917	0.00572005	0.0443966666667	0.00753333333333
0.02774527	0.004595004	0.0449688888889	0.00751111111111
0.02471726	0.004860334	0.0485122222222	0.00757777777778
0.02542926	0.003511267	0.0420555555556	0.00774444444444
0.02007094	0.002266251	0.0407333333333	0.00806666666667
0.02399671	0.003585163	0.0472888888889	0.00751111111111
0.02210017	0.003018386	0.0404333333333	0.00836666666667
0.03616583	0.005294542	0.0516666666667	0.00823333333333
0.02209116	0.006596008	0.0516311111111	0.00818888888889
0.03197812	0.004856671	0.0515888888889	0.00851111111111
0.02778896	0.003780864	0.0462111111111	0.00748888888889
0.03196973	0.004600901	0.0462222222222	0.00917777777778
0.02571208	0.00525643	0.0506777777778	0.00882222222222
0.02127879	0.002871469	0.0476555555556	0.00914444444444
0.0178001	0.005463808	0.0406933333333	0.00806666666667
0.02167864	0.005298642	0.0404	0.0083
0.02152041	0.002690106	0.0409111111111	0.00868888888889
0.02387787	0.003895919	0.0403888888889	0.00831111111111
0.02765897	0.007452452	0.0415888888889	0.00781111111111
0.02875505	0.003432582	0.0427477777778	0.00902222222222
0.01834163	0.004399534	0.0446444444444	0.00915555555556
0.02404186	0.005652058	0.0429555555556	0.00904444444444
0.02073088	0.004456691	0.0504933333333	0.00886666666667
0.02411573	0.007669267	0.0467022222222	0.00917777777778
0.02745191	0.006896241	0.0467022222222	0.00917777777778
0.02686792	0.004499596	0.0453222222222	0.00917777777778
0.03271105	0.004353001	0.0487111111111	0.00908888888889
0.02288073	0.005284637	0.0494377777778	0.00902222222222
0.02832708	0.003757865	0.0500555555556	0.00894444444444
0.02506867	0.008220488	0.0405444444444	0.00855555555556
0.0297999	0.003271295	0.0484444444444	0.00755555555556
0.02241893	0.008093348	0.0442277777778	0.00752222222222
0.02313334	0.00519659	0.0419666666667	0.00893333333333
0.03119669	0.006088106	0.0506777777778	0.00782222222222
0.03008353	0.005069453	0.0471111111111	0.00748888888889
0.0198871	0.002933275	0.0446733333333	0.00916666666667
0.02341086	0.006957521	0.0508444444444	0.00785555555556
0.01434356	0.006483087	0.0477444444444	0.00915555555556
0.02813612	0.004269258	0.0506444444444	0.00885555555556
0.03197671	0.007005377	0.0502777777778	0.00892222222222
0.03791536	0.002437386	0.0507666666667	0.00883333333333
0.02663799	0.004492985	0.0413666666667	0.00783333333333
0.01886551	0.007204205	0.0403188888889	0.00841111111111
0.02525463	0.003748472	0.0411111111111	0.00788888888889
0.02849404	0.00433648	0.0428888888889	0.00761111111111
0.03526767	0.003903731	0.05108	0.0079
0.02894746	0.005442671	0.0498511111111	0.00898888888889
0.02966157	0.003707963	0.0425555555556	0.00764444444444
0.02327271	0.005350088	0.0478888888889	0.00751111111111
0.02198718	0.004202453	0.04766	0.0075
0.02741325	0.005608143	0.0412777777778	0.00882222222222
0.03382088	0.00355011	0.04599	0.0092
0.0281191	0.005643351	0.04635	0.0092
0.02741569	0.006015474	0.0428444444444	0.00905555555556
0.03021479	0.004277728	0.0513333333333	0.00796666666667
0.02408438	0.004428216	0.0409888888889	0.00791111111111
0.03552463	0.005560768	0.0470722222222	0.00747777777778
0.03405451	0.003455117	0.0518555555556	0.00824444444444
0.02221477	0.007477927	0.0492	0.0076
0.02676222	0.003476988	0.0403222222222	0.00847777777778
0.02567487	0.00293864	0.0434444444444	0.00755555555556
0.02525255	0.004596461	0.0488333333333	0.00756666666667
0.01757688	0.004821884	0.0411888888889	0.00881111111111
0.02867866	0.004021497	0.0511688888889	0.00791111111111
0.01485328	0.00503936	0.0422222222222	0.00767777777778
0.03741323	0.003708741	0.0483866666667	0.00913333333333
0.02761502	0.004892017	0.0403111111111	0.00818888888889
0.02610981	0.007015925	0.0418266666667	0.00893333333333
0.02341712	0.005718158	0.0487244444444	0.00755555555556
0.03318311	0.004105961	0.04925	0.0076
0.02453087	0.003798033	0.0475911111111	0.00748888888889
0.02422481	0.006088248	0.0517288888889	0.00811111111111
0.02775602	0.002641528	0.0468833333333	0.00746666666667
0.02578775	0.005168069	0.0476222222222	0.00917777777778
0.03144371	0.004555637	0.0436666666667	0.00913333333333
0.02988895	0.003383098	0.0514311111111	0.00868888888889
0.02456885	0.004950257	0.0402911111111	0.00848888888889
0.02541836	0.005105691	0.0473722222222	0.00747777777778
0.03502393	0.004920495	0.0438155555556	0.00914444444444
0.030687	0.003350133	0.0518244444444	0.00815555555556
0.01670609	0.008253578	0.0417666666667	0.00773333333333
0.02735587	0.006467383	0.0410311111111	0.00878888888889
0.02272603	0.005195323	0.0429222222222	0.00907777777778
0.03082251	0.00959879	0.0516833333333	0.00806666666667
0.02918293	0.004551493	0.0512	0.0079
0.02021806	0.003393743	0.0411555555556	0.00784444444444
0.02831568	0.004020409	0.0519377777778	0.00842222222222
0.02016936	0.006368536	0.0408355555556	0.00874444444444
0.02700701	0.007575339	0.0439044444444	0.00915555555556
0.03065126	0.003134463	0.0480333333333	0.00916666666667
0.02238549	0.005596128	0.0424566666667	0.00903333333333
0.02372093	0.004471723	0.0472333333333	0.00746666666667
0.02586412	0.005443808	0.0512644444444	0.00875555555556
0.02013265	0.00524418	0.0423555555556	0.00764444444444
0.03460324	0.003064361	0.0419333333333	0.00896666666667
0.01951793	0.003437261	0.0494	0.0076
0.03470706	0.002519029	0.0519444444444	0.00845555555556
0.02580504	0.004356025	0.0489444444444	0.00755555555556
0.02986492	0.006294857	0.0411466666667	0.00883333333333
0.02345699	0.003924839	0.0402666666667	0.00813333333333
0.02934117	0.003041257	0.0513455555556	0.00874444444444
0.01671835	0.004610136	0.0425888888889	0.00761111111111
0.02061132	0.006767299	0.04269	0.0076
0.02897295	0.00700224	0.0519777777778	0.00822222222222
0.03072658	0.003614729	0.0464555555556	0.00744444444444
0.03298025	0.006321818	0.0464877777778	0.00922222222222
0.01976508	0.006673947	0.0516	0.008
0.03515259	0.005841941	0.0512111111111	0.00878888888889
0.01773234	0.004633835	0.0499788888889	0.00901111111111
0.03009689	0.006902282	0.0490388888889	0.00911111111111
0.02296822	0.003378812	0.0433666666667	0.00753333333333
0.02473125	0.004693957	0.0445333333333	0.00746666666667
0.03082855	0.004561874	0.0504555555556	0.00894444444444
0.03419813	0.005151723	0.05132	0.0079
0.02434184	0.005956826	0.0520622222222	0.00837777777778
0.03701771	0.005013434	0.0518222222222	0.00807777777778
0.02456813	0.003751136	0.0445	0.0092
0.01486812	0.009889171	0.0426	0.0076
0.03108155	0.005961813	0.0519555555556	0.00814444444444
0.01725228	0.005356528	0.0462066666667	0.00743333333333
0.02186216	0.002494369	0.0415666666667	0.00773333333333
0.02968499	0.004289783	0.0477333333333	0.00746666666667
0.01856081	0.005527796	0.0520111111111	0.00848888888889
0.03230348	0.004890423	0.0511455555556	0.00784444444444
0.02844939	0.003670167	0.0506555555556	0.00774444444444
0.02447692	0.007081117	0.0404711111111	0.00798888888889
0.03266323	0.0057223	0.0435444444444	0.00915555555556
0.02690443	0.003177524	0.0446044444444	0.00745555555556
0.02419981	0.003498067	0.0405333333333	0.00796666666667
0.02817181	0.004001816	0.0520755555556	0.00844444444444
0.02788409	0.00372474	0.0487777777778	0.00752222222222
0.02669718	0.002589386	0.0448355555556	0.00744444444444
0.0213971	0.00682887	0.0519777777778	0.00812222222222
0.02475209	0.003259538	0.0440222222222	0.00747777777778
0.02428777	0.003573555	0.0400533333333	0.00846666666667
0.03080005	0.004240946	0.0428	0.0091
0.02828057	0.003916637	0.0485	0.0075
0.0331212	0.002428823	0.051	0.0078
0.02900363	0.004438154	0.0517111111111	0.00798888888889
0.01819934	0.005175109	0.0463755555556	0.00924444444444
0.0238107	0.005545133	0.0412222222222	0.00777777777778
0.02237644	0.004473333	0.0496111111111	0.00758888888889
0.02334991	0.005376935	0.0412122222222	0.00777777777778
0.02298028	0.004439228	0.0494	0.0091
0.02808605	0.002062923	0.0477888888889	0.00921111111111
0.0341058	0.005052082	0.0449666666667	0.00743333333333
0.02419263	0.003776874	0.0515455555556	0.00874444444444
0.03391269	0.004317084	0.0508288888889	0.00891111111111
0.03211364	0.003482245	0.0498444444444	0.00905555555556
0.02250389	0.005982268	0.0453755555556	0.00924444444444
0.02806151	0.004011106	0.04044	0.0087
0.02544132	0.003968883	0.04107	0.0078
0.02116666	0.003082998	0.0401044444444	0.00855555555556
0.02334829	0.004545486	0.04865	0.0075
0.03018714	0.004893213	0.0509611111111	0.00888888888889
0.02607224	0.004876001	0.0468555555556	0.00924444444444
0.03251597	0.00364236	0.0438222222222	0.00747777777778
0.02961329	0.00276431	0.0511777777778	0.00782222222222
0.02236246	0.005904482	0.0407222222222	0.00787777777778
0.03093953	0.004626159	0.0521777777778	0.00822222222222
0.02497918	0.0060583	0.0425511111111	0.00908888888889
0.02389683	0.005187871	0.0479188888889	0.00921111111111
0.02448182	0.003219962	0.0420666666667	0.00763333333333
0.03081398	0.003693588	0.0473666666667	0.00923333333333
0.03273188	0.007082845	0.0473666666667	0.00743333333333
0.0248688	0.003906769	0.0447666666667	0.00743333333333
0.02749317	0.003741461	0.0469555555556	0.00924444444444
0.03380317	0.005972479	0.0520488888889	0.00811111111111
0.024305	0.003775624	0.0469777777778	0.00742222222222
0.0343968	0.005823174	0.0423333333333	0.00906666666667
0.02376694	0.005638934	0.0401844444444	0.00805555555556
0.02837354	0.003284633	0.0470355555556	0.00924444444444
0.03364473	0.0046065	0.0518233333333	0.00866666666667
0.02592269	0.006130922	0.0493888888889	0.00911111111111
0.03394311	0.003875814	0.0521888888889	0.00821111111111
0.03431322	0.005687427	0.0507666666667	0.00893333333333
0.02055054	0.004270642	0.0507077777778	0.00772222222222
0.02789949	0.003794392	0.0511333333333	0.00886666666667
0.02836017	0.005021595	0.0399333333333	0.00846666666667
0.02749926	0.004350162	0.0503733333333	0.00766666666667
0.02589969	0.005429324	0.0505222222222	0.00897777777778
0.02309467	0.003127774	0.0409444444444	0.00885555555556
0.02562541	0.007039357	0.0494444444444	0.00755555555556
0.02128587	0.005187522	0.0438333333333	0.00746666666667
0.02610833	0.006226012	0.0512555555556	0.00884444444444
0.01882202	0.006093479	0.0415822222222	0.00897777777778
0.03708826	0.004369787	0.0483333333333	0.00746666666667
0.02955228	0.003664369	0.0447577777778	0.00742222222222
0.02603728	0.003808936	0.0498222222222	0.00907777777778
0.03339596	0.005312559	0.0398555555556	0.00824444444444
0.03062088	0.006840994	0.0427377777778	0.00912222222222
0.01895183	0.003398785	0.0402911111111	0.00868888888889
0.02777175	0.003635743	0.0415222222222	0.00897777777778
0.03644225	0.002857224	0.0518333333333	0.00796666666667
0.01880723	0.003514352	0.0430644444444	0.00915555555556
0.02155197	0.004439005	0.0523333333333	0.00836666666667
0.03339365	0.004991183	0.0516688888889	0.00791111111111
0.0301728	0.003604138	0.0472044444444	0.00925555555556
0.01934539	0.004886213	0.0511222222222	0.00777777777778
0.02340501	0.004300708	0.0411777777778	0.00892222222222
0.03195909	0.006936133	0.0509577777778	0.00892222222222
