root_height	pop_size	pi_net	pi_within
0.03625511	0.005328835	0.06826	0.0149
0.03580276	0.004884184	0.0678388888889	0.0149111111111
0.04352506	0.004243072	0.0684	0.0149
0.03911982	0.005589649	0.0676822222222	0.0148777777778
0.03706662	0.005361266	0.0682255555556	0.0149444444444
0.02665088	0.008938423	0.0683444444444	0.0149555555556
0.01965966	0.006919672	0.0677844444444	0.0149555555556
0.03450133	0.008593464	0.0678233333333	0.0149666666667
0.02853948	0.00805266	0.0676133333333	0.0149666666667
0.04605161	0.0126022	0.0684133333333	0.0147666666667
0.04295732	0.009317439	0.0688466666667	0.0149333333333
0.04451994	0.003829096	0.0676833333333	0.0147666666667
0.03458034	0.006601582	0.0683444444444	0.0147555555556
0.04164606	0.007963724	0.0680777777778	0.0150222222222
0.03613969	0.003356374	0.0684888888889	0.0150111111111
0.02954932	0.009379564	0.0678666666667	0.0147333333333
0.04240079	0.005300336	0.0672	0.0148
0.03986728	0.006895679	0.0679888888889	0.0147111111111
0.04046894	0.005308023	0.0676888888889	0.0147111111111
0.04051774	0.004703779	0.0688777777778	0.0150222222222
0.04618407	0.006353506	0.0668888888889	0.0148111111111
0.04262438	0.003314119	0.0684911111111	0.0146888888889
0.03319434	0.006186077	0.0691911111111	0.0149888888889
0.04333805	0.005773032	0.0672666666667	0.0150333333333
0.04468858	0.007734711	0.0693888888889	0.0148111111111
0.03869715	0.008885217	0.0686833333333	0.0150666666667
0.03413058	0.00501605	0.0676622222222	0.0146777777778
0.03792231	0.009726057	0.0692288888889	0.0150111111111
0.03677082	0.006540178	0.0669677777778	0.0150222222222
0.04698806	0.007738738	0.0675911111111	0.0150888888889
0.0426856	0.007663662	0.0691777777778	0.0147222222222
0.03815974	0.005538231	0.0694333333333	0.0147666666667
0.04116006	0.007036591	0.0667122222222	0.0149777777778
0.03634237	0.005130324	0.0695444444444	0.0149555555556
0.04892161	0.005601142	0.0693555555556	0.0147444444444
0.04662508	0.005553343	0.0680555555556	0.0146444444444
0.01554015	0.006396829	0.0672722222222	0.0146777777778
0.03831261	0.008150695	0.0664888888889	0.0149111111111
0.04123819	0.007093812	0.06949	0.015
0.0386196	0.005548541	0.0673644444444	0.0146555555556
0.03496938	0.004974209	0.0697266666667	0.0148333333333
0.04313791	0.006040275	0.06968	0.0148
0.04512976	0.009183526	0.0666677777778	0.0150222222222
0.03756001	0.00397122	0.0697777777778	0.0148222222222
0.03677965	0.006073618	0.0687277777778	0.0151222222222
0.03272288	0.007612981	0.0686377777778	0.0146222222222
0.03601964	0.007720318	0.0672666666667	0.0146333333333
0.04686828	0.006683409	0.0687777777778	0.0146222222222
0.03966951	0.0053663	0.0698888888889	0.0148111111111
0.04385618	0.006872029	0.0664244444444	0.0147555555556
0.04330891	0.004454384	0.06695	0.0151
0.03530806	0.003966952	0.0674488888889	0.0146111111111
0.03911193	0.005816022	0.0691888888889	0.0151111111111
0.03841982	0.005643086	0.0680733333333	0.0151666666667
0.04059187	0.004640763	0.06656	0.0147
0.04132256	0.005602855	0.0693444444444	0.0146555555556
0.03013024	0.00377086	0.0700177777778	0.0149222222222
0.03714449	0.004990517	0.0662333333333	0.0149666666667
0.04091884	0.00701213	0.0669777777778	0.0151222222222
0.03505435	0.006278891	0.0699333333333	0.0147666666667
0.03246853	0.006487679	0.0698688888889	0.0150111111111
0.04609946	0.006617665	0.0699822222222	0.0149777777778
0.03419985	0.007623728	0.0698266666667	0.0150333333333
0.03835427	0.01133367	0.0669477777778	0.0146222222222
0.03698068	0.007104414	0.0695344444444	0.0146555555556
0.04389077	0.006185785	0.0660388888889	0.0148111111111
0.04349887	0.009669334	0.0701677777778	0.0148222222222
0.04573569	0.00542791	0.0698888888889	0.0147111111111
0.04420499	0.006766309	0.0689911111111	0.0145888888889
0.04716928	0.007770754	0.0662688888889	0.0147111111111
0.0453585	0.008309481	0.06797	0.0152
0.04830701	0.007461932	0.0675011111111	0.0151888888889
0.03664879	0.005583381	0.0702888888889	0.0148111111111
0.03528923	0.009302803	0.0703388888889	0.0149111111111
0.04135684	0.00416734	0.0697255555556	0.0146444444444
0.03087252	0.005379344	0.0695977777778	0.0146222222222
0.03903244	0.00483051	0.0701666666667	0.0147333333333
0.04779325	0.005158022	0.0697955555556	0.0146444444444
0.03624123	0.008043829	0.06901	0.0152
0.04494503	0.00743353	0.0702266666667	0.0150333333333
0.03970849	0.005854165	0.0697666666667	0.0151333333333
0.04249399	0.008110818	0.0703733333333	0.0147666666667
0.03560749	0.007990713	0.07035	0.015
0.03886464	0.005644703	0.0656777777778	0.0148222222222
0.04409209	0.005084295	0.0702133333333	0.0150666666667
0.04170049	0.005283102	0.0665533333333	0.0151666666667
0.04195156	0.009481836	0.0693044444444	0.0145555555556
0.04857119	0.006926042	0.0705355555556	0.0149444444444
0.03634203	0.006721901	0.0688666666667	0.0152333333333
0.03369253	0.007489892	0.0657011111111	0.0149888888889
0.03844782	0.004422459	0.0681	0.0145
0.04083929	0.003323894	0.0657888888889	0.0147111111111
0.03863722	0.006703557	0.0655322222222	0.0148777777778
0.03580164	0.005872075	0.0676644444444	0.0152555555556
0.02953628	0.008296551	0.0660488888889	0.0151111111111
0.03225952	0.008968195	0.0657377777778	0.0147222222222
0.04406453	0.005273094	0.0706333333333	0.0149666666667
0.0425082	0.00269964	0.0678111111111	0.0144888888889
0.0416525	0.00606958	0.0700088888889	0.0146111111111
0.0353432	0.009057744	0.0654888888889	0.0148111111111
0.03430658	0.005188818	0.0657822222222	0.0150777777778
0.02380898	0.006077343	0.06721	0.0145
0.04454994	0.006212603	0.0699022222222	0.0151777777778
0.03303346	0.008783345	0.0676422222222	0.0144777777778
0.03087886	0.003731512	0.0655255555556	0.0147444444444
0.0440378	0.00699148	0.0708177777778	0.0148222222222
0.03641378	0.01249702	0.0659366666667	0.0151333333333
0.03588757	0.005714418	0.0661233333333	0.0151666666667
0.03440371	0.008032185	0.0692	0.0145
0.02655361	0.005232248	0.0654022222222	0.0149777777778
0.03406089	0.006118213	0.0687333333333	0.0144666666667
0.04368018	0.00750985	0.0707788888889	0.0150111111111
0.02125153	0.008448707	0.0673333333333	0.0144666666667
0.04214925	0.004682048	0.0667244444444	0.0152555555556
0.0401632	0.005635034	0.0709111111111	0.0147888888889
0.04255173	0.004852612	0.0672111111111	0.0152888888889
0.04006558	0.009764958	0.0656455555556	0.0146444444444
0.044378	0.006276609	0.0684355555556	0.0144444444444
0.0362632	0.007956122	0.0702222222222	0.0145777777778
0.03815726	0.0050715	0.0693122222222	0.0152777777778
0.030741	0.007942818	0.0662377777778	0.0152222222222
0.04138486	0.00424584	0.0695111111111	0.0144888888889
0.04825386	0.005268385	0.0690244444444	0.0144555555556
0.03675584	0.01275874	0.0653533333333	0.0150666666667
0.04646069	0.008161437	0.0699477777778	0.0145222222222
0.03895659	0.007099615	0.0690555555556	0.0144444444444
0.04396681	0.008070511	0.06984	0.0145
0.03886352	0.008986391	0.0660466666667	0.0145333333333
0.04043587	0.007439108	0.0650822222222	0.0149777777778
0.04071064	0.009614784	0.0676077777778	0.0144222222222
0.02803532	0.009437497	0.0711822222222	0.0148777777778
0.04464755	0.004768994	0.0709433333333	0.0150666666667
0.04312919	0.005008087	0.0651788888889	0.0147111111111
0.04389368	0.004490705	0.0679855555556	0.0153444444444
0.0398229	0.008071148	0.0692588888889	0.0153111111111
0.04578255	0.009394299	0.0657433333333	0.0145666666667
0.03568881	0.004902345	0.0652111111111	0.0146888888889
0.0431934	0.00663651	0.0705222222222	0.0145777777778
0.04268486	0.008444232	0.0659277777778	0.0152222222222
0.04252805	0.006725867	0.0706033333333	0.0151666666667
0.0453103	0.006765108	0.0662511111111	0.0144888888889
0.02978225	0.00705409	0.0697833333333	0.0144666666667
0.02319523	0.00984263	0.0657555555556	0.0145444444444
0.04623276	0.004275888	0.0648888888889	0.0148111111111
0.03217218	0.005735647	0.0689355555556	0.0153444444444
0.04119435	0.005202571	0.0711866666667	0.0147333333333
0.03136914	0.006411602	0.0711877777778	0.0147222222222
0.04595366	0.005315666	0.0713566666667	0.0149333333333
0.04975554	0.007643573	0.0699633333333	0.0144666666667
0.04071826	0.005858143	0.0687033333333	0.0153666666667
0.04403073	0.00592197	0.0681022222222	0.0153777777778
0.03316529	0.008233609	0.0691444444444	0.0153555555556
0.04256805	0.006356524	0.0665066666667	0.0144333333333
0.03623757	0.00424255	0.0669844444444	0.0153555555556
0.04125429	0.005172366	0.0697177777778	0.0153222222222
0.04129432	0.007437097	0.07115	0.0151
0.03204807	0.006491484	0.0687522222222	0.0143777777778
0.0468346	0.007218939	0.07117	0.0151
0.04958794	0.003906868	0.0715222222222	0.0148777777778
0.03771028	0.006412947	0.0662555555556	0.0144444444444
0.044451	0.007180214	0.0693444444444	0.0153555555556
0.02946002	0.0101211	0.0647222222222	0.0147777777778
0.04541712	0.005184545	0.0708822222222	0.0151777777778
0.0437805	0.005637916	0.0684533333333	0.0143666666667
0.03675227	0.004016408	0.0646666666667	0.0149333333333
0.0373201	0.006661893	0.0664677777778	0.0144222222222
0.03129746	0.009425182	0.06539	0.0152
0.04226833	0.005299174	0.0663177777778	0.0153222222222
0.0428163	0.006484513	0.0690222222222	0.0143777777778
0.04284692	0.004087739	0.0715488888889	0.0148111111111
0.03670444	0.008392779	0.0713522222222	0.0146777777778
0.0427315	0.003922886	0.0657911111111	0.0152888888889
0.04518687	0.005320706	0.0712466666667	0.0151333333333
0.03429194	0.003298232	0.0716433333333	0.0149666666667
0.04255088	0.004326156	0.06552	0.0145
0.03471426	0.003791533	0.0645422222222	0.0149777777778
0.03988437	0.008402421	0.0712355555556	0.0151444444444
0.0375656	0.006756311	0.06582	0.0153
0.04313764	0.006950778	0.0700666666667	0.0153333333333
0.03811206	0.006415063	0.0703744444444	0.0144555555556
0.04281468	0.004793948	0.0646711111111	0.0146888888889
0.02939573	0.006391431	0.0676866666667	0.0143333333333
0.03230379	0.007738727	0.0667511111111	0.0153888888889
0.04399305	0.008589813	0.0700288888889	0.0144111111111
0.04160235	0.005790861	0.0667033333333	0.0143666666667
0.0432897	0.005008523	0.0712022222222	0.0145777777778
0.03586062	0.005441418	0.0645555555556	0.0150444444444
0.03006717	0.008795145	0.0679866666667	0.0154333333333
0.04122513	0.005797483	0.0706311111111	0.0152888888889
0.02619755	0.004372386	0.0654622222222	0.0144777777778
0.04513229	0.006394272	0.0718511111111	0.0148888888889
0.0291602	0.007858757	0.0687177777778	0.0143222222222
0.03288784	0.005312626	0.06559	0.0153
0.03764897	0.007585189	0.0643144444444	0.0148555555556
0.04376203	0.01242235	0.0646777777778	0.0151222222222
0.04494382	0.004723571	0.0688266666667	0.0154333333333
0.02220808	0.006613866	0.0681888888889	0.0143111111111
0.04668772	0.004727898	0.0683988888889	0.0143111111111
0.03585929	0.004749035	0.0704666666667	0.0144333333333
0.02782034	0.00802022	0.0689066666667	0.0154333333333
0.04845262	0.005469934	0.0689377777778	0.0143222222222
0.03510113	0.005618182	0.0669666666667	0.0143333333333
0.03997675	0.007879208	0.0715577777778	0.0151222222222
0.05122065	0.005662322	0.0718822222222	0.0147777777778
0.04070326	0.00809702	0.0704466666667	0.0153333333333
0.03224632	0.008203216	0.0646755555556	0.0151444444444
0.04509177	0.006316894	0.0688955555556	0.0154444444444
0.0442008	0.005998344	0.06469	0.0146
0.04115689	0.006799547	0.0719488888889	0.0148111111111
0.0344881	0.008335955	0.0717111111111	0.0150888888889
0.04980651	0.007666487	0.0706788888889	0.0153111111111
0.0398309	0.004494451	0.0651911111111	0.0144888888889
0.04578302	0.005993833	0.0668666666667	0.0154333333333
0.03135988	0.005964992	0.0659311111111	0.0143888888889
0.04698482	0.006086772	0.0719933333333	0.0149666666667
0.03851667	0.006386728	0.0660511111111	0.0153888888889
0.04478918	0.006800268	0.0706577777778	0.0144222222222
0.0360967	0.004056023	0.0719	0.0147
0.02940081	0.005855107	0.0642555555556	0.0150444444444
0.03754297	0.007023849	0.0707777777778	0.0153222222222
0.04584514	0.008167204	0.0662688888889	0.0154111111111
0.02675826	0.005627701	0.06416	0.015
0.04101582	0.003942279	0.0678222222222	0.0142777777778
0.03282819	0.006812616	0.0716311111111	0.0145888888889
0.03170322	0.007280109	0.0702733333333	0.0143666666667
0.03850229	0.005746737	0.0646955555556	0.0145444444444
0.04746885	0.005440982	0.0715911111111	0.0151888888889
0.03408613	0.007085439	0.0709755555556	0.0144444444444
0.03572172	0.005555971	0.0680233333333	0.0142666666667
0.03172002	0.004715871	0.0641933333333	0.0150666666667
0.03035544	0.004363204	0.0657222222222	0.0153777777778
0.04393914	0.006218974	0.0640155555556	0.0149444444444
0.03833993	0.008089652	0.0702444444444	0.0143555555556
0.04470676	0.003859737	0.0718777777778	0.0151222222222
0.03631179	0.005653034	0.0640222222222	0.0149777777778
0.0424904	0.004143436	0.0643655555556	0.0151444444444
0.03821375	0.004997193	0.0720022222222	0.0150777777778
0.04438094	0.007887718	0.0704533333333	0.0143666666667
0.03062411	0.008139853	0.0663888888889	0.0143111111111
0.03832321	0.007054367	0.06806	0.0155
0.04129082	0.004398309	0.0640188888889	0.0150111111111
0.0387637	0.005259594	0.0702555555556	0.0143444444444
0.0415574	0.00728956	0.06777	0.0155
0.01785532	0.008960876	0.0641322222222	0.0150777777778
0.03530216	0.006447413	0.0712	0.0153
0.04085568	0.005920235	0.0638888888889	0.0149111111111
0.04036535	0.005492138	0.0703288888889	0.0154111111111
0.02880084	0.004893124	0.0670733333333	0.0142666666667
0.02664267	0.007500083	0.0639877777778	0.0150222222222
0.04501747	0.01033471	0.0641688888889	0.0151111111111
0.03777062	0.01176802	0.0723066666667	0.0148333333333
0.04630242	0.00522366	0.0672344444444	0.0142555555556
0.03862502	0.005008115	0.0639888888889	0.0147111111111
0.03876237	0.00630917	0.06564	0.0154
0.04181568	0.007786693	0.0640655555556	0.0146444444444
0.04636049	0.004042028	0.0683577777778	0.0155222222222
0.04189725	0.004959219	0.0657666666667	0.0143333333333
0.02676375	0.006146961	0.0637655555556	0.0148444444444
0.04351762	0.006552558	0.0704577777778	0.0154222222222
0.03697709	0.006921446	0.0717777777778	0.0152222222222
0.03872351	0.00763019	0.0716888888889	0.0145111111111
0.05139143	0.009273529	0.0691088888889	0.0155111111111
0.04056211	0.007301105	0.0715933333333	0.0152666666667
0.03952579	0.006381789	0.0640777777778	0.0146222222222
0.03654619	0.005905122	0.0723933333333	0.0147666666667
0.03766423	0.009942758	0.07166	0.0145
0.03548993	0.004698791	0.0639033333333	0.0150666666667
0.04317255	0.005244219	0.0640266666667	0.0146333333333
0.03498512	0.006382424	0.0639233333333	0.0146666666667
0.03954203	0.004640304	0.0700611111111	0.0142888888889
0.03389034	0.004343124	0.0638255555556	0.0150444444444
0.03001398	0.008972949	0.0655866666667	0.0143333333333
0.03005105	0.005213843	0.0721488888889	0.0146111111111
0.03882457	0.005390416	0.0670666666667	0.0142333333333
0.03719144	0.007836247	0.0640288888889	0.0146111111111
0.0405708	0.005058692	0.0688466666667	0.0155333333333
0.04100697	0.004025833	0.0638	0.0147
0.03722416	0.009042604	0.0711333333333	0.0153666666667
0.04292329	0.005768112	0.0671666666667	0.0155333333333
0.04509142	0.004551983	0.0685588888889	0.0142111111111
0.03182783	0.00682274	0.0686755555556	0.0155444444444
0.03994856	0.006198847	0.0711811111111	0.0143888888889
0.03829333	0.006662145	0.0717711111111	0.0144888888889
0.0411642	0.006065336	0.0701422222222	0.0154777777778
0.03611396	0.006289768	0.06576	0.0143
0.04067714	0.007158343	0.0636388888889	0.0150111111111
0.03712708	0.007948646	0.0640533333333	0.0145666666667
0.05199134	0.006290728	0.0707466666667	0.0154333333333
0.03967846	0.003549593	0.0702822222222	0.0142777777778
0.03633509	0.004955107	0.0639333333333	0.0151666666667
0.03896055	0.004655721	0.0644133333333	0.0144666666667
0.04530591	0.005209227	0.0722522222222	0.0151777777778
0.03697024	0.006514298	0.0662488888889	0.0155111111111
0.04426786	0.00567374	0.0659033333333	0.0142666666667
0.03314274	0.004206755	0.06712	0.0142
0.03913738	0.005315431	0.07237	0.0146
0.04801715	0.009815449	0.0702	0.0155
0.04920528	0.004751173	0.0726777777778	0.0150222222222
0.04477208	0.009924368	0.0651377777778	0.0154222222222
0.04090884	0.01194159	0.0645066666667	0.0153333333333
0.03717927	0.003096826	0.0661977777778	0.0155222222222
0.0486221	0.004425496	0.0724877777778	0.0146222222222
0.03663645	0.00648434	0.07156	0.0144
0.03171549	0.00481341	0.0645555555556	0.0153444444444
0.03876656	0.008349714	0.0649788888889	0.0154111111111
0.04587938	0.008304308	0.0709488888889	0.0143111111111
0.0418903	0.00624626	0.0681433333333	0.0141666666667
0.04359384	0.005377206	0.0672422222222	0.0141777777778
0.04808072	0.005889946	0.0710666666667	0.0154333333333
0.03899749	0.006705692	0.0717577777778	0.0144222222222
0.04079932	0.008034365	0.0724222222222	0.0151777777778
0.04270783	0.004774827	0.0653511111111	0.0142888888889
0.03804089	0.004887872	0.0667133333333	0.0155666666667
0.03870306	0.008636838	0.0681444444444	0.0141555555556
0.04380445	0.006383668	0.06788	0.0156
0.0208357	0.006963912	0.0729333333333	0.0148666666667
0.03301495	0.006958617	0.0718666666667	0.0153333333333
0.03125234	0.00768911	0.0707333333333	0.0142666666667
0.03945241	0.008620306	0.0658266666667	0.0142333333333
0.04132806	0.004401219	0.0634755555556	0.0146444444444
0.03997009	0.005460559	0.0714944444444	0.0143555555556
0.04111291	0.007906032	0.0727822222222	0.0146777777778
0.04248755	0.004745595	0.0725033333333	0.0145666666667
0.0481644	0.008239172	0.0728888888889	0.0150111111111
0.0314838	0.00599528	0.0651	0.0143
0.03607565	0.005922015	0.0728688888889	0.0147111111111
0.03987735	0.004129777	0.0725	0.0152
0.02319729	0.006001315	0.0701388888889	0.0142111111111
0.03931456	0.006508023	0.0712088888889	0.0143111111111
0.03802777	0.004501614	0.0668733333333	0.0141666666667
0.04412598	0.00551396	0.0709222222222	0.0142777777778
0.04581256	0.005870052	0.0709222222222	0.0142777777778
0.03563418	0.008150871	0.0726977777778	0.0146222222222
0.04817396	0.005100958	0.0719666666667	0.0153333333333
0.03588618	0.005215676	0.0646888888889	0.0154111111111
0.03277541	0.008371785	0.0703677777778	0.0142222222222
0.04364851	0.005405208	0.0716611111111	0.0153888888889
0.03304622	0.00440724	0.0645111111111	0.0153888888889
0.04634819	0.005882934	0.0645111111111	0.0153888888889
0.02406666	0.005780647	0.0714566666667	0.0143333333333
0.0478843	0.003529055	0.0704277777778	0.0142222222222
0.04866905	0.004770562	0.0717111111111	0.0153888888889
0.04049307	0.004178479	0.0680666666667	0.0141333333333
0.0296584	0.004889437	0.0727144444444	0.0151555555556
0.04449953	0.007140189	0.0631022222222	0.0148777777778
0.02738067	0.004651148	0.06937	0.0156
0.03478172	0.005901707	0.0642444444444	0.0153555555556
0.0313	0.007560137	0.0643722222222	0.0153777777778
0.04021329	0.006506528	0.0685666666667	0.0141333333333
0.03141627	0.007897116	0.06396	0.0153
0.02900408	0.005978449	0.0641166666667	0.0153333333333
0.0354523	0.005902379	0.0726533333333	0.0145666666667
0.03182615	0.009381048	0.0647755555556	0.0154444444444
0.04510779	0.008848093	0.0638222222222	0.0144777777778
0.0405356	0.005442813	0.0703	0.0142
0.04050336	0.004709083	0.0653488888889	0.0155111111111
0.04832703	0.00717526	0.0680166666667	0.0156333333333
0.03216867	0.008391622	0.0730566666667	0.0147333333333
0.04311331	0.005963686	0.0725577777778	0.0145222222222
0.03273566	0.005818899	0.0728288888889	0.0146111111111
0.03323877	0.003632575	0.0714488888889	0.0143111111111
0.03746313	0.007804412	0.06962	0.0156
0.03813317	0.007541149	0.0670966666667	0.0141333333333
0.03915633	0.007107494	0.0721155555556	0.0153444444444
0.04631497	0.005957385	0.06647	0.0156
0.03843541	0.005486886	0.0630133333333	0.0149666666667
0.02083913	0.009517681	0.0629877777778	0.0148222222222
0.02155213	0.005966774	0.0680755555556	0.0156444444444
0.04780249	0.004668106	0.0724311111111	0.0152888888889
0.04541409	0.007517988	0.0730944444444	0.0150555555556
0.05014917	0.006104126	0.07213	0.0144
0.05608684	0.0102174	0.0710188888889	0.0155111111111
0.03929682	0.007138859	0.0629477777778	0.0149222222222
0.0184012	0.008103892	0.0634388888889	0.0152111111111
0.05451035	0.009338169	0.0670466666667	0.0156333333333
0.0371244	0.009018956	0.0719611111111	0.0153888888889
0.04375295	0.006922906	0.0659022222222	0.0141777777778
0.03476725	0.006703228	0.0641422222222	0.0143777777778
0.04182219	0.008166351	0.0712811111111	0.0154888888889
0.03820441	0.003884147	0.0629022222222	0.0148777777778
0.04381772	0.004303236	0.0712044444444	0.0142555555556
0.04580049	0.00562397	0.0629233333333	0.0149666666667
0.0405886	0.005406618	0.0636222222222	0.0152777777778
0.03552131	0.007206407	0.06781	0.0141
0.03311995	0.005666089	0.0663155555556	0.0141444444444
0.03181985	0.005290128	0.0686	0.0141
0.04514854	0.007655922	0.0641233333333	0.0143666666667
0.03958991	0.004550782	0.06876	0.0141
0.04525701	0.009010195	0.0714822222222	0.0142777777778
0.03987505	0.00658712	0.0727777777778	0.0145222222222
0.03326524	0.004992041	0.0665866666667	0.0156333333333
0.02953466	0.007252633	0.0640733333333	0.0143666666667
0.03828176	0.004691443	0.0693688888889	0.0141111111111
0.04355818	0.006230867	0.06706	0.0141
0.03906358	0.005161899	0.0687111111111	0.0140888888889
0.03854401	0.008613943	0.0648788888889	0.0155111111111
0.04946226	0.004812777	0.0733355555556	0.0147444444444
0.03974812	0.005709171	0.0628122222222	0.0147777777778
0.03697355	0.006083674	0.0697866666667	0.0156333333333
0.03658101	0.009853993	0.0628022222222	0.0149777777778
0.04299573	0.008246562	0.0698877777778	0.0141222222222
0.04542387	0.006337291	0.0639944444444	0.0143555555556
0.03686002	0.005737771	0.0732266666667	0.0146333333333
0.03579875	0.004668625	0.0662266666667	0.0156333333333
0.04092662	0.008088887	0.0712266666667	0.0155333333333
0.04782756	0.005251969	0.0669711111111	0.0140888888889
0.03770014	0.008426115	0.07344	0.015
0.03856927	0.006351014	0.0733744444444	0.0150555555556
0.04677635	0.002930347	0.0708222222222	0.0141777777778
0.03818165	0.00537424	0.0634644444444	0.0144555555556
0.03556473	0.00287344	0.0704355555556	0.0141444444444
0.03327152	0.00505615	0.0730655555556	0.0145444444444
0.03449504	0.006533372	0.0630122222222	0.0151777777778
0.03620706	0.004606265	0.0655344444444	0.0141555555556
0.03470761	0.005183591	0.0735444444444	0.0149555555556
0.04257162	0.005029117	0.0651133333333	0.0155666666667
0.03667872	0.004500531	0.0722855555556	0.0143444444444
0.04202181	0.007355241	0.0653111111111	0.0155888888889
0.03732062	0.007023967	0.0733577777778	0.0151222222222
0.04857946	0.006518773	0.0733	0.0146
0.04526648	0.004271556	0.0645355555556	0.0142444444444
0.03535946	0.006140669	0.0674444444444	0.0140555555556
0.03918454	0.00794085	0.0674444444444	0.0140555555556
0.038671	0.004739608	0.0736155555556	0.0149444444444
0.03624256	0.00846861	0.0733488888889	0.0146111111111
0.03697023	0.00424132	0.0669033333333	0.0140666666667
0.03651594	0.009972033	0.0698333333333	0.0156666666667
0.03736153	0.007218227	0.0648744444444	0.0155555555556
0.03929594	0.005856369	0.0644044444444	0.0142555555556
0.03303309	0.004330957	0.0634888888889	0.0144111111111
0.04810563	0.004542814	0.0718733333333	0.0142666666667
0.04042934	0.003363951	0.0694333333333	0.0140666666667
0.04476046	0.005650778	0.0723477777778	0.0154222222222
0.03760375	0.004155179	0.0626522222222	0.0146777777778
0.05412185	0.006972514	0.0725333333333	0.0143666666667
0.0428598	0.004994477	0.0626422222222	0.0146777777778
0.04261398	0.006466042	0.0731144444444	0.0152555555556
0.03789419	0.004184814	0.0645666666667	0.0155333333333
0.03600007	0.009558277	0.0625355555556	0.0147444444444
0.04797313	0.008267061	0.0717988888889	0.0155111111111
0.04622812	0.00518025	0.0704188888889	0.0141111111111
0.0439985	0.004577206	0.0700711111111	0.0140888888889
0.04518015	0.004600632	0.0716377777778	0.0142222222222
0.04707824	0.005569467	0.0704588888889	0.0141111111111
0.04136286	0.006333812	0.0681777777778	0.0157222222222
0.04620759	0.004003548	0.0737366666667	0.0148333333333
0.04972796	0.005805644	0.0731644444444	0.0152555555556
0.04120809	0.00623902	0.0700022222222	0.0156777777778
0.03592754	0.005716172	0.06272	0.0146
0.0566384	0.008765432	0.0730733333333	0.0144666666667
0.04096884	0.003276539	0.0668755555556	0.0140444444444
0.03777741	0.006502778	0.0729277777778	0.0144222222222
0.04281314	0.007419378	0.0701422222222	0.0140777777778
0.04156543	0.004027596	0.0723444444444	0.0154555555556
0.04415846	0.007322913	0.0736288888889	0.0151111111111
0.04056668	0.00316269	0.0654888888889	0.0141111111111
0.03066603	0.009160801	0.0700311111111	0.0156888888889
0.03309447	0.003929219	0.0729866666667	0.0153333333333
0.03690377	0.007144383	0.0659222222222	0.0156777777778
0.0417554	0.003259433	0.0672977777778	0.0140222222222
0.04822869	0.007162128	0.0672866666667	0.0157333333333
0.03845122	0.004870244	0.0624622222222	0.0150777777778
0.04005237	0.004892549	0.0738333333333	0.0147666666667
0.03964896	0.004533225	0.0699	0.0157
0.04115202	0.006119255	0.0738533333333	0.0149666666667
0.03733317	0.007201799	0.0671966666667	0.0157333333333
0.0475131	0.003486936	0.0701333333333	0.0140666666667
0.0482258	0.004511575	0.0733555555556	0.0152444444444
0.03945901	0.006082541	0.0627466666667	0.0145333333333
0.05023695	0.006028059	0.0703822222222	0.0140777777778
0.03034538	0.005441395	0.0649555555556	0.0141444444444
0.02852955	0.0058952	0.0691666666667	0.0157333333333
0.03788925	0.007746505	0.0623477777778	0.0150222222222
0.02879925	0.003961557	0.0674788888889	0.0140111111111
0.03815123	0.003852189	0.0674555555556	0.0157444444444
0.03929193	0.006070904	0.0626888888889	0.0152111111111
0.02927118	0.005932814	0.0712755555556	0.0141444444444
0.0392584	0.006344852	0.0641377777778	0.0155222222222
0.04404531	0.004897502	0.0725555555556	0.0154444444444
0.04326216	0.009069622	0.0718	0.0142
0.03436667	0.006465506	0.0711766666667	0.0141333333333
0.03966003	0.005783429	0.0638911111111	0.0154888888889
0.02794209	0.00511507	0.07356	0.0152
0.0421399	0.007706298	0.0723922222222	0.0154777777778
0.03160976	0.006842499	0.0628033333333	0.0152666666667
0.01768081	0.006496263	0.06758	0.014
0.04163335	0.004346078	0.0686444444444	0.0157555555556
0.04362432	0.005938103	0.0621911111111	0.0148888888889
0.04057367	0.005261569	0.0643933333333	0.0155666666667
0.04464801	0.004470856	0.0674	0.014
0.05089519	0.003579649	0.0693088888889	0.0140111111111
0.0411608	0.003600084	0.0703	0.0157
0.04263241	0.006026785	0.0720866666667	0.0155333333333
0.04410476	0.006154874	0.0665266666667	0.0157333333333
0.04151318	0.005809054	0.0625022222222	0.0151777777778
0.03281413	0.003955961	0.0681411111111	0.0139888888889
0.04316024	0.00683703	0.0718733333333	0.0155666666667
0.04946395	0.007506094	0.0697666666667	0.0157333333333
0.03569533	0.005724632	0.0670444444444	0.0157555555556
0.04327005	0.007575161	0.0623955555556	0.0151444444444
0.03911998	0.005187792	0.0647977777778	0.0156222222222
0.04159708	0.004770457	0.0654422222222	0.0156777777778
0.05190393	0.006170017	0.0740644444444	0.0148555555556
0.04181638	0.004668056	0.0731444444444	0.0153555555556
0.04690095	0.007780946	0.0651444444444	0.0156555555556
0.04702003	0.006906039	0.0692444444444	0.0157555555556
0.05121186	0.008502707	0.07352	0.0145
0.04263625	0.006451283	0.0702788888889	0.0157111111111
0.03207285	0.00471535	0.0654022222222	0.0156777777778
0.04365944	0.006495315	0.0715355555556	0.0141444444444
0.03854061	0.00682807	0.0649855555556	0.0156444444444
0.03589058	0.007193578	0.0657	0.0157
0.03956854	0.007097293	0.0740633333333	0.0149666666667
0.04078509	0.005013726	0.0620955555556	0.0149444444444
0.04351915	0.006836057	0.0639777777778	0.0142222222222
0.04124636	0.007223017	0.0681122222222	0.0139777777778
0.04096811	0.007074699	0.0690511111111	0.0139888888889
0.03887589	0.005391612	0.0629288888889	0.0144111111111
0.03984537	0.006465243	0.0667	0.014
0.03396421	0.007445104	0.0740911111111	0.0149888888889
0.03353862	0.004376557	0.0626522222222	0.0144777777778
0.0491212	0.007465872	0.0741588888889	0.0148111111111
0.04429163	0.0098842	0.07215	0.0142
0.03665434	0.006186419	0.06255	0.0145
0.04039228	0.004322846	0.0661888888889	0.0140111111111
0.04304566	0.005841099	0.0737755555556	0.0145444444444
0.03880738	0.005514941	0.0630311111111	0.0153888888889
0.03886905	0.006935459	0.0733977777778	0.0144222222222
0.03389213	0.005298619	0.0659177777778	0.0140222222222
0.03113742	0.005125813	0.06433	0.0156
0.04208436	0.004501455	0.0742033333333	0.0149666666667
0.03895966	0.006823009	0.0739022222222	0.0145777777778
0.03830914	0.005327284	0.0623588888889	0.0152111111111
0.04830607	0.004523302	0.0720822222222	0.0155777777778
0.0227745	0.01596831	0.0648	0.0141
0.03787023	0.005419641	0.0623777777778	0.0152222222222
0.03791723	0.006519525	0.06822	0.0158
0.03687258	0.004651743	0.0625222222222	0.0144777777778
0.04176702	0.004571951	0.0684644444444	0.0139555555556
0.02757295	0.007269027	0.0697833333333	0.0157666666667
0.04451804	0.009282711	0.0646288888889	0.0141111111111
0.03947804	0.005118118	0.0640222222222	0.0155777777778
0.03529577	0.006713947	0.0619222222222	0.0147777777778
0.04831777	0.00847856	0.0630666666667	0.0143333333333
0.04366919	0.004969621	0.0706666666667	0.0140333333333
0.03270237	0.005264519	0.0665422222222	0.0139777777778
0.0349631	0.004486099	0.0689444444444	0.0139555555556
0.0323209	0.004137806	0.0618666666667	0.0148333333333
0.04165942	0.006604844	0.0737222222222	0.0144777777778
0.0395426	0.008009661	0.0679588888889	0.0158111111111
0.03047085	0.00814614	0.0704155555556	0.0157444444444
0.03813857	0.007046294	0.0624811111111	0.0152888888889
0.02934027	0.007605278	0.0618355555556	0.0149444444444
0.0381025	0.007706417	0.0660411111111	0.0139888888889
0.02885353	0.006550821	0.0618433333333	0.0147666666667
0.04133272	0.0067266	0.0654777777778	0.0140222222222
0.04271946	0.006035102	0.0635777777778	0.0142222222222
0.03726709	0.00496338	0.0621955555556	0.0145444444444
0.03220544	0.003726998	0.0641188888889	0.0156111111111
0.03064041	0.003750752	0.0620355555556	0.0151444444444
0.0442993	0.004693186	0.0740822222222	0.0145777777778
0.0280552	0.009936332	0.0743488888889	0.0150111111111
0.04254519	0.008160779	0.06946	0.0158
0.04219231	0.006424325	0.0619866666667	0.0146333333333
0.04566689	0.01287187	0.0707777777778	0.0140222222222
0.04932772	0.006501993	0.0734111111111	0.0153888888889
0.05416045	0.006354174	0.0718088888889	0.0141111111111
0.039525	0.006138452	0.07432	0.0147
0.03892996	0.00761854	0.0630644444444	0.0154555555556
0.03925003	0.005775136	0.07358	0.0144
0.04315805	0.00359463	0.0741888888889	0.0146111111111
0.04343597	0.00509109	0.0734	0.0154
0.02100235	0.007886852	0.06444	0.0141
0.02747997	0.005924447	0.0624666666667	0.0144333333333
0.03611834	0.006025079	0.0742466666667	0.0146333333333
0.05079736	0.006832284	0.0721555555556	0.0141444444444
0.04019187	0.00508496	0.0624155555556	0.0144444444444
0.03176049	0.006737916	0.0689466666667	0.0139333333333
0.02438987	0.006690831	0.0657811111111	0.0139888888889
0.04424922	0.004823928	0.0646022222222	0.0140777777778
0.04830443	0.004822881	0.0737266666667	0.0153333333333
0.05231718	0.005742008	0.0742677777778	0.0146222222222
0.03138691	0.008981624	0.0622233333333	0.0152666666667
0.04225094	0.008135048	0.0703222222222	0.0157777777778
0.03192887	0.006030826	0.0630722222222	0.0154777777778
0.04224948	0.006299611	0.06548	0.014
0.03344507	0.0061554	0.0616666666667	0.0148333333333
0.04514336	0.01058877	0.0732888888889	0.0143111111111
0.04312866	0.005805908	0.0723544444444	0.0141555555556
0.03624801	0.00698505	0.06996	0.0158
0.04529533	0.004432286	0.0721866666667	0.0141333333333
0.04314756	0.005840845	0.06426	0.0141
0.04708164	0.006776156	0.0735833333333	0.0143666666667
0.04044471	0.0104725	0.0641455555556	0.0156444444444
0.04348208	0.003636612	0.0709688888889	0.0140111111111
0.02949413	0.008210082	0.0721477777778	0.0141222222222
0.05195092	0.005896151	0.0663388888889	0.0158111111111
0.04276917	0.007297072	0.0674555555556	0.0158444444444
0.02872966	0.003860159	0.0617333333333	0.0146666666667
0.04593669	0.004600343	0.0704133333333	0.0139666666667
0.02236831	0.006234199	0.0636133333333	0.0141666666667
0.03748715	0.005760017	0.0697577777778	0.0158222222222
0.0430395	0.005900557	0.06455	0.0157
0.03132954	0.006076883	0.0635911111111	0.0155888888889
0.03957662	0.006478538	0.0735477777778	0.0154222222222
0.03687857	0.00383949	0.0630755555556	0.0142444444444
0.04299893	0.006759486	0.0615511111111	0.0147888888889
0.03756719	0.006137938	0.0725444444444	0.0141555555556
0.03656099	0.00653524	0.0746566666667	0.0148333333333
0.04081677	0.004249031	0.0715688888889	0.0157111111111
0.03777873	0.004569277	0.0668955555556	0.0158444444444
0.04112179	0.005020072	0.0713666666667	0.0157333333333
0.04274213	0.00577724	0.0728844444444	0.0155555555556
0.03246894	0.005041384	0.0746888888889	0.0149111111111
0.04694978	0.00781397	0.0626888888889	0.0143111111111
0.03206585	0.006229971	0.0625866666667	0.0143333333333
0.04624884	0.006170173	0.0745444444444	0.0146555555556
0.03169825	0.007168173	0.0631277777778	0.0142222222222
0.04494674	0.008450109	0.0745822222222	0.0146777777778
0.03831754	0.006106139	0.0676533333333	0.0158666666667
0.04435903	0.004307763	0.0695555555556	0.0158444444444
0.0408141	0.008278934	0.0623233333333	0.0153666666667
0.03244289	0.006320392	0.06228	0.0144
0.03963559	0.006535716	0.0713155555556	0.0157444444444
0.03495535	0.005899605	0.0627	0.0143
0.0432953	0.008196357	0.0685933333333	0.0158666666667
0.03425496	0.009238121	0.0616011111111	0.0150888888889
0.03965263	0.005464151	0.0710511111111	0.0139888888889
0.02426668	0.00730133	0.0614466666667	0.0148333333333
0.03436004	0.007546786	0.0616577777778	0.0146222222222
0.03371036	0.005605743	0.0638455555556	0.0156444444444
0.02976264	0.0061559	0.0741444444444	0.0144555555556
0.0469092	0.005606013	0.0747688888889	0.0149111111111
0.05252423	0.007899573	0.0724666666667	0.0156333333333
0.04290395	0.006940299	0.0633711111111	0.0155888888889
0.03091471	0.004672172	0.0651222222222	0.0139777777778
0.03585641	0.004268143	0.0617555555556	0.0145444444444
0.05344477	0.007864027	0.0643455555556	0.0140444444444
0.03999839	0.009491784	0.0632011111111	0.0141888888889
0.04064086	0.003980311	0.0730544444444	0.0155555555556
0.04134498	0.006789464	0.0687622222222	0.0138777777778
0.03833535	0.003269606	0.0614366666667	0.0147333333333
0.04781382	0.005832144	0.0701966666667	0.0158333333333
0.04038644	0.005190375	0.0745888888889	0.0146111111111
0.04560075	0.007628787	0.07199	0.0157
0.03842635	0.008294584	0.0746088888889	0.0146111111111
0.03727889	0.00774406	0.0613733333333	0.0147666666667
0.03796682	0.0060213	0.0715755555556	0.0157444444444
0.04082497	0.003236027	0.0683333333333	0.0138666666667
0.04104451	0.00705899	0.0683511111111	0.0158888888889
0.03077483	0.005402631	0.0632022222222	0.0141777777778
0.05055224	0.004971967	0.0691422222222	0.0158777777778
0.04999693	0.006257556	0.0707188888889	0.0158111111111
0.04242247	0.008238471	0.0738266666667	0.0143333333333
0.03636869	0.009878253	0.0618111111111	0.0144888888889
0.05476441	0.005477949	0.0730911111111	0.0141888888889
0.0328023	0.007008433	0.06996	0.0139
0.04094449	0.006520169	0.0641888888889	0.0157111111111
0.03091236	0.006748525	0.0636155555556	0.0156444444444
0.03639798	0.004912459	0.0653588888889	0.0158111111111
0.04114036	0.008346249	0.0671111111111	0.0158888888889
0.03226308	0.00639932	0.0681944444444	0.0138555555556
0.03722701	0.006260531	0.0623466666667	0.0154333333333
0.03956445	0.005345157	0.0637211111111	0.0140888888889
0.04338787	0.005216284	0.06604	0.0139
0.04524919	0.004429777	0.0633666666667	0.0141333333333
0.02935634	0.007429994	0.0723133333333	0.0140666666667
0.04712127	0.004317511	0.0653666666667	0.0139333333333
0.03547787	0.008128008	0.0618144444444	0.0144555555556
0.03963395	0.003407332	0.0651955555556	0.0139444444444
0.04934548	0.007885318	0.07498	0.0149
0.04688881	0.009099377	0.0693933333333	0.0138666666667
0.03868061	0.005216141	0.0632555555556	0.0141444444444
0.03662447	0.005989945	0.06448	0.014
0.04030098	0.005070302	0.0741222222222	0.0143777777778
0.03032649	0.005770794	0.06198	0.0144
0.03233182	0.01099103	0.0613111111111	0.0146888888889
0.04641546	0.005956352	0.0743944444444	0.0144555555556
0.03869118	0.005171196	0.0671044444444	0.0138555555556
0.03243479	0.005264088	0.0656355555556	0.0158444444444
0.03435002	0.009832403	0.0654466666667	0.0158333333333
0.0362987	0.009087635	0.0612477777778	0.0147222222222
0.04590579	0.006841401	0.0676888888889	0.0159111111111
0.0318955	0.007448791	0.0720977777778	0.0157222222222
0.04003576	0.008038933	0.0617022222222	0.0152777777778
0.03506973	0.005981621	0.0611633333333	0.0148666666667
0.03362124	0.008287942	0.0611933333333	0.0147666666667
0.03515882	0.004894682	0.0674455555556	0.0138444444444
0.04462749	0.004700076	0.0621777777778	0.0154222222222
0.03204986	0.009056844	0.0631	0.0156
0.01794954	0.008753519	0.0633888888889	0.0141111111111
0.03855944	0.004341585	0.0694444444444	0.0138555555556
0.03963434	0.00467217	0.0637111111111	0.0156888888889
0.03951902	0.00768524	0.0611177777778	0.0148222222222
0.03660714	0.006370843	0.0611777777778	0.0147222222222
0.03542082	0.01225491	0.0728488888889	0.0141111111111
0.03627195	0.009517081	0.0670188888889	0.0159111111111
0.03660797	0.004478866	0.0638555555556	0.0140444444444
0.04664378	0.008132035	0.0748022222222	0.0145777777778
0.03541709	0.008780085	0.0676177777778	0.0159222222222
0.04615243	0.005725571	0.075	0.0147
0.03843285	0.005802739	0.0622444444444	0.0154555555556
0.04793965	0.006948075	0.0740377777778	0.0143222222222
0.03756093	0.003851669	0.0638388888889	0.0157111111111
0.04653138	0.008208815	0.0624444444444	0.0142555555556
0.03840846	0.007226685	0.0687466666667	0.0138333333333
0.0348682	0.006275526	0.0687477777778	0.0159222222222
0.04161988	0.003261449	0.0706444444444	0.0158555555556
0.03896011	0.006106363	0.0748011111111	0.0151888888889
0.03748115	0.006745201	0.0747555555556	0.0145444444444
0.04594901	0.004078997	0.0700333333333	0.0138666666667
0.0379843	0.008147601	0.0694355555556	0.0138444444444
0.02940721	0.007376213	0.0694388888889	0.0159111111111
0.05049685	0.006996022	0.0744466666667	0.0153333333333
0.0344542	0.005860505	0.0615411111111	0.0144888888889
0.04744982	0.004300315	0.0730866666667	0.0141333333333
0.04064077	0.007595145	0.0647955555556	0.0139444444444
0.0414247	0.005434765	0.0681377777778	0.0138222222222
0.03275151	0.006735519	0.0623311111111	0.0154888888889
0.04627715	0.005923087	0.0751555555556	0.0148444444444
0.03789295	0.007514852	0.0639466666667	0.0157333333333
0.04196992	0.005425278	0.0669866666667	0.0138333333333
0.04323779	0.008967109	0.06148	0.0145
0.03425299	0.005682372	0.0639277777778	0.0140222222222
0.04563554	0.009860939	0.0739322222222	0.0154777777778
0.04352462	0.00518998	0.0734222222222	0.0141777777778
0.04580441	0.00586044	0.0697155555556	0.0138444444444
0.03690085	0.006496874	0.0655111111111	0.0138888888889
0.0313287	0.00708215	0.0742844444444	0.0143555555556
0.04128997	0.005283775	0.0631555555556	0.0156444444444
0.03382327	0.007264857	0.0619666666667	0.0143333333333
0.04598264	0.004553244	0.0629188888889	0.0156111111111
0.05493668	0.005062896	0.0719222222222	0.0157777777778
0.04177583	0.005560311	0.0679588888889	0.0138111111111
0.04737842	0.006008402	0.0644844444444	0.0139555555556
0.03415774	0.006703458	0.0622111111111	0.0154888888889
0.04027043	0.007760949	0.0657333333333	0.0138666666667
0.03297401	0.004827041	0.0613388888889	0.0145111111111
0.04176141	0.007069654	0.0748977777778	0.0152222222222
0.03808825	0.005422255	0.0620811111111	0.0142888888889
0.03067719	0.007389518	0.07416	0.0143
0.0294729	0.005082587	0.0611822222222	0.0145777777778
0.04233549	0.005770965	0.0750788888889	0.0146111111111
0.03091431	0.006834873	0.0724777777778	0.0140222222222
0.03761208	0.007493578	0.06808	0.0138
0.03945864	0.009566191	0.0725777777778	0.0157222222222
0.05073926	0.005578472	0.0731	0.0141
0.03659696	0.003285235	0.0723	0.014
0.03246634	0.006105025	0.0608622222222	0.0148777777778
0.0346138	0.00677823	0.0608555555556	0.0148444444444
0.03147128	0.01004877	0.0725466666667	0.0157333333333
0.05109207	0.009622362	0.0753444444444	0.0148555555556
0.04202104	0.005379215	0.0734488888889	0.0156111111111
0.0328995	0.006092455	0.0712544444444	0.0158555555556
0.03074185	0.005853437	0.0630933333333	0.0156666666667
0.03662582	0.00839755	0.0618888888889	0.0143111111111
0.04330024	0.005470642	0.0730222222222	0.0140777777778
0.03187805	0.004349346	0.0678111111111	0.0137888888889
0.04810813	0.006905202	0.0751444444444	0.0151555555556
0.03610047	0.006970972	0.0608444444444	0.0147555555556
0.04732705	0.006587913	0.0741822222222	0.0142777777778
0.03252441	0.003946414	0.0608222222222	0.0147777777778
0.0322759	0.004111004	0.0612155555556	0.0152444444444
0.03999379	0.008156948	0.06692	0.0138
0.04354089	0.005317746	0.0699877777778	0.0138222222222
0.03951591	0.004763493	0.0735155555556	0.0141444444444
0.05172432	0.004887704	0.0728288888889	0.0157111111111
0.04109844	0.004330882	0.0654644444444	0.0138555555556
0.03915319	0.005331011	0.0638111111111	0.0139888888889
0.03885158	0.004417478	0.0627166666667	0.0141333333333
0.03565562	0.006319013	0.0707244444444	0.0138555555556
0.03507816	0.006934148	0.06108	0.0152
0.04199952	0.005628647	0.0726877777778	0.0140222222222
0.02314277	0.005477307	0.0617177777778	0.0154222222222
0.03907878	0.006020928	0.0733555555556	0.0156444444444
0.03193137	0.00462624	0.0652133333333	0.0138666666667
0.04032515	0.004561881	0.0653944444444	0.0138555555556
0.05037288	0.004784199	0.0753411111111	0.0146888888889
0.03834388	0.00865292	0.0648533333333	0.0158666666667
0.05737572	0.005764483	0.0749	0.0153
0.03635205	0.00562758	0.0634466666667	0.0157333333333
0.02315427	0.005653346	0.0676222222222	0.0137777777778
0.03695924	0.005717025	0.0662288888889	0.0138111111111
0.0414686	0.005552194	0.0754777777778	0.0148222222222
0.04747611	0.005525416	0.0744	0.0143
0.04087024	0.004799921	0.0744	0.0143
0.04426785	0.006224391	0.07394	0.0142
0.03561927	0.004657346	0.0607122222222	0.0149777777778
0.03337537	0.003572599	0.0624111111111	0.0155888888889
0.03852295	0.00895626	0.0607366666667	0.0147333333333
0.04026308	0.008256395	0.0621077777778	0.0142222222222
0.03097712	0.008612162	0.0647311111111	0.0138888888889
0.04111037	0.00697552	0.0695111111111	0.0137888888889
0.03520951	0.004783939	0.0746444444444	0.0143555555556
0.02896955	0.005364722	0.0631	0.0157
0.03940416	0.0061257	0.0611333333333	0.0152666666667
0.0441516	0.008038763	0.0711733333333	0.0138666666667
0.04213935	0.00488506	0.0751888888889	0.0152111111111
0.0279026	0.005269032	0.0637222222222	0.0157777777778
0.0478203	0.005855714	0.0738133333333	0.0141666666667
0.0445799	0.00758329	0.0687133333333	0.0137666666667
0.03474714	0.004392827	0.07168	0.0139
0.04055835	0.005706557	0.0617044444444	0.0154555555556
0.03637866	0.004214691	0.0628111111111	0.0140888888889
0.04988938	0.006922225	0.0718255555556	0.0158444444444
0.04112482	0.00630395	0.0637711111111	0.0157888888889
0.02611762	0.006254913	0.0733833333333	0.0156666666667
0.03246671	0.008639098	0.0643455555556	0.0158444444444
0.04241088	0.008677767	0.0740444444444	0.0155555555556
0.03084379	0.006411911	0.0753222222222	0.0151777777778
0.04645318	0.006503604	0.0737066666667	0.0141333333333
0.04460149	0.005639762	0.0734333333333	0.0156666666667
0.02225055	0.008026128	0.0754455555556	0.0146444444444
0.05125678	0.005569001	0.0751222222222	0.0144777777778
0.04142718	0.00953802	0.0715422222222	0.0158777777778
0.03141791	0.007499875	0.0629444444444	0.0140555555556
0.04753595	0.005547824	0.07563	0.0149
0.03777638	0.008168032	0.0752955555556	0.0145444444444
0.03570536	0.007607432	0.0630966666667	0.0140333333333
0.03485746	0.006998703	0.0607266666667	0.0146333333333
0.04394711	0.008085979	0.0739511111111	0.0155888888889
0.04143061	0.006927315	0.0607933333333	0.0151666666667
0.03768812	0.005038544	0.0732644444444	0.0140555555556
0.04831479	0.005516284	0.0734933333333	0.0156666666667
0.04112943	0.007684736	0.0641555555556	0.0158444444444
0.04634637	0.007978383	0.0605866666667	0.0150333333333
0.0378926	0.006848336	0.0646733333333	0.0138666666667
0.04909057	0.007760707	0.07558	0.0147
0.03658293	0.007505269	0.0726111111111	0.0157888888889
0.03546376	0.00834364	0.0605077777778	0.0149222222222
0.042307	0.006973057	0.06174	0.0155
0.04469124	0.00606206	0.0753555555556	0.0145444444444
0.03468695	0.01388347	0.0674755555556	0.0137444444444
0.03788835	0.003182698	0.0607522222222	0.0145777777778
0.04404204	0.005295379	0.0674555555556	0.0137444444444
0.04032847	0.008911792	0.0661122222222	0.0159777777778
0.03403148	0.005493765	0.0728611111111	0.0139888888889
0.03426696	0.006183172	0.0756655555556	0.0147444444444
0.04374106	0.009335056	0.0689188888889	0.0160111111111
0.03090735	0.005967379	0.0645611111111	0.0158888888889
0.04194596	0.01054605	0.0663633333333	0.0137666666667
0.04075652	0.005789979	0.0690055555556	0.0137444444444
0.0464541	0.00493081	0.0621111111111	0.0155888888889
0.05014462	0.005279108	0.0750033333333	0.0153666666667
0.03311127	0.004638462	0.0613666666667	0.0143333333333
0.04190256	0.00556674	0.0645233333333	0.0138666666667
0.03890975	0.006387653	0.0680666666667	0.0137333333333
0.03868713	0.006981088	0.0732666666667	0.0140333333333
0.03931164	0.005939737	0.0737855555556	0.0156444444444
0.03639631	0.007469073	0.0696444444444	0.0137555555556
0.05004833	0.006240094	0.0757444444444	0.0149555555556
0.03400533	0.007613958	0.0754933333333	0.0145666666667
0.03544502	0.006555075	0.0757788888889	0.0149111111111
0.03768969	0.01007573	0.0688177777778	0.0160222222222
0.03481797	0.007829618	0.0667555555556	0.0137444444444
0.03774376	0.006273932	0.0630188888889	0.0140111111111
0.03412072	0.007989944	0.0623288888889	0.0141111111111
0.04112621	0.009093939	0.0629955555556	0.0157444444444
0.03989996	0.007870275	0.07413	0.0156
0.03476919	0.005271803	0.0603577777778	0.0148222222222
0.02668073	0.01043404	0.0757444444444	0.0150555555556
0.0365738	0.006118214	0.0687066666667	0.0160333333333
0.03898118	0.004258248	0.0748688888889	0.0143111111111
0.03512061	0.007626789	0.0689066666667	0.0160333333333
0.04058672	0.005730088	0.0689266666667	0.0160333333333
0.03907679	0.008372285	0.07419	0.0156
0.03782191	0.007216972	0.0603111111111	0.0148888888889
0.04666697	0.008967293	0.0689777777778	0.0137222222222
0.04750672	0.006465439	0.0755488888889	0.0152111111111
0.04239941	0.01002145	0.0754788888889	0.0145111111111
0.02911709	0.006529642	0.0632533333333	0.0139666666667
0.02767067	0.005245333	0.0610422222222	0.0143777777778
0.03927133	0.003502669	0.0617911111111	0.0141888888889
0.0269942	0.006184579	0.0665666666667	0.0137333333333
0.03621306	0.008520128	0.0643244444444	0.0138555555556
0.04065384	0.007397078	0.0732444444444	0.0157555555556
0.0348279	0.00630379	0.0741166666667	0.0141333333333
0.04641536	0.006095775	0.0757555555556	0.0146444444444
0.04385693	0.007597234	0.0737233333333	0.0140666666667
0.03919882	0.007078706	0.0750555555556	0.0143444444444
0.02533968	0.006491474	0.0716266666667	0.0138333333333
0.04095517	0.005686857	0.0751044444444	0.0143555555556
0.03787788	0.00498603	0.0629	0.014
0.03542945	0.0058782	0.0606177777778	0.0145222222222
0.03241727	0.004015364	0.0603077777778	0.0150222222222
0.02941526	0.006184614	0.0606166666667	0.0152333333333
0.04707051	0.005012165	0.0734577777778	0.0140222222222
0.04490078	0.005743244	0.0731222222222	0.0157777777778
0.0476161	0.005413095	0.0727566666667	0.0139333333333
0.0449807	0.005780527	0.0754244444444	0.0144555555556
0.05370833	0.004115345	0.0758333333333	0.0146666666667
0.04314077	0.004582994	0.0739311111111	0.0140888888889
0.03247251	0.005745782	0.0631111111111	0.0157888888889
0.04463183	0.003374239	0.074	0.0141
0.04011357	0.004773362	0.0759577777778	0.0148222222222
0.04070387	0.004384157	0.0632	0.0158
0.04542032	0.005273297	0.0758888888889	0.0147111111111
0.03060155	0.005779202	0.0634777777778	0.0139222222222
0.04216773	0.007581703	0.0623022222222	0.0140777777778
0.02940147	0.008451207	0.0642988888889	0.0159111111111
0.04001753	0.006893993	0.0609111111111	0.0143888888889
0.04551918	0.00547712	0.0725044444444	0.0158555555556
0.04330936	0.004560319	0.06768	0.0137
0.04295914	0.006930202	0.0759355555556	0.0147444444444
0.04303617	0.005457638	0.0612	0.0143
0.03631095	0.01131961	0.0602911111111	0.0146888888889
0.03772105	0.007185427	0.06868	0.0137
0.03277863	0.007509279	0.0720644444444	0.0138555555556
0.05655839	0.004137977	0.0744133333333	0.0141666666667
0.04882743	0.006078557	0.0759555555556	0.0147444444444
0.0384488	0.008252091	0.06736	0.0137
0.03683291	0.004828505	0.0643666666667	0.0138333333333
0.05051798	0.004674755	0.0760155555556	0.0148444444444
0.04223417	0.006311871	0.0729755555556	0.0139444444444
0.03882125	0.005471456	0.0750144444444	0.0154555555556
0.03378304	0.008531322	0.07408	0.0141
0.0343128	0.004893106	0.0635944444444	0.0158555555556
0.03899198	0.009244544	0.0759555555556	0.0150444444444
0.04582819	0.005681757	0.0736777777778	0.0157222222222
0.03664285	0.006913686	0.0732822222222	0.0157777777778
0.04205551	0.008425845	0.06918	0.0137
0.04397001	0.005639952	0.0696288888889	0.0137111111111
0.03300191	0.005901106	0.0609755555556	0.0143444444444
0.04046888	0.005716999	0.0725211111111	0.0138888888889
0.04345482	0.0075478	0.0713111111111	0.0137888888889
0.03200874	0.005524544	0.0611244444444	0.0154555555556
0.04288481	0.00711989	0.0745422222222	0.0141777777778
0.05044581	0.005443095	0.0760444444444	0.0147555555556
0.03527785	0.006467329	0.0601144444444	0.0149555555556
0.04262399	0.008996841	0.0672333333333	0.0160666666667
0.02945029	0.009107807	0.06013	0.015
0.03453905	0.006763743	0.0737666666667	0.0140333333333
0.047962	0.005683193	0.0690111111111	0.0136888888889
0.04087577	0.005214011	0.0651133333333	0.0137666666667
0.04821666	0.004379222	0.0729266666667	0.0158333333333
0.03558077	0.006579498	0.0642966666667	0.0159333333333
0.03441762	0.005520628	0.0600777777778	0.0149222222222
0.02610441	0.00975878	0.0726311111111	0.0138888888889
0.0478795	0.006162216	0.0758622222222	0.0145777777778
0.03531749	0.008371634	0.0704966666667	0.0137333333333
0.0444274	0.003900916	0.0656666666667	0.0137333333333
0.03564632	0.004988209	0.0692711111111	0.0136888888889
0.02933186	0.007280722	0.0658666666667	0.0160333333333
0.04444418	0.005076614	0.0759888888889	0.0151111111111
0.03034292	0.005254498	0.0638244444444	0.0138555555556
0.03377539	0.007831632	0.0648022222222	0.0137777777778
0.03572127	0.004944181	0.0601222222222	0.0150777777778
0.04141508	0.007146807	0.0710844444444	0.0137555555556
0.04764591	0.004689383	0.07609	0.0147
0.03163762	0.005828223	0.0637744444444	0.0138555555556
0.03935505	0.003809891	0.0617666666667	0.0156333333333
0.04239266	0.00409784	0.0761955555556	0.0148444444444
0.04906512	0.004013687	0.0652088888889	0.0160111111111
0.04598585	0.006064625	0.0739888888889	0.0157111111111
0.03422479	0.004040712	0.0630677777778	0.0139222222222
0.03620079	0.005230378	0.0712244444444	0.0137555555556
0.02626785	0.006287465	0.0599977777778	0.0150222222222
0.03775786	0.009897	0.0621355555556	0.0140444444444
0.03876789	0.004264575	0.0762333333333	0.0149666666667
0.0288648	0.005067089	0.0618	0.0141
0.04190517	0.004670019	0.0639877777778	0.0138222222222
0.0311553	0.007466112	0.0605388888889	0.0144111111111
0.03552097	0.003389056	0.0703	0.0137
0.04100364	0.005983125	0.0730244444444	0.0158555555556
0.03030538	0.006618792	0.0628666666667	0.0139333333333
0.0266965	0.004916456	0.0600133333333	0.0146666666667
0.02930874	0.005271037	0.0731555555556	0.0158444444444
0.02709317	0.004899687	0.0621266666667	0.0140333333333
0.03753125	0.00573406	0.0613833333333	0.0141666666667
0.04761074	0.005974415	0.0717722222222	0.0137777777778
0.03158965	0.008596105	0.0763222222222	0.0148777777778
0.03406338	0.006468084	0.07206	0.0138
0.03868816	0.01455325	0.07148	0.016
0.04543174	0.006697846	0.0696111111111	0.0160888888889
0.03453981	0.006573553	0.0601111111111	0.0151888888889
0.03409878	0.004808254	0.0608822222222	0.0154777777778
0.03692225	0.005545565	0.0681355555556	0.0136444444444
0.03721835	0.007546629	0.0600444444444	0.0151555555556
0.04815688	0.008925492	0.0718422222222	0.0137777777778
0.04765185	0.00412233	0.0669044444444	0.0136555555556
0.03885504	0.006491903	0.0676555555556	0.0136444444444
0.0360174	0.006305334	0.0601777777778	0.0145222222222
0.05088543	0.008561238	0.0723877777778	0.0138222222222
0.02873607	0.008218925	0.0734477777778	0.0158222222222
0.04201641	0.003679257	0.07574	0.0144
0.0502314	0.005452954	0.0672688888889	0.0161111111111
0.03446045	0.003590204	0.0611933333333	0.0155666666667
0.04277793	0.003469434	0.0614566666667	0.0141333333333
0.05383228	0.005883358	0.0734777777778	0.0158222222222
0.03141467	0.003188545	0.0600644444444	0.0145555555556
0.03684447	0.005472823	0.0627777777778	0.0139222222222
0.03351851	0.003991795	0.0670688888889	0.0161111111111
0.03727155	0.008481574	0.0614877777778	0.0141222222222
0.02936248	0.006754624	0.0670555555556	0.0136444444444
0.0446026	0.002766925	0.0751666666667	0.0155333333333
0.03983471	0.003887048	0.0736844444444	0.0139555555556
0.03978088	0.004682192	0.0654	0.0137
0.04894884	0.008478858	0.0763911111111	0.0149888888889
0.0416858	0.005995084	0.0754022222222	0.0142777777778
0.04023543	0.006573878	0.0764333333333	0.0148666666667
