root_height	pop_size	pi_net	pi_within
0.04580931	0.005796171	0.0990266666667	0.00923333333333
0.05827872	0.003795431	0.0991777777778	0.00922222222222
0.04988353	0.004124093	0.0987266666667	0.00923333333333
0.04776396	0.004860347	0.0989333333333	0.00916666666667
0.05664282	0.004775018	0.0992333333333	0.00926666666667
0.06563318	0.004381513	0.0992444444444	0.00915555555556
0.0390881	0.004301815	0.0988711111111	0.00928888888889
0.06315481	0.0059803	0.0986622222222	0.00927777777778
0.03840723	0.004494022	0.0987911111111	0.00928888888889
0.04297607	0.003823677	0.0984288888889	0.00921111111111
0.05664633	0.006228413	0.0993555555556	0.00914444444444
0.05358567	0.006415813	0.0984111111111	0.00918888888889
0.06339454	0.006396447	0.09907	0.0093
0.06097594	0.004556721	0.0984844444444	0.00915555555556
0.05189429	0.005693979	0.0984022222222	0.00917777777778
0.05163604	0.005108101	0.09921	0.0093
0.05471346	0.005539203	0.0984133333333	0.00916666666667
0.05226772	0.006555149	0.0983533333333	0.00916666666667
0.05408682	0.002884641	0.0995755555556	0.00914444444444
0.04804147	0.006483645	0.0982288888889	0.00921111111111
0.04806648	0.007244754	0.0988177777778	0.00932222222222
0.04979926	0.006173239	0.0991777777778	0.00932222222222
0.0505919	0.004255832	0.0998	0.0092
0.05612743	0.003144135	0.0981111111111	0.00918888888889
0.04881142	0.003308817	0.0981444444444	0.00925555555556
0.05674739	0.002846309	0.0985966666667	0.00933333333333
0.06271627	0.006037219	0.0993222222222	0.00907777777778
0.04494792	0.007221916	0.0980222222222	0.00917777777778
0.05388876	0.004114259	0.0979888888889	0.00921111111111
0.06394175	0.00542419	0.0980333333333	0.00916666666667
0.05064103	0.004083782	0.0980544444444	0.00915555555556
0.0623075	0.006144241	0.0980533333333	0.00926666666667
0.04885697	0.005128436	0.0979866666667	0.00923333333333
0.0490794	0.004996127	0.0983	0.0091
0.05241052	0.00383511	0.0991333333333	0.00936666666667
0.05589676	0.004518948	0.0998777777778	0.00912222222222
0.05256275	0.003385117	0.0997111111111	0.00908888888889
0.04661566	0.004575305	0.09819	0.0091
0.05112842	0.004520499	0.0993244444444	0.00905555555556
0.04285907	0.005658308	0.0993644444444	0.00905555555556
0.05425845	0.003772647	0.0978944444444	0.00915555555556
0.05095229	0.00445615	0.0993555555556	0.00904444444444
0.05426202	0.00306558	0.0982222222222	0.00907777777778
0.06676113	0.006248748	0.0978444444444	0.00925555555556
0.06169857	0.004926214	0.0978644444444	0.00915555555556
0.05767983	0.006314021	0.0988111111111	0.00938888888889
0.05002884	0.008160108	0.0986666666667	0.00903333333333
0.0469921	0.006863678	0.0998622222222	0.00907777777778
0.05178047	0.00450503	0.0979777777778	0.00932222222222
0.05234851	0.005874756	0.100213333333	0.00926666666667
0.0567689	0.005544198	0.0992	0.0094
0.04384379	0.004320365	0.100077777778	0.00932222222222
0.04539549	0.006063913	0.0981733333333	0.00936666666667
0.0469806	0.00828534	0.0997155555556	0.00904444444444
0.05891886	0.005655306	0.0998444444444	0.00905555555556
0.05586151	0.005815955	0.0997622222222	0.00937777777778
0.06375382	0.004587402	0.0999444444444	0.00935555555556
0.04219093	0.003953385	0.0995	0.0094
0.05758923	0.005755912	0.100282222222	0.00927777777778
0.06251148	0.003880765	0.0999033333333	0.00936666666667
0.02727316	0.006485191	0.0978666666667	0.00933333333333
0.06319076	0.004322283	0.0993888888889	0.00941111111111
0.04630681	0.005147667	0.0993888888889	0.00901111111111
0.06104546	0.005430833	0.100388888889	0.00921111111111
0.04562959	0.005791452	0.0981222222222	0.00937777777778
0.06062203	0.005260139	0.0988777777778	0.00942222222222
0.05300073	0.004970683	0.1002	0.0091
0.05156943	0.004503567	0.0988	0.009
0.06211734	0.004593228	0.100044444444	0.00935555555556
0.0560329	0.003893173	0.100191111111	0.00908888888889
0.06535986	0.004054388	0.0978355555556	0.00934444444444
0.05279482	0.004525016	0.0975533333333	0.00916666666667
0.0481794	0.005452449	0.0977666666667	0.00933333333333
0.05332018	0.006007187	0.0985277777778	0.00942222222222
0.04870295	0.004008665	0.0994577777778	0.00942222222222
0.05436536	0.003712493	0.100054444444	0.00905555555556
0.05010364	0.00410263	0.0975777777778	0.00912222222222
0.05629866	0.004945892	0.100114444444	0.00905555555556
0.05353844	0.006254857	0.0996	0.009
0.05293834	0.004011148	0.0974566666667	0.00923333333333
0.06956987	0.00451203	0.100301111111	0.00908888888889
0.04716184	0.006928588	0.0990555555556	0.00944444444444
0.04599443	0.004703198	0.0992555555556	0.00944444444444
0.05407158	0.003237369	0.0981388888889	0.00941111111111
0.03620365	0.007004079	0.100046666667	0.00903333333333
0.04449527	0.004382811	0.0999088888889	0.00901111111111
0.05356641	0.005656906	0.0983111111111	0.00898888888889
0.06297061	0.0065708	0.100202222222	0.00937777777778
0.0369281	0.004201281	0.100631111111	0.00918888888889
0.04739685	0.004107131	0.100333333333	0.00906666666667
0.05888092	0.005242992	0.0993444444444	0.00945555555556
0.05610258	0.003907962	0.1005	0.0091
0.02650763	0.005123303	0.0974	0.0093
0.04472104	0.004838837	0.0978477777778	0.00902222222222
0.0594465	0.004650204	0.0973888888889	0.00911111111111
0.04144066	0.003172833	0.100502222222	0.00907777777778
0.0452021	0.005395974	0.0974755555556	0.00934444444444
0.05048906	0.006463059	0.0972533333333	0.00916666666667
0.04767414	0.003854067	0.09792	0.009
0.05566903	0.00485206	0.0973777777778	0.00932222222222
0.05631185	0.003975777	0.100311111111	0.00938888888889
0.05090396	0.005764547	0.0972222222222	0.00917777777778
0.04904581	0.005304856	0.0992222222222	0.00947777777778
0.02256615	0.006798282	0.0982344444444	0.00945555555556
0.04322562	0.003392888	0.100011111111	0.00898888888889
0.05724934	0.003430522	0.0977	0.0094
0.06050506	0.006773651	0.0985855555556	0.00894444444444
0.03992629	0.007375649	0.100756666667	0.00913333333333
0.05059379	0.00278965	0.0981333333333	0.00896666666667
0.05148234	0.00424842	0.0971555555556	0.00924444444444
0.03618662	0.006628952	0.0984855555556	0.00894444444444
0.05740808	0.004435014	0.0974444444444	0.00905555555556
0.05035373	0.00403805	0.0971444444444	0.00925555555556
0.0444188	0.005493213	0.0992511111111	0.00948888888889
0.05420265	0.004856196	0.100844444444	0.00925555555556
0.05015068	0.003272447	0.0983822222222	0.00947777777778
0.05123303	0.005485952	0.0998044444444	0.00895555555556
0.03536436	0.01236505	0.0983222222222	0.00947777777778
0.05306384	0.004777469	0.0971577777778	0.00912222222222
0.05591751	0.004705817	0.100705555556	0.00934444444444
0.05853021	0.005918811	0.100033333333	0.00896666666667
0.05383602	0.005482621	0.100922222222	0.00917777777778
0.05859448	0.006037136	0.100866666667	0.00913333333333
0.04925704	0.004783172	0.0977111111111	0.00898888888889
0.04579031	0.005569029	0.0981555555556	0.00894444444444
0.05542011	0.00450112	0.09858	0.0095
0.04471452	0.004446276	0.0970222222222	0.00917777777778
0.06822544	0.00230981	0.100922222222	0.00927777777778
0.05397146	0.008229985	0.0970666666667	0.00913333333333
0.05199555	0.003341451	0.0979444444444	0.00895555555556
0.03746513	0.005559317	0.0989288888889	0.00891111111111
0.05103688	0.003737476	0.100975555556	0.00914444444444
0.0580571	0.006901753	0.0981466666667	0.00893333333333
0.06207813	0.004049125	0.0985888888889	0.00891111111111
0.05243037	0.002516499	0.0981266666667	0.00893333333333
0.0574706	0.005878354	0.0976555555556	0.00944444444444
0.05459922	0.006170671	0.100666666667	0.00903333333333
0.05560052	0.00345174	0.100133333333	0.00946666666667
0.06125254	0.003666008	0.101048888889	0.00921111111111
0.06028469	0.005629534	0.100144444444	0.00895555555556
0.06353477	0.0031259	0.101032222222	0.00927777777778
0.04847056	0.004192175	0.09939	0.0089
0.04948918	0.004130327	0.100253333333	0.00946666666667
0.03789836	0.007375082	0.1006	0.009
0.06334793	0.006492175	0.0973777777778	0.00942222222222
0.05335168	0.006642031	0.0990111111111	0.00888888888889
0.05288796	0.004838394	0.0984177777778	0.00952222222222
0.05487675	0.003880243	0.100313333333	0.00946666666667
0.04853878	0.007199834	0.100688888889	0.00901111111111
0.05253124	0.00501058	0.0996177777778	0.00952222222222
0.055331	0.006331315	0.0979777777778	0.00892222222222
0.06784828	0.003991932	0.100444444444	0.00945555555556
0.06166436	0.002614257	0.100535555556	0.00944444444444
0.05722481	0.002860424	0.0973666666667	0.00943333333333
0.04547735	0.006000728	0.101184444444	0.00925555555556
0.03969544	0.003508138	0.0969	0.0091
0.05389978	0.004357195	0.101022222222	0.00907777777778
0.0613623	0.005474229	0.100922222222	0.00937777777778
0.05344959	0.005185597	0.0988822222222	0.00887777777778
0.04249551	0.004444505	0.0991022222222	0.00887777777778
0.03500708	0.003989714	0.0992222222222	0.00887777777778
0.03942761	0.004351836	0.0994155555556	0.00954444444444
0.04831996	0.004832329	0.101044444444	0.00935555555556
0.05619171	0.007090719	0.0980777777778	0.00952222222222
0.05122571	0.00966105	0.09719	0.009
0.05923571	0.005430673	0.0999377777778	0.00952222222222
0.04142362	0.005726801	0.0967777777778	0.00912222222222
0.0401685	0.005317281	0.0967677777778	0.00912222222222
0.04449047	0.005084199	0.0966888888889	0.00921111111111
0.04717085	0.003537476	0.0970111111111	0.00938888888889
0.05668788	0.007673891	0.0970111111111	0.00938888888889
0.04855895	0.002472744	0.0983555555556	0.00954444444444
0.04981284	0.005349203	0.0974133333333	0.00946666666667
0.06106461	0.005803693	0.0973333333333	0.00896666666667
0.05915449	0.002362867	0.0969666666667	0.00903333333333
0.05228058	0.003363912	0.0968844444444	0.00905555555556
0.05738052	0.005429219	0.097	0.0094
0.05169302	0.005255779	0.0967	0.0093
0.04732989	0.005271035	0.0995333333333	0.00886666666667
0.04916887	0.003376473	0.09674	0.0091
0.05410124	0.005155608	0.0966188888889	0.00921111111111
0.05691779	0.004411527	0.0984333333333	0.00886666666667
0.06252103	0.005281416	0.0995444444444	0.00955555555556
0.04285513	0.006410172	0.0973444444444	0.00895555555556
0.05746975	0.003191415	0.100555555556	0.00894444444444
0.06538819	0.003254726	0.0983944444444	0.00955555555556
0.05097834	0.004343703	0.0965988888889	0.00921111111111
0.05680863	0.003150278	0.0966	0.0092
0.05563831	0.005892074	0.0998555555556	0.00954444444444
0.04642758	0.006911654	0.0996444444444	0.00955555555556
0.05641984	0.00466658	0.0978	0.0089
0.04894573	0.003226335	0.0986444444444	0.00885555555556
0.05626841	0.005081527	0.10128	0.0091
0.04273029	0.004988234	0.0973555555556	0.00894444444444
0.05417201	0.008384946	0.100977777778	0.00942222222222
0.05687301	0.004677024	0.10048	0.0095
0.04380602	0.006902801	0.101233333333	0.00906666666667
0.04389588	0.004087385	0.100277777778	0.00952222222222
0.05534737	0.00463505	0.0976977777778	0.00952222222222
0.06656041	0.004745345	0.0995833333333	0.00956666666667
0.06414235	0.004292838	0.0995844444444	0.00885555555556
0.05752766	0.005479006	0.101244444444	0.00935555555556
0.04874899	0.009981668	0.0991222222222	0.00957777777778
0.05994445	0.004382683	0.100022222222	0.00887777777778
0.05243979	0.004057472	0.101223333333	0.00936666666667
0.03814084	0.004560112	0.0968266666667	0.00903333333333
0.05430018	0.006463375	0.0977666666667	0.00953333333333
0.05970564	0.004291411	0.101088888889	0.00941111111111
0.05080062	0.00479673	0.0994222222222	0.00957777777778
0.04931455	0.004603751	0.0965511111111	0.00928888888889
0.04636119	0.003997104	0.100804444444	0.00895555555556
0.05083743	0.005235756	0.0997444444444	0.00885555555556
0.06156901	0.001933765	0.0994555555556	0.00884444444444
0.05932804	0.005086576	0.100488888889	0.00891111111111
0.04493855	0.003753945	0.0971444444444	0.00895555555556
0.04310647	0.004925676	0.0978222222222	0.00887777777778
0.04523742	0.002629506	0.100508888889	0.00891111111111
0.05871429	0.005330493	0.100844444444	0.00895555555556
0.06001843	0.003686286	0.0966444444444	0.00935555555556
0.05688497	0.006207217	0.0970444444444	0.00945555555556
0.05527229	0.005425282	0.0964444444444	0.00925555555556
0.05870209	0.003210182	0.101022222222	0.00897777777778
0.05575901	0.00666683	0.100588888889	0.00951111111111
0.04838487	0.008940588	0.0965	0.0091
0.05120662	0.004775903	0.101588888889	0.00921111111111
0.03178765	0.005594081	0.099	0.0096
0.05141144	0.00437554	0.0983666666667	0.00883333333333
0.04878642	0.005526621	0.0964222222222	0.00927777777778
0.05780059	0.005869072	0.101555555556	0.00914444444444
0.05270073	0.003739138	0.101442222222	0.00907777777778
0.05325404	0.003679949	0.100355555556	0.00954444444444
0.05931089	0.005766183	0.0992777777778	0.00882222222222
0.05250841	0.002118571	0.0967777777778	0.00942222222222
0.05699302	0.003165232	0.100395555556	0.00954444444444
0.02921457	0.005412928	0.0968555555556	0.00944444444444
0.04932654	0.003835248	0.0982111111111	0.00958888888889
0.07737282	0.003981916	0.0997666666667	0.00883333333333
0.0466163	0.003991204	0.0979822222222	0.00957777777778
0.05751242	0.0053945	0.0964088888889	0.00911111111111
0.04201972	0.003628356	0.09642	0.0091
0.05248695	0.007751683	0.0998666666667	0.00883333333333
0.04795849	0.002928513	0.101644444444	0.00915555555556
0.05002234	0.003531923	0.101588888889	0.00931111111111
0.04115528	0.003678708	0.0977444444444	0.00885555555556
0.04575076	0.003403899	0.0967	0.009
0.05242161	0.005088637	0.09728	0.0089
0.06363202	0.003810825	0.101535555556	0.00934444444444
0.03981559	0.004899084	0.101608888889	0.00911111111111
0.05743659	0.006120857	0.0975333333333	0.00886666666667
0.04875935	0.006817036	0.100202222222	0.00957777777778
0.04247505	0.004646805	0.0964244444444	0.00935555555556
0.05013645	0.005591755	0.0983888888889	0.00881111111111
0.04799764	0.005808631	0.0969666666667	0.00893333333333
0.05628996	0.003970907	0.09879	0.0088
0.0538882	0.00333423	0.0963088888889	0.00911111111111
0.04891224	0.005765594	0.0986777777778	0.00962222222222
0.05917314	0.004945077	0.0975433333333	0.00956666666667
0.0542671	0.005263575	0.09947	0.0088
0.0629883	0.003878486	0.0969577777778	0.00892222222222
0.05305584	0.005564114	0.101322222222	0.00897777777778
0.03278426	0.01386	0.09628	0.0091
0.05416985	0.005699765	0.100877777778	0.00952222222222
0.06294572	0.005886688	0.09964	0.0088
0.04768039	0.009406075	0.0998988888889	0.00881111111111
0.05405632	0.004522894	0.0988666666667	0.00963333333333
0.06987556	0.004891702	0.100654444444	0.00955555555556
0.06103289	0.003912498	0.0968111111111	0.00948888888889
0.04722711	0.005124021	0.100693333333	0.00886666666667
0.05260711	0.003771007	0.0963666666667	0.00903333333333
0.04868045	0.004782184	0.0999	0.0088
0.04543551	0.007701205	0.0964577777778	0.00942222222222
0.05583743	0.003030368	0.0993022222222	0.00877777777778
0.054969	0.003500328	0.101404444444	0.00945555555556
0.05256545	0.006432312	0.100693333333	0.00956666666667
0.05729476	0.004586586	0.0963111111111	0.00938888888889
0.05773093	0.005325804	0.0997866666667	0.00963333333333
0.05344919	0.005103276	0.0964	0.009
0.05892803	0.004437316	0.100377777778	0.00882222222222
0.05322027	0.003293222	0.0971333333333	0.00886666666667
0.052927	0.004328098	0.0964266666667	0.00943333333333
0.05760173	0.00337802	0.101355555556	0.00894444444444
0.04616043	0.005424686	0.0989533333333	0.00876666666667
0.05127343	0.003630713	0.100288888889	0.00881111111111
0.042603	0.005174003	0.101755555556	0.00904444444444
0.06540329	0.00501638	0.09753	0.0096
0.04840502	0.005729974	0.0999666666667	0.00963333333333
0.04130415	0.006335855	0.101552222222	0.00897777777778
0.05603835	0.003210686	0.0961222222222	0.00907777777778
0.04456403	0.005387966	0.0972555555556	0.00884444444444
0.05530468	0.002435627	0.1019	0.0091
0.05679013	0.003863282	0.1002	0.0088
0.05010661	0.006076031	0.0969555555556	0.00954444444444
0.03584236	0.004262804	0.0964844444444	0.00895555555556
0.05763695	0.007145904	0.0960666666667	0.00933333333333
0.06450051	0.006490342	0.1012	0.0089
0.04505151	0.009114487	0.102031111111	0.00918888888889
0.04637211	0.004984972	0.0999222222222	0.00877777777778
0.05678935	0.004302658	0.0976777777778	0.00962222222222
0.05896319	0.00518613	0.102033333333	0.00916666666667
0.05325876	0.003991928	0.0960555555556	0.00934444444444
0.04515751	0.005605517	0.102033333333	0.00926666666667
0.04192917	0.003252907	0.0966	0.0095
0.04567256	0.005046936	0.101855555556	0.00904444444444
0.06952894	0.007178085	0.101655555556	0.00944444444444
0.05823592	0.002521386	0.0998333333333	0.00876666666667
0.05307529	0.006890899	0.0977111111111	0.00878888888889
0.05883035	0.004316438	0.100677777778	0.00882222222222
0.05635943	0.004169701	0.0962177777778	0.00942222222222
0.05649884	0.004058427	0.0958933333333	0.00926666666667
0.04370642	0.005476742	0.101944444444	0.00905555555556
0.04378989	0.003577728	0.0967111111111	0.00888888888889
0.06060065	0.005636544	0.101751111111	0.00898888888889
0.05633038	0.004961537	0.0959566666667	0.00933333333333
0.05874263	0.005073907	0.100955555556	0.00884444444444
0.05308396	0.004344566	0.0962555555556	0.00944444444444
0.04572417	0.005090631	0.0994222222222	0.00967777777778
0.05347936	0.006749069	0.100972222222	0.00957777777778
0.0571025	0.003705266	0.0958444444444	0.00925555555556
0.05610974	0.004333697	0.100982222222	0.00957777777778
0.05144798	0.008543264	0.0963755555556	0.00894444444444
0.06039496	0.003274713	0.102111111111	0.00928888888889
0.066286	0.004249024	0.100295555556	0.00964444444444
0.03154716	0.004773165	0.0960577777778	0.00902222222222
0.04448463	0.004773404	0.101346666667	0.00953333333333
0.05600787	0.005315336	0.0991411111111	0.00968888888889
0.05134915	0.005558813	0.0987666666667	0.00873333333333
0.05383748	0.002799167	0.102044444444	0.00935555555556
0.05965244	0.006470646	0.0968333333333	0.00956666666667
0.06129222	0.006139736	0.0957777777778	0.00922222222222
0.05124938	0.002734279	0.0985666666667	0.00873333333333
0.05250441	0.00583803	0.100561111111	0.00878888888889
0.05900504	0.005459234	0.0961933333333	0.00896666666667
0.03847184	0.006564604	0.0981222222222	0.00967777777778
0.04928062	0.006542484	0.101793333333	0.00896666666667
0.04846427	0.005791534	0.0958466666667	0.00933333333333
0.05555907	0.00347131	0.0995666666667	0.00873333333333
0.05059797	0.008658158	0.0983511111111	0.00968888888889
0.04982252	0.004159918	0.100344444444	0.00965555555556
0.05222555	0.003817967	0.102255555556	0.00924444444444
0.05904475	0.004103237	0.102177777778	0.00932222222222
0.04334883	0.005377317	0.0992677777778	0.00872222222222
0.05770657	0.00422474	0.0957	0.0092
0.0470133	0.006631252	0.0962666666667	0.00893333333333
0.05407244	0.007621779	0.101422222222	0.00887777777778
0.03351773	0.006020168	0.0969477777778	0.00882222222222
0.05766088	0.003464724	0.100595555556	0.00964444444444
0.05304736	0.005847629	0.100948888889	0.00961111111111
0.06059404	0.005872714	0.0973555555556	0.00964444444444
0.05430503	0.004942717	0.0956611111111	0.00918888888889
0.0452888	0.004813834	0.0968166666667	0.00883333333333
0.05048713	0.005518275	0.09966	0.0097
0.06061322	0.006094128	0.100192222222	0.00967777777778
0.05981024	0.002214102	0.09828	0.0097
0.05816617	0.004031655	0.0966333333333	0.00956666666667
0.05177178	0.003713733	0.0991488888889	0.00871111111111
0.06029755	0.007615056	0.100011111111	0.00968888888889
0.05815532	0.009019376	0.0986888888889	0.00971111111111
0.05417888	0.005054143	0.101688888889	0.00891111111111
0.05344645	0.006684184	0.102288888889	0.00911111111111
0.04396798	0.004432271	0.0957	0.0091
0.0422292	0.007467802	0.0958888888889	0.00941111111111
0.04359317	0.004868988	0.0956111111111	0.00918888888889
0.06058008	0.004394329	0.0976922222222	0.00967777777778
0.05734888	0.004159811	0.0984888888889	0.00971111111111
0.04987684	0.006597512	0.0957444444444	0.00935555555556
0.04633813	0.006953647	0.100463333333	0.00966666666667
0.04033646	0.003823757	0.0980977777778	0.00872222222222
0.04421214	0.006069263	0.0973433333333	0.00876666666667
0.04909871	0.005585613	0.100644444444	0.00965555555556
0.05286674	0.003767482	0.0960444444444	0.00895555555556
0.05107664	0.004842883	0.0966222222222	0.00957777777778
0.05668379	0.005388417	0.0958488888889	0.00941111111111
0.05873372	0.00541076	0.101286666667	0.00883333333333
0.05948094	0.005738639	0.102366666667	0.00913333333333
0.03523357	0.007316882	0.0955844444444	0.00915555555556
0.06479712	0.005039799	0.0992577777778	0.00972222222222
0.06005342	0.005138017	0.101311111111	0.00958888888889
0.05371426	0.003208309	0.101922222222	0.00947777777778
0.05622052	0.004873885	0.0970366666667	0.00963333333333
0.0599381	0.003543443	0.102422222222	0.00917777777778
0.05556192	0.003896323	0.0964333333333	0.00886666666667
0.04150441	0.005585653	0.0981588888889	0.00971111111111
0.05143033	0.004392607	0.0965555555556	0.00884444444444
0.05533113	0.004904217	0.0955711111111	0.00928888888889
0.05042826	0.00628647	0.0955444444444	0.00925555555556
0.05753596	0.006304345	0.0967	0.0096
0.065092	0.004659506	0.0959333333333	0.00896666666667
0.0663747	0.007280905	0.102355555556	0.00934444444444
0.04810009	0.006754365	0.102177777778	0.00942222222222
0.06119421	0.004850258	0.0956333333333	0.00906666666667
0.05433393	0.005125293	0.0991666666667	0.00973333333333
0.05391458	0.007081557	0.0992811111111	0.00868888888889
0.04999007	0.005885225	0.0960111111111	0.00948888888889
0.05498373	0.005248664	0.09616	0.0089
0.05125706	0.002959292	0.0998377777778	0.00972222222222
0.05221041	0.004441225	0.101888888889	0.00951111111111
0.05562155	0.004721082	0.1012	0.0088
0.06571592	0.005380875	0.0967777777778	0.00962222222222
0.05098631	0.004741635	0.0954577777778	0.00922222222222
0.05492732	0.003579301	0.0999	0.0087
0.05212207	0.004822426	0.102522222222	0.00917777777778
0.05618852	0.003695349	0.0969555555556	0.00964444444444
0.06569951	0.0036037	0.0976	0.0097
0.04956561	0.00572513	0.10187	0.0089
0.06634689	0.005559619	0.101877777778	0.00952222222222
0.05106255	0.002817596	0.0954888888889	0.00911111111111
0.05730612	0.00472239	0.0954888888889	0.00911111111111
0.0566332	0.005689815	0.102488888889	0.00931111111111
0.04047846	0.004135748	0.102533333333	0.00926666666667
0.04636765	0.006139214	0.102477777778	0.00932222222222
0.0570012	0.004584495	0.100611111111	0.00968888888889
0.04833865	0.006016134	0.100611111111	0.00968888888889
0.05652253	0.002436962	0.1025	0.0091
0.06014766	0.004160973	0.101388888889	0.00961111111111
0.04038578	0.007133318	0.0954866666667	0.00933333333333
0.05968625	0.005579249	0.102266666667	0.00943333333333
0.05080383	0.004992255	0.101487777778	0.00882222222222
0.04495191	0.005584655	0.102081111111	0.00948888888889
0.05014026	0.005730008	0.0955333333333	0.00936666666667
0.04805789	0.005367738	0.0973111111111	0.00968888888889
0.05337094	0.008019247	0.0964777777778	0.00882222222222
0.05315248	0.004102355	0.102358888889	0.00901111111111
0.05618721	0.005498922	0.0970233333333	0.00966666666667
0.05499726	0.004638786	0.0996455555556	0.00974444444444
0.06158005	0.005682246	0.0960666666667	0.00953333333333
0.05490977	0.00548776	0.0956711111111	0.00898888888889
0.04273159	0.007425175	0.0990133333333	0.00866666666667
0.0492968	0.004464309	0.0962955555556	0.00884444444444
0.05662013	0.006051661	0.0964377777778	0.00882222222222
0.06485404	0.004587437	0.0988333333333	0.00866666666667
0.0540499	0.003354892	0.0979366666667	0.00973333333333
0.04457853	0.005335948	0.102	0.0089
0.05731299	0.004924172	0.0953888888889	0.00911111111111
0.04023594	0.006633505	0.10064	0.0097
0.04253939	0.004700739	0.101033333333	0.00966666666667
0.05432137	0.004331613	0.0964	0.0096
0.05402934	0.004115756	0.0962455555556	0.00884444444444
0.0539446	0.005581399	0.102212222222	0.00947777777778
0.05563184	0.005945066	0.0996333333333	0.00866666666667
0.05202678	0.004753843	0.0999822222222	0.00867777777778
0.06992073	0.005818904	0.0973888888889	0.00971111111111
0.05667025	0.007010337	0.0959666666667	0.00953333333333
0.05264747	0.006124439	0.0956933333333	0.00946666666667
0.05527312	0.003706029	0.0961333333333	0.00956666666667
0.05661482	0.006419716	0.0991244444444	0.00865555555556
0.05295598	0.005727242	0.0959566666667	0.00953333333333
0.04846805	0.005950785	0.0982133333333	0.00866666666667
0.05282166	0.004064678	0.101972222222	0.00887777777778
0.04332018	0.006341813	0.100321111111	0.00868888888889
0.05035088	0.004145489	0.09552	0.009
0.05554723	0.004771622	0.101365555556	0.00964444444444
0.06256252	0.005960473	0.10252	0.0094
0.046816	0.004140052	0.0952433333333	0.00916666666667
0.05521012	0.003063511	0.0952888888889	0.00931111111111
0.05354433	0.0065661	0.102661111111	0.00908888888889
0.06123914	0.003362456	0.102751111111	0.00918888888889
0.05695019	0.005386728	0.0977722222222	0.00867777777778
0.05205727	0.006011434	0.0961222222222	0.00957777777778
0.04346768	0.004803583	0.0952222222222	0.00917777777778
0.05258444	0.006561326	0.0952222222222	0.00917777777778
0.04618355	0.002800518	0.0953222222222	0.00907777777778
0.05717499	0.003178977	0.0952777777778	0.00932222222222
0.03710137	0.003748554	0.0966444444444	0.00965555555556
0.05124661	0.003551845	0.0952222222222	0.00927777777778
0.04907919	0.00317693	0.0987555555556	0.00864444444444
0.05320982	0.007110445	0.09525	0.0091
0.05574608	0.003887664	0.0959444444444	0.00955555555556
0.04595947	0.007928471	0.101475555556	0.00964444444444
0.05595498	0.002413471	0.102238888889	0.00951111111111
0.05635989	0.00567442	0.0960555555556	0.00884444444444
0.04851161	0.00964057	0.10099	0.0097
0.04792751	0.004777628	0.100908888889	0.00971111111111
0.04943721	0.00458503	0.0967222222222	0.00967777777778
0.055688	0.004761576	0.101255555556	0.00874444444444
0.05892733	0.004790039	0.0964422222222	0.00877777777778
0.05385604	0.006242806	0.100777777778	0.00972222222222
0.05538847	0.0068572	0.102846666667	0.00923333333333
0.0535732	0.007814186	0.0992066666667	0.00863333333333
0.05185397	0.008420623	0.0959333333333	0.00956666666667
0.04346593	0.005607038	0.0973111111111	0.00868888888889
0.0526712	0.003800003	0.102211111111	0.00888888888889
0.03991897	0.005093513	0.0951	0.0092
0.0463285	0.006203371	0.0967666666667	0.00873333333333
0.03532216	0.007627254	0.0955666666667	0.00893333333333
0.06485254	0.003221896	0.0969888888889	0.00971111111111
0.0573265	0.003159116	0.0966555555556	0.00874444444444
0.0603483	0.004914141	0.100716666667	0.00973333333333
0.05894053	0.004954535	0.0965533333333	0.00966666666667
0.05871111	0.005992221	0.10238	0.0095
0.0591595	0.003437754	0.0951022222222	0.00927777777778
0.05917839	0.00491218	0.101444444444	0.00875555555556
0.05271743	0.003988741	0.0957111111111	0.00888888888889
0.05971547	0.002173215	0.0973222222222	0.00867777777778
0.04733463	0.01146986	0.100293333333	0.00976666666667
0.04939185	0.005356368	0.100811111111	0.00868888888889
0.05604461	0.005077317	0.09908	0.0098
0.04707409	0.003654544	0.0988777777778	0.00862222222222
0.056406	0.002324509	0.0958444444444	0.00885555555556
0.06107349	0.003583773	0.102813333333	0.00906666666667
0.04978707	0.005569753	0.0981866666667	0.00863333333333
0.04878094	0.005986043	0.101672222222	0.00877777777778
0.04850311	0.004690895	0.100977777778	0.00972222222222
0.05445834	0.003966867	0.0985777777778	0.00862222222222
0.04626079	0.007605984	0.0981111111111	0.00978888888889
0.05733157	0.005864949	0.100152222222	0.00977777777778
0.05551873	0.005487821	0.0978222222222	0.00977777777778
0.05581753	0.005423867	0.101	0.0087
0.05028281	0.005105599	0.0952777777778	0.00942222222222
0.03615819	0.005792063	0.0951011111111	0.00908888888889
0.06215519	0.005928196	0.102377777778	0.00952222222222
0.04031448	0.004764942	0.0970811111111	0.00868888888889
0.05102755	0.006691998	0.0996	0.0098
0.04200846	0.003802884	0.102977777778	0.00922222222222
0.05696983	0.00369627	0.100444444444	0.00865555555556
0.04534043	0.004100944	0.100011111111	0.00978888888889
0.04206742	0.002901466	0.0962222222222	0.00877777777778
0.04675057	0.005260604	0.0958766666667	0.00883333333333
0.05369379	0.004446879	0.101208888889	0.00871111111111
0.06699053	0.002769465	0.0961311111111	0.00878888888889
0.06297441	0.005874976	0.0987888888889	0.00981111111111
0.04681231	0.008081853	0.0959888888889	0.00961111111111
0.05380739	0.004702907	0.0986288888889	0.00981111111111
0.04174835	0.003510526	0.095	0.0093
0.06800173	0.004385605	0.0985488888889	0.00981111111111
0.04145486	0.007959486	0.102457777778	0.00952222222222
0.05634947	0.004209707	0.0984288888889	0.00981111111111
0.04803778	0.005643898	0.101822222222	0.00877777777778
0.05874043	0.007565289	0.0961555555556	0.00964444444444
0.0442574	0.006075035	0.09588	0.0096
0.05571269	0.006863229	0.101575555556	0.00874444444444
0.0487904	0.006487061	0.102375555556	0.00954444444444
0.05649823	0.006906406	0.100266666667	0.00863333333333
0.05490228	0.003697123	0.0996888888889	0.00861111111111
0.05226382	0.005215206	0.102616666667	0.00893333333333
0.0661434	0.006540987	0.102755555556	0.00944444444444
0.05731141	0.008569749	0.0949777777778	0.00932222222222
0.05152405	0.005394714	0.0950622222222	0.00937777777778
0.05453632	0.00599809	0.0960311111111	0.00878888888889
0.05354425	0.003391982	0.0971133333333	0.00866666666667
0.04548528	0.007388283	0.0976166666667	0.00863333333333
0.06416567	0.008556447	0.10015	0.0098
0.05129736	0.006648892	0.0998888888889	0.00861111111111
0.04528657	0.005049292	0.0965888888889	0.00971111111111
0.06107766	0.004022892	0.101388888889	0.00971111111111
0.06179231	0.004041791	0.101986666667	0.00963333333333
0.05219457	0.006316161	0.0953111111111	0.00948888888889
0.05517548	0.003405246	0.0969222222222	0.00867777777778
0.04907435	0.004046151	0.0948966666667	0.00913333333333
0.05666983	0.004653512	0.0980088888889	0.00981111111111
0.04947082	0.006103116	0.102877777778	0.00942222222222
0.05552201	0.004203191	0.1021	0.0088
0.05646367	0.003975836	0.0974466666667	0.00863333333333
0.05999146	0.006309234	0.0989666666667	0.00983333333333
0.0518425	0.004342239	0.0990111111111	0.00858888888889
0.05464277	0.003875074	0.103044444444	0.00935555555556
0.05817949	0.005095294	0.101387777778	0.00972222222222
0.05075236	0.004488739	0.101933333333	0.00876666666667
0.05416213	0.00432677	0.0960444444444	0.00965555555556
0.05448407	0.003292457	0.0985111111111	0.00858888888889
0.04156274	0.004694636	0.102277777778	0.00882222222222
0.0684159	0.004289564	0.10299	0.0094
0.05993937	0.004425184	0.0951822222222	0.00947777777778
0.05069578	0.004099091	0.102647777778	0.00952222222222
0.04993543	0.006177603	0.0952477777778	0.00892222222222
0.05275232	0.00768915	0.100822222222	0.00977777777778
0.04873981	0.004612257	0.0973166666667	0.00863333333333
0.06567451	0.005168176	0.101822222222	0.00967777777778
0.04627972	0.004013986	0.0949888888889	0.00941111111111
0.05574192	0.003321482	0.102055555556	0.00964444444444
0.06402377	0.00700474	0.101255555556	0.00974444444444
0.05461512	0.003653723	0.0969544444444	0.00865555555556
0.05137641	0.004196574	0.0960444444444	0.00875555555556
0.05847441	0.004997742	0.0998111111111	0.00858888888889
0.05707022	0.004916298	0.102966666667	0.00943333333333
0.03595182	0.007576541	0.0949111111111	0.00938888888889
0.05753584	0.004886454	0.0974	0.0098
0.05175226	0.005027798	0.102811111111	0.00948888888889
0.0532935	0.003300137	0.0993555555556	0.00984444444444
0.04279541	0.00350167	0.103177777778	0.00932222222222
0.06208245	0.005219011	0.0981111111111	0.00858888888889
0.04998861	0.005707019	0.0978	0.0086
0.05846973	0.006263747	0.0951222222222	0.00947777777778
0.06029762	0.003105647	0.102748888889	0.00951111111111
0.06301122	0.004281589	0.100811111111	0.00978888888889
0.05385303	0.005234207	0.101915555556	0.00874444444444
0.03717285	0.005203439	0.0947122222222	0.00917777777778
0.05046026	0.005280139	0.101466666667	0.00973333333333
0.04265839	0.005122646	0.103144444444	0.00905555555556
0.04774075	0.005920537	0.09558	0.0096
0.05230847	0.005363121	0.0947222222222	0.00927777777778
0.05041981	0.003670783	0.0949822222222	0.00897777777778
0.06140811	0.008648336	0.100066666667	0.00983333333333
0.05751288	0.003655842	0.0951788888889	0.00891111111111
0.05303583	0.00333398	0.0970866666667	0.00863333333333
0.05073324	0.007218938	0.0948044444444	0.00905555555556
0.05859696	0.004922937	0.0990244444444	0.00985555555556
0.05517242	0.005645229	0.0948222222222	0.00937777777778
0.04585155	0.009414647	0.0988533333333	0.00856666666667
0.05921287	0.004993779	0.0991333333333	0.00856666666667
0.06176296	0.005459402	0.0958533333333	0.00876666666667
0.05810393	0.005167317	0.0993033333333	0.00856666666667
0.05145956	0.006462842	0.103022222222	0.00897777777778
0.04574229	0.003369999	0.0993433333333	0.00856666666667
0.03659131	0.006710938	0.102388888889	0.00881111111111
0.05235746	0.004549611	0.0969022222222	0.00977777777778
0.07034272	0.004908077	0.103193333333	0.00936666666667
0.0622456	0.005133369	0.102153333333	0.00876666666667
0.05686716	0.003079117	0.0970111111111	0.00978888888889
0.05168113	0.005559179	0.0947077777778	0.00932222222222
0.05230582	0.004449443	0.103324444444	0.00915555555556
0.0447353	0.004843061	0.0969911111111	0.00978888888889
0.06861498	0.003958541	0.0953444444444	0.00885555555556
0.05766066	0.006836449	0.0958733333333	0.00966666666667
0.06045314	0.005556661	0.101495555556	0.00974444444444
0.05728319	0.004657938	0.101877777778	0.00872222222222
0.05731131	0.00429976	0.101155555556	0.00864444444444
0.05280409	0.004089589	0.100311111111	0.00858888888889
0.05500871	0.00434696	0.0954777777778	0.00882222222222
0.06134936	0.004141028	0.09513	0.0089
0.06157651	0.004584576	0.0989733333333	0.00986666666667
0.05660353	0.007375901	0.0991333333333	0.00986666666667
0.06116037	0.003792391	0.0992333333333	0.00986666666667
0.07185965	0.004628767	0.0978222222222	0.00857777777778
0.0620961	0.003782126	0.103382222222	0.00917777777778
0.04980565	0.004092748	0.100788888889	0.00861111111111
0.05121011	0.007278608	0.103388888889	0.00921111111111
0.0574652	0.006206641	0.0986444444444	0.00855555555556
0.05824349	0.004706776	0.0986444444444	0.00855555555556
0.05592086	0.005545468	0.0993544444444	0.00855555555556
0.05311372	0.005436743	0.103188888889	0.00941111111111
0.06059591	0.003436419	0.101255555556	0.00864444444444
0.05262273	0.00388038	0.0995333333333	0.00986666666667
0.0398172	0.007490684	0.0945733333333	0.00916666666667
0.05239285	0.005994243	0.1018	0.0087
0.05817238	0.004845034	0.0958422222222	0.00967777777778
0.05293142	0.004365496	0.102866666667	0.00953333333333
0.05180284	0.005606304	0.0970888888889	0.00861111111111
0.05692923	0.003054772	0.0947777777778	0.00942222222222
0.04683821	0.007843401	0.103345555556	0.00934444444444
0.05529366	0.008030122	0.100571111111	0.00858888888889
0.05037127	0.005031663	0.0945444444444	0.00925555555556
0.05755669	0.006413814	0.0990122222222	0.00987777777778
0.04594007	0.007257957	0.0953577777778	0.00882222222222
0.05149051	0.004593075	0.0981333333333	0.00986666666667
0.06779967	0.005955518	0.103455555556	0.00924444444444
0.05890746	0.003671784	0.103455555556	0.00924444444444
0.05438148	0.003638522	0.102911111111	0.00888888888889
0.049205	0.006456933	0.103311111111	0.00938888888889
0.04972374	0.00800772	0.0973111111111	0.00858888888889
0.05531601	0.004014686	0.09544	0.0088
0.06667222	0.00405541	0.101715555556	0.00974444444444
0.04334527	0.00468992	0.09591	0.0097
0.04818447	0.004420269	0.10297	0.0089
0.06492588	0.006457722	0.0946777777778	0.00902222222222
0.04269941	0.004418668	0.0984155555556	0.00854444444444
0.05885156	0.002370517	0.102711111111	0.00958888888889
0.05942203	0.003891152	0.102813333333	0.00956666666667
0.04559888	0.00459844	0.0949177777778	0.00892222222222
0.04809467	0.005256777	0.0946222222222	0.00937777777778
0.05267727	0.004097728	0.0958111111111	0.00968888888889
0.04661716	0.004166368	0.0963333333333	0.00866666666667
0.05642046	0.008501696	0.100313333333	0.00856666666667
0.05039471	0.005165069	0.0947	0.009
0.05202834	0.003375521	0.103365555556	0.00904444444444
0.0525458	0.004305371	0.0949777777778	0.00952222222222
0.04788375	0.005959952	0.0955222222222	0.00877777777778
0.04365465	0.006639263	0.102462222222	0.00877777777778
0.05300846	0.004178074	0.0944666666667	0.00923333333333
0.06565118	0.005161079	0.102638888889	0.00961111111111
0.05134894	0.00371642	0.101462222222	0.00977777777778
0.05354435	0.003603736	0.0947111111111	0.00898888888889
0.06098226	0.006468925	0.103468888889	0.00931111111111
0.03867753	0.008754705	0.0998055555556	0.00854444444444
0.05249228	0.01163458	0.0944488888889	0.00921111111111
0.05380236	0.006631611	0.0944511111111	0.00918888888889
0.05464245	0.003652763	0.0973522222222	0.00857777777778
0.05556178	0.004531427	0.103488888889	0.00911111111111
0.0470805	0.004576486	0.100645555556	0.00984444444444
0.05630238	0.007270972	0.100204444444	0.00855555555556
0.05457513	0.006562624	0.0980755555556	0.00854444444444
0.05537522	0.005811948	0.0956033333333	0.00966666666667
0.05033345	0.00464819	0.0985111111111	0.00988888888889
0.04900747	0.004727324	0.0963444444444	0.00865555555556
0.04392624	0.00581741	0.0948888888889	0.00951111111111
0.06210128	0.005780972	0.0951255555556	0.00884444444444
0.05362361	0.004179886	0.09594	0.0087
0.0461436	0.00485178	0.100544444444	0.00985555555556
0.05508033	0.006113243	0.100544444444	0.00985555555556
0.05228514	0.00712207	0.0947333333333	0.00946666666667
0.05524329	0.005993656	0.101208888889	0.00861111111111
0.04275269	0.007985962	0.101966666667	0.00973333333333
0.04104779	0.004689997	0.102555555556	0.00964444444444
0.05146165	0.005063436	0.100604444444	0.00985555555556
0.05437354	0.0042151	0.0992	0.0099
0.05275891	0.002395448	0.0945688888889	0.00901111111111
0.06037926	0.006335457	0.100663333333	0.00856666666667
0.06207546	0.004285263	0.100845555556	0.00984444444444
0.05253772	0.004099452	0.09942	0.0099
0.04885906	0.004282377	0.101955555556	0.00974444444444
0.05883268	0.004396423	0.0995477777778	0.00852222222222
0.05649349	0.005537681	0.0944444444444	0.00935555555556
0.05063416	0.006006866	0.0943888888889	0.00931111111111
0.05438742	0.003760905	0.102066666667	0.00973333333333
0.04187252	0.007557699	0.101793333333	0.00976666666667
0.05513223	0.005374811	0.102573333333	0.00876666666667
0.05587425	0.005211991	0.0979266666667	0.00853333333333
0.04986084	0.002921852	0.0979111111111	0.00988888888889
0.05416082	0.004579598	0.0968666666667	0.00983333333333
0.0695799	0.004998822	0.0954444444444	0.00875555555556
0.0580841	0.004128845	0.0958	0.0087
0.06250811	0.004161149	0.0968511111111	0.00858888888889
0.04518013	0.005023218	0.101833333333	0.00976666666667
0.05747415	0.002019675	0.0989888888889	0.00991111111111
0.06250534	0.005895903	0.0960444444444	0.00975555555556
0.03508749	0.006437714	0.0987888888889	0.00991111111111
0.04252484	0.004767027	0.0946144444444	0.00895555555556
0.05845913	0.006323883	0.0942888888889	0.00921111111111
0.0494701	0.004078131	0.0960144444444	0.00975555555556
0.05165737	0.005981141	0.0984888888889	0.00991111111111
0.05097151	0.004141829	0.0994888888889	0.00851111111111
0.04165713	0.004168488	0.0999777777778	0.00852222222222
0.04920223	0.004352897	0.103694444444	0.00925555555556
0.04926033	0.004991797	0.0952111111111	0.00878888888889
0.05471981	0.001950871	0.0983888888889	0.00851111111111
0.04794097	0.003433953	0.0961555555556	0.00864444444444
0.04168323	0.003755403	0.0982888888889	0.00851111111111
0.06224051	0.005527149	0.100366666667	0.00853333333333
0.05180502	0.006357715	0.1001	0.0099
0.06003275	0.005954587	0.103382222222	0.00947777777778
0.05837629	0.004878738	0.102122222222	0.00867777777778
0.05470385	0.003167439	0.102633333333	0.00966666666667
0.05422737	0.006395956	0.0944077777778	0.00902222222222
0.05254824	0.004972569	0.103511111111	0.00898888888889
0.04953551	0.01121748	0.103405555556	0.00894444444444
0.05863471	0.003505277	0.0942777777778	0.00932222222222
0.05020202	0.004414286	0.0980888888889	0.00991111111111
0.04759224	0.003998469	0.101677777778	0.00862222222222
0.05896002	0.004668341	0.0994	0.0085
0.05707935	0.004948835	0.100506666667	0.00853333333333
0.05816796	0.004569376	0.0963888888889	0.00861111111111
0.05125995	0.004488604	0.0942	0.0092
0.04996286	0.004444382	0.0942044444444	0.00915555555556
0.04826933	0.006226825	0.103122222222	0.00957777777778
0.05013659	0.009057475	0.103555555556	0.00944444444444
0.05651692	0.002227371	0.103311111111	0.00888888888889
0.05557689	0.004071997	0.0946666666667	0.00953333333333
0.05483797	0.002604246	0.10156	0.0086
0.05851709	0.002679209	0.0948666666667	0.00883333333333
0.05955527	0.003589128	0.0973111111111	0.00988888888889
0.05492879	0.004995317	0.0941888888889	0.00931111111111
0.03737171	0.00714746	0.0952822222222	0.00967777777778
0.04274879	0.003633728	0.0974777777778	0.00852222222222
0.04725681	0.00397818	0.0942766666667	0.00903333333333
0.0558768	0.005980156	0.0976888888889	0.00851111111111
0.05462978	0.003409167	0.0942711111111	0.00938888888889
0.03954502	0.004139833	0.103233333333	0.00956666666667
0.03172789	0.005317662	0.0941866666667	0.00933333333333
0.04334998	0.004998801	0.102305555556	0.00974444444444
0.05386481	0.004411882	0.0952422222222	0.00967777777778
0.05333337	0.006078322	0.0983111111111	0.00848888888889
0.05046608	0.003920913	0.10366	0.009
0.06662418	0.007747116	0.102075555556	0.00864444444444
0.04559038	0.006878777	0.103811111111	0.00908888888889
0.04473529	0.005896057	0.0982066666667	0.00993333333333
0.05220001	0.005209647	0.102824444444	0.00875555555556
0.05396961	0.004681597	0.103186666667	0.00883333333333
0.07141252	0.006094076	0.103815555556	0.00934444444444
0.03466224	0.005587569	0.0957833333333	0.00976666666667
0.05067061	0.007156242	0.0967844444444	0.00855555555556
0.06445195	0.004391254	0.0988222222222	0.00847777777778
0.05416374	0.005989593	0.0992555555556	0.00994444444444
0.05878963	0.004013868	0.0953888888889	0.00871111111111
0.04806594	0.004659978	0.101828888889	0.00981111111111
0.05461284	0.004514937	0.0956833333333	0.00866666666667
0.0517535	0.004633312	0.0980666666667	0.00993333333333
0.04662779	0.005010792	0.0972677777778	0.00852222222222
0.06039248	0.00355714	0.0944577777778	0.00892222222222
0.05397652	0.005843647	0.103488888889	0.00891111111111
0.06007351	0.003567861	0.0977	0.0085
0.05036229	0.003836042	0.102677777778	0.00872222222222
0.06008745	0.003987769	0.0970511111111	0.00988888888889
0.05174455	0.005908403	0.0943333333333	0.00896666666667
0.05332233	0.007092529	0.09489	0.0088
0.05161839	0.007129133	0.103653333333	0.00896666666667
0.06136931	0.004162532	0.101977777778	0.00862222222222
0.05263965	0.005329308	0.103633333333	0.00946666666667
0.054328	0.006063709	0.100377777778	0.00992222222222
0.05833812	0.006741329	0.0968155555556	0.00854444444444
0.04922151	0.004513084	0.103022222222	0.00877777777778
0.02712017	0.005483749	0.103684444444	0.00945555555556
0.04883583	0.004721537	0.0942933333333	0.00896666666667
0.06252345	0.002693079	0.101464444444	0.00985555555556
0.04848907	0.008047258	0.0966333333333	0.00986666666667
0.05787851	0.005535682	0.0946555555556	0.00884444444444
0.03738171	0.003662493	0.0941888888889	0.00941111111111
0.03364881	0.006324945	0.103746666667	0.00943333333333
0.04457251	0.004600238	0.103655555556	0.00894444444444
0.0453432	0.003650989	0.102413333333	0.00866666666667
0.05479582	0.005899442	0.0944088888889	0.00891111111111
0.06762519	0.00403829	0.10264	0.0087
0.0515057	0.006935687	0.101877777778	0.00982222222222
0.0421996	0.005074558	0.0956333333333	0.00976666666667
0.04907116	0.004297245	0.0941111111111	0.00938888888889
0.05065686	0.004113909	0.0950555555556	0.00874444444444
0.04842642	0.00416659	0.0960677777778	0.00982222222222
0.05129056	0.009391382	0.0944466666667	0.00953333333333
0.06473625	0.004348497	0.101166666667	0.00853333333333
0.04802651	0.002430532	0.100102222222	0.00847777777778
0.04696486	0.004743607	0.0971488888889	0.00991111111111
0.04533292	0.005676762	0.0943111111111	0.00948888888889
0.04024042	0.006056606	0.0975666666667	0.00993333333333
0.06118269	0.005354295	0.0997444444444	0.00995555555556
0.02883807	0.005667462	0.100858888889	0.00851111111111
0.0566711	0.00602191	0.103977777778	0.00932222222222
0.04281225	0.004034156	0.103811111111	0.00898888888889
0.04689897	0.003515622	0.0939777777778	0.00912222222222
0.05519938	0.002772232	0.103522222222	0.00887777777778
0.04483561	0.005434534	0.0943777777778	0.00952222222222
0.05895509	0.005523159	0.0981033333333	0.00846666666667
0.0485456	0.00805313	0.0946888888889	0.00961111111111
0.05112378	0.006236941	0.0940777777778	0.00902222222222
0.05629815	0.004428009	0.0953111111111	0.00868888888889
0.03745452	0.003662541	0.0949333333333	0.00966666666667
0.05080515	0.006838375	0.0959777777778	0.00982222222222
0.04132174	0.006556499	0.0947611111111	0.00878888888889
0.05555923	0.007119108	0.101435555556	0.00854444444444
0.0512574	0.005926609	0.100988888889	0.00851111111111
0.04125598	0.004891127	0.0948533333333	0.00876666666667
0.06162728	0.004470749	0.0945222222222	0.00957777777778
0.05797936	0.004055796	0.103377777778	0.00882222222222
0.05490549	0.006280531	0.0958388888889	0.00861111111111
0.05583856	0.003879683	0.104066666667	0.00913333333333
0.04551862	0.007798419	0.103144444444	0.00965555555556
0.05276641	0.004537365	0.103144444444	0.00965555555556
0.05779465	0.004301103	0.0982444444444	0.00845555555556
0.05702398	0.004360874	0.1012	0.0099
0.05683901	0.004658341	0.10226	0.0098
0.05479739	0.003920191	0.0938911111111	0.00928888888889
0.05670037	0.002073036	0.0981444444444	0.00845555555556
0.04524082	0.003498023	0.0989955555556	0.00844444444444
0.04200661	0.003009479	0.0972666666667	0.00993333333333
0.04666883	0.006204925	0.101088888889	0.00851111111111
0.05030213	0.005868381	0.100917777778	0.00992222222222
0.04876912	0.00554362	0.0970577777778	0.00992222222222
0.05504134	0.007509277	0.102097777778	0.00982222222222
0.05144209	0.004826927	0.0950888888889	0.00871111111111
0.0537175	0.004641274	0.0956777777778	0.00862222222222
0.06273771	0.004435932	0.103082222222	0.00967777777778
0.06314778	0.004008684	0.103144444444	0.00875555555556
0.04368085	0.006004238	0.100334444444	0.00995555555556
0.05659824	0.006534944	0.101833333333	0.00856666666667
0.06890263	0.003384179	0.104064444444	0.00935555555556
0.04119592	0.00775364	0.102664444444	0.00975555555556
0.05089972	0.00690572	0.103624444444	0.00955555555556
0.06426319	0.00458235	0.103377777778	0.00962222222222
0.0547164	0.004365611	0.0978444444444	0.00845555555556
0.05398622	0.006680771	0.102177777778	0.00982222222222
0.05312416	0.005937368	0.0953733333333	0.00976666666667
0.0459282	0.00279558	0.0938666666667	0.00933333333333
0.05385616	0.005653156	0.0938666666667	0.00933333333333
0.04636759	0.003697035	0.0982155555556	0.00844444444444
0.05720084	0.008726282	0.0975344444444	0.00995555555556
0.04339625	0.008082148	0.0938	0.0092
0.05928075	0.003692691	0.0966	0.0099
0.0532425	0.005754522	0.102613333333	0.00976666666667
0.04957627	0.004729263	0.0950088888889	0.00871111111111
0.0545608	0.004820753	0.0989766666667	0.00843333333333
0.05007028	0.004993184	0.0990666666667	0.00843333333333
0.04176905	0.005026117	0.0992666666667	0.00843333333333
0.05945127	0.00540088	0.104028888889	0.00901111111111
0.04857636	0.006719861	0.0974333333333	0.00846666666667
0.04252858	0.004894566	0.0942	0.0089
0.0446655	0.005968866	0.0994911111111	0.00998888888889
0.05054543	0.003967994	0.0949688888889	0.00971111111111
0.03729845	0.003145824	0.100055555556	0.00844444444444
0.04435576	0.004343938	0.0996111111111	0.00998888888889
0.05664468	0.005670879	0.0941777777778	0.00952222222222
0.04615846	0.004608872	0.0948266666667	0.00873333333333
0.04263618	0.006636538	0.0973333333333	0.00846666666667
0.05320148	0.004688764	0.0997111111111	0.00998888888889
0.06147323	0.005982823	0.0982611111111	0.00998888888889
0.06258647	0.002419167	0.0938666666667	0.00903333333333
0.05085144	0.004239242	0.0940144444444	0.00895555555556
0.04273397	0.005661946	0.0940666666667	0.00893333333333
0.04346264	0.006284732	0.0946444444444	0.00965555555556
0.05029852	0.002715587	0.0998111111111	0.00998888888889
0.0551693	0.005292312	0.0949777777778	0.00972222222222
0.05959399	0.004046637	0.0938888888889	0.00901111111111
0.0557357	0.004682093	0.0990777777778	0.00842222222222
0.04990368	0.00634319	0.102946666667	0.00973333333333
0.05389338	0.00441657	0.100513333333	0.00996666666667
0.04390534	0.006251217	0.0958355555556	0.00984444444444
0.04639146	0.004889046	0.09496	0.0087
0.03695244	0.00796991	0.101577777778	0.00852222222222
0.05023896	0.00399562	0.0942955555556	0.00884444444444
0.04972929	0.004902187	0.0938777777778	0.00942222222222
0.05832949	0.002488712	0.0945422222222	0.00877777777778
0.05960009	0.003050197	0.100355555556	0.00844444444444
0.04509705	0.006777691	0.0936777777778	0.00922222222222
0.06160171	0.003439083	0.0979166666667	0.00843333333333
0.06046691	0.005209875	0.0946333333333	0.00966666666667
0.05534855	0.005294559	0.100644444444	0.00845555555556
0.06310575	0.004341818	0.102646666667	0.00863333333333
0.05355859	0.004696174	0.10416	0.0094
0.04192069	0.00798587	0.100422222222	0.00997777777778
0.06529679	0.003958258	0.100126666667	0.00843333333333
0.06212491	0.006677689	0.0936866666667	0.00913333333333
0.03450298	0.003220926	0.0938711111111	0.00898888888889
0.05143666	0.008358309	0.0947777777778	0.00872222222222
0.06612535	0.003510579	0.0953111111111	0.00978888888889
0.04787051	0.004523397	0.103026666667	0.00973333333333
0.04704781	0.003664201	0.0937111111111	0.00908888888889
0.05642339	0.003643439	0.104277777778	0.00932222222222
0.04842384	0.003657504	0.0945333333333	0.00876666666667
0.06266385	0.004638986	0.104333333333	0.00926666666667
0.06363356	0.002713076	0.09652	0.0085
0.05284773	0.007603035	0.0992888888889	0.0100111111111
0.05715757	0.006472724	0.1042	0.0094
0.05692935	0.003699183	0.104344444444	0.00925555555556
0.04807855	0.003489306	0.0936333333333	0.00916666666667
0.04465165	0.0051715	0.100984444444	0.00995555555556
0.05716061	0.002834829	0.103355555556	0.00874444444444
0.05048534	0.004002934	0.0936333333333	0.00926666666667
0.04674004	0.005290998	0.0958933333333	0.00986666666667
0.05871804	0.00449284	0.098	0.01
0.05748925	0.002650293	0.0995288888889	0.00841111111111
0.05643342	0.004601039	0.0983888888889	0.00841111111111
0.05207467	0.005408404	0.0936144444444	0.00915555555556
0.04979402	0.002831808	0.101777777778	0.00852222222222
0.05776505	0.003514205	0.0975911111111	0.00998888888889
0.04790674	0.006579234	0.101658888889	0.00851111111111
0.042336	0.004843042	0.0973222222222	0.00997777777778
0.04669895	0.004443323	0.0945333333333	0.00966666666667
0.04873796	0.005894468	0.104256666667	0.00903333333333
0.0396227	0.004458371	0.0982688888889	0.0100111111111
0.0543091	0.006592736	0.0952111111111	0.00978888888889
0.04847326	0.004501092	0.0940555555556	0.00954444444444
0.06018191	0.004651789	0.0972555555556	0.00844444444444
0.06199143	0.006040775	0.10399	0.0089
0.04560726	0.00345846	0.103611111111	0.00878888888889
0.05099905	0.004127872	0.0981488888889	0.0100111111111
0.04805104	0.004386547	0.104377777778	0.00912222222222
0.05786992	0.005779559	0.0974666666667	0.00843333333333
0.04747703	0.007402146	0.0947777777778	0.00972222222222
0.03600177	0.005756506	0.0939488888889	0.00951111111111
0.05168893	0.005155277	0.0955066666667	0.00983333333333
0.04582222	0.005659634	0.0939077777778	0.00892222222222
0.06023441	0.00764678	0.0945911111111	0.00968888888889
0.05394402	0.006124932	0.0942488888889	0.00881111111111
0.05823606	0.004853967	0.0941666666667	0.00883333333333
0.04360842	0.002685583	0.0971555555556	0.00844444444444
0.05469473	0.005001763	0.0946888888889	0.00871111111111
0.05615493	0.006098662	0.0955622222222	0.00857777777778
0.05326529	0.003420546	0.10036	0.01
0.05720043	0.006003508	0.1026	0.0086
0.05311331	0.005870013	0.0942777777778	0.00962222222222
0.06149867	0.004972716	0.0984	0.0084
0.06383683	0.003770738	0.1044	0.0091
0.05284547	0.004610747	0.103308888889	0.00871111111111
0.05244364	0.005402398	0.100666666667	0.00843333333333
0.05440054	0.004181995	0.0978688888889	0.0100111111111
0.05143489	0.004921136	0.0944444444444	0.00875555555556
0.05354018	0.008510548	0.0982377777778	0.0100222222222
0.04541211	0.007137568	0.0936222222222	0.00937777777778
0.07274839	0.005709313	0.100168888889	0.00841111111111
0.05798111	0.003555932	0.0982	0.0084
0.05819737	0.005251047	0.103933333333	0.00956666666667
0.04824952	0.004400846	0.0944755555556	0.00874444444444
0.05916539	0.00714789	0.100208888889	0.0100111111111
0.05835373	0.003280648	0.100955555556	0.00844444444444
0.06042402	0.002182822	0.0943222222222	0.00877777777778
0.05623517	0.006401675	0.0971811111111	0.00998888888889
0.0534785	0.005824085	0.103922222222	0.00957777777778
0.05878429	0.006983805	0.101344444444	0.00995555555556
0.05704643	0.004549122	0.0935733333333	0.00936666666667
0.06784719	0.00702088	0.104502222222	0.00917777777778
0.0581769	0.003781477	0.1006	0.01
0.04343873	0.004545468	0.0964622222222	0.00847777777778
0.04341019	0.004312903	0.1	0.0084
0.05968731	0.004072442	0.0952777777778	0.00982222222222
0.04479441	0.003319232	0.0942	0.0088
0.04348109	0.004358173	0.0994911111111	0.00838888888889
0.0517065	0.006345019	0.0995011111111	0.00838888888889
0.05509444	0.005272557	0.0948333333333	0.00866666666667
0.06445683	0.007535145	0.100047777778	0.0100222222222
0.04411178	0.008662766	0.0995466666667	0.0100333333333
0.06254727	0.004161248	0.0940666666667	0.00883333333333
0.04058099	0.00703295	0.103838888889	0.00881111111111
0.06355495	0.005346368	0.103955555556	0.00884444444444
0.05229249	0.004237967	0.1045	0.0093
0.04522868	0.004234917	0.103962222222	0.00957777777778
0.05242105	0.0054242	0.0962666666667	0.00993333333333
0.06820967	0.002639533	0.0982711111111	0.00838888888889
0.04188703	0.004631564	0.0956822222222	0.00987777777778
0.04993324	0.00506216	0.0965333333333	0.00846666666667
0.06466971	0.004301349	0.0982066666667	0.0100333333333
0.05715184	0.00394959	0.104534444444	0.00915555555556
0.06218707	0.006067126	0.103311111111	0.00868888888889
0.05906325	0.005849047	0.10073	0.01
0.04361511	0.01052179	0.101736666667	0.00993333333333
