root_height	pop_size	pi_net	pi_within
0.04904873	0.00438382	0.0964	0.0058
0.05525528	0.004747727	0.0965	0.0058
0.04936811	0.00314618	0.0961888888889	0.00581111111111
0.05398187	0.002808356	0.0966466666667	0.00583333333333
0.04976265	0.005215037	0.0964222222222	0.00577777777778
0.05901461	0.003185286	0.0960666666667	0.00583333333333
0.05516068	0.003707988	0.0962222222222	0.00577777777778
0.05476335	0.006185349	0.0965333333333	0.00586666666667
0.05963952	0.003114591	0.0966444444444	0.00585555555556
0.04299073	0.00418618	0.0966444444444	0.00585555555556
0.04091125	0.004137102	0.0962222222222	0.00587777777778
0.05087631	0.003848519	0.0962044444444	0.00575555555556
0.04759705	0.003284474	0.0959	0.0058
0.04960199	0.003818169	0.0960222222222	0.00587777777778
0.0512791	0.002302863	0.0966666666667	0.00573333333333
0.04306643	0.004585131	0.0961877777778	0.00592222222222
0.04287621	0.005761166	0.0961777777778	0.00592222222222
0.06062753	0.002275799	0.0958555555556	0.00574444444444
0.05031302	0.004299886	0.0964666666667	0.00593333333333
0.05565913	0.004824134	0.0964688888889	0.00571111111111
0.05496892	0.004748858	0.0958888888889	0.00591111111111
0.05049739	0.00366067	0.0971133333333	0.00586666666667
0.05445034	0.002630612	0.0955666666667	0.00583333333333
0.04818556	0.005283701	0.09704	0.0059
0.04703362	0.003384597	0.0962444444444	0.00595555555556
0.06119864	0.003421703	0.0955222222222	0.00577777777778
0.05952157	0.002894042	0.0956666666667	0.00573333333333
0.05898407	0.003146148	0.0956666666667	0.00573333333333
0.05983015	0.006587718	0.0966844444444	0.00595555555556
0.05527933	0.004835289	0.0954277777778	0.00582222222222
0.05149732	0.004713321	0.0960111111111	0.00568888888889
0.04327256	0.003982223	0.0958355555556	0.00594444444444
0.05913801	0.004937651	0.0973444444444	0.00585555555556
0.05314417	0.004754461	0.0973333333333	0.00586666666667
0.05694045	0.004262238	0.0953555555556	0.00584444444444
0.02389304	0.003723721	0.0953555555556	0.00584444444444
0.04769523	0.001426389	0.0965333333333	0.00566666666667
0.04860706	0.005014646	0.0957	0.0057
0.05353879	0.004651211	0.0968222222222	0.00567777777778
0.03449513	0.003841516	0.0955888888889	0.00571111111111
0.05811472	0.002600837	0.0955666666667	0.00593333333333
0.04431782	0.005440701	0.0963444444444	0.00565555555556
0.04889522	0.005213422	0.0956	0.0057
0.05391502	0.003785219	0.0959333333333	0.00566666666667
0.05840469	0.004569342	0.0975	0.0058
0.03658608	0.003150951	0.0971111111111	0.00568888888889
0.05101683	0.002036034	0.0972	0.0057
0.0533071	0.00273866	0.0955555555556	0.00594444444444
0.05464377	0.003390418	0.0967444444444	0.00565555555556
0.06226302	0.003338433	0.0959444444444	0.00565555555556
0.04904811	0.001277097	0.0962355555556	0.00564444444444
0.0441323	0.004305292	0.0965555555556	0.00564444444444
0.05032586	0.003980237	0.0965555555556	0.00564444444444
0.05685945	0.005027693	0.0973777777778	0.00592222222222
0.05038355	0.00260647	0.0975111111111	0.00588888888889
0.04164541	0.002781191	0.0971733333333	0.00596666666667
0.0468088	0.002867635	0.0970733333333	0.00566666666667
0.04976889	0.002353328	0.0964888888889	0.00601111111111
0.05159939	0.003704594	0.0973555555556	0.00594444444444
0.04191402	0.006512368	0.0961888888889	0.00601111111111
0.06406691	0.004080759	0.0971222222222	0.00597777777778
0.03858087	0.004536065	0.0951111111111	0.00578888888889
0.04842169	0.004378751	0.0971333333333	0.00566666666667
0.03443217	0.004369624	0.0952777777778	0.00572222222222
0.05595126	0.004926637	0.0976222222222	0.00587777777778
0.05159	0.002613774	0.0960288888889	0.00601111111111
0.04996053	0.005560666	0.0952888888889	0.00571111111111
0.05114985	0.003801282	0.0959388888889	0.00601111111111
0.05862141	0.001955584	0.0964777777778	0.00562222222222
0.05184771	0.005357315	0.0962777777778	0.00562222222222
0.03948445	0.007096621	0.0972333333333	0.00566666666667
0.05807504	0.002735931	0.0951666666667	0.00573333333333
0.0446367	0.003687839	0.0971444444444	0.00565555555556
0.04763538	0.0030401	0.0975266666667	0.00593333333333
0.05540544	0.001954374	0.0949888888889	0.00581111111111
0.05392986	0.003982784	0.0969666666667	0.00563333333333
0.05650844	0.002470783	0.0967777777778	0.00602222222222
0.06158976	0.005745257	0.0968777777778	0.00562222222222
0.04836849	0.005189805	0.0950111111111	0.00588888888889
0.05183415	0.002980038	0.0978111111111	0.00578888888889
0.03924546	0.003189774	0.0957777777778	0.00602222222222
0.05297941	0.003679507	0.0949066666667	0.00583333333333
0.05178388	0.003174462	0.0949333333333	0.00586666666667
0.04333136	0.003585767	0.0949333333333	0.00586666666667
0.05783026	0.003496958	0.0978333333333	0.00586666666667
0.05597715	0.002671857	0.0954555555556	0.00564444444444
0.05171205	0.003252075	0.0975333333333	0.00596666666667
0.04777298	0.001810921	0.0948666666667	0.00583333333333
0.05539677	0.005426489	0.0951	0.0057
0.05382985	0.004628368	0.0974822222222	0.00597777777778
0.05800408	0.003175251	0.0975222222222	0.00597777777778
0.05142019	0.004805407	0.0976444444444	0.00595555555556
0.05451019	0.004857001	0.0977777777778	0.00572222222222
0.05119895	0.006026047	0.0959	0.0056
0.05083705	0.003957124	0.0962111111111	0.00558888888889
0.05375939	0.003315561	0.0978911111111	0.00588888888889
0.05756236	0.005153428	0.0979444444444	0.00585555555556
0.04589465	0.002422522	0.0967044444444	0.00605555555556
0.04866415	0.003329344	0.0967711111111	0.00558888888889
0.05047737	0.003739633	0.0979888888889	0.00581111111111
0.05080494	0.002953389	0.0957355555556	0.00604444444444
0.04057148	0.002252195	0.09476	0.0058
0.04195219	0.004857175	0.0957	0.0056
0.05790604	0.003355392	0.0975	0.006
0.05583177	0.005348823	0.0977544444444	0.00595555555556
0.04162312	0.003731626	0.0965333333333	0.00606666666667
0.05161483	0.00349469	0.0948266666667	0.00573333333333
0.0582839	0.004986957	0.0953777777778	0.00602222222222
0.0622507	0.003187826	0.0973777777778	0.00602222222222
0.04790738	0.002371242	0.0980555555556	0.00584444444444
0.05461114	0.003849375	0.0951111111111	0.00598888888889
0.04390807	0.00298678	0.0959333333333	0.00606666666667
0.05382504	0.002768081	0.0972	0.0056
0.05705863	0.003510327	0.0976	0.006
0.04822251	0.005246223	0.0964533333333	0.00556666666667
0.04896036	0.004080221	0.0980888888889	0.00581111111111
0.04922469	0.005156113	0.0978444444444	0.00595555555556
0.05640337	0.004488252	0.0979888888889	0.00591111111111
0.06346737	0.006169181	0.0955	0.0056
0.04904979	0.004662282	0.0979	0.0057
0.05032867	0.004777252	0.0980255555556	0.00574444444444
0.04969291	0.003219755	0.0981	0.0058
0.04856972	0.002791219	0.0947777777778	0.00572222222222
0.05392024	0.003473217	0.0953666666667	0.00603333333333
0.06124949	0.006124529	0.0978222222222	0.00567777777778
0.05072211	0.004127793	0.0955444444444	0.00605555555556
0.05653646	0.003865743	0.0979111111111	0.00568888888889
0.05288764	0.003670296	0.0974666666667	0.00603333333333
0.05306384	0.004085713	0.0964111111111	0.00608888888889
0.05849343	0.004044186	0.0964444444444	0.00555555555556
0.04721197	0.003056571	0.0947466666667	0.00593333333333
0.04702792	0.002532498	0.0971333333333	0.00606666666667
0.05242861	0.002592347	0.0950888888889	0.00601111111111
0.05832151	0.002487116	0.0976666666667	0.00563333333333
0.05832149	0.006544364	0.0979333333333	0.00596666666667
0.04494967	0.003407516	0.0945444444444	0.00585555555556
0.04486741	0.006453505	0.0975888888889	0.00561111111111
0.0635589	0.00363812	0.0947444444444	0.00595555555556
0.05543223	0.003696287	0.0980888888889	0.00571111111111
0.04077911	0.003355295	0.0946666666667	0.00593333333333
0.04503991	0.00310729	0.0982444444444	0.00585555555556
0.05952508	0.003067872	0.0981666666667	0.00573333333333
0.04794934	0.003585317	0.0957444444444	0.00555555555556
0.04831333	0.003620074	0.0945555555556	0.00574444444444
0.04425788	0.00629961	0.0945555555556	0.00574444444444
0.04671049	0.00404638	0.0952	0.0056
0.03807031	0.003320416	0.0950888888889	0.00561111111111
0.05060835	0.003682108	0.0944666666667	0.00583333333333
0.0507456	0.004173842	0.0981777777778	0.00572222222222
0.05227735	0.004077123	0.0950666666667	0.00603333333333
0.04711631	0.003440034	0.0949777777778	0.00562222222222
0.05525751	0.003955353	0.0961888888889	0.00611111111111
0.04837049	0.002751197	0.0957355555556	0.00554444444444
0.05122387	0.004495941	0.0959666666667	0.00553333333333
0.05917476	0.003620375	0.0944222222222	0.00577777777778
0.05208133	0.002166089	0.0957	0.0061
0.06060916	0.004547946	0.0955111111111	0.00608888888889
0.03848907	0.004293867	0.0951444444444	0.00605555555556
0.05531351	0.005653481	0.0983666666667	0.00583333333333
0.04877364	0.003109683	0.0946222222222	0.00567777777778
0.04992609	0.002225673	0.0947111111111	0.00598888888889
0.05063503	0.005828126	0.0948777777778	0.00602222222222
0.04319017	0.005234139	0.0983888888889	0.00581111111111
0.05677173	0.004153986	0.0973111111111	0.00608888888889
0.04931836	0.003150176	0.0979488888889	0.00601111111111
0.05131911	0.006001574	0.0983933333333	0.00586666666667
0.04928996	0.004135239	0.0950444444444	0.00605555555556
0.042998	0.005056471	0.0943344444444	0.00585555555556
0.0556425	0.003019054	0.0970888888889	0.00611111111111
0.05241094	0.00321256	0.0946444444444	0.00565555555556
0.05153333	0.003364728	0.0968777777778	0.00612222222222
0.04114781	0.003964329	0.0958777777778	0.00552222222222
0.05487813	0.002058021	0.0968777777778	0.00552222222222
0.03909501	0.004648684	0.0977444444444	0.00605555555556
0.04597746	0.002426698	0.0947777777778	0.00602222222222
0.05005194	0.004151485	0.0983	0.0057
0.05438901	0.004330466	0.0982333333333	0.00596666666667
0.04510601	0.003555197	0.0957877777778	0.00552222222222
0.05293215	0.003844093	0.0950633333333	0.00606666666667
0.04968106	0.002771586	0.0982222222222	0.00597777777778
0.04872814	0.003078054	0.0956777777778	0.00552222222222
0.04339703	0.004312508	0.0944444444444	0.00595555555556
0.05568227	0.005047061	0.0975444444444	0.00555555555556
0.05094909	0.002777184	0.0977833333333	0.00606666666667
0.04878981	0.004066002	0.0944111111111	0.00568888888889
0.04998858	0.00371176	0.0942333333333	0.00586666666667
0.04736712	0.004129237	0.0950333333333	0.00556666666667
0.05356021	0.00305786	0.0945555555556	0.00564444444444
0.05284482	0.004624494	0.0978333333333	0.00606666666667
0.05764753	0.003234443	0.0944911111111	0.00598888888889
0.04752754	0.003040722	0.0941666666667	0.00583333333333
0.052221	0.003564079	0.09689	0.0055
0.05927475	0.004236679	0.0971666666667	0.00613333333333
0.05511428	0.003245184	0.0983111111111	0.00598888888889
0.03583131	0.007199284	0.0962911111111	0.00548888888889
0.05855859	0.004761182	0.0984244444444	0.00595555555556
0.05774507	0.002901201	0.0973777777778	0.00612222222222
0.05441172	0.005900018	0.0973777777778	0.00612222222222
0.05055478	0.003670147	0.0973777777778	0.00552222222222
0.05100332	0.002572526	0.0975466666667	0.00553333333333
0.04139048	0.004052935	0.0967444444444	0.00615555555556
0.05223376	0.002567525	0.0978111111111	0.00608888888889
0.04756948	0.003045595	0.0940888888889	0.00581111111111
0.05730558	0.005005991	0.0948533333333	0.00556666666667
0.0488929	0.002386643	0.0941777777778	0.00572222222222
0.04784461	0.007579865	0.09462	0.0056
0.05784409	0.003428987	0.0964333333333	0.00616666666667
0.04308435	0.006256166	0.0978444444444	0.00555555555556
0.05527835	0.003279106	0.0985666666667	0.00593333333333
0.05739836	0.004037132	0.0982777777778	0.00562222222222
0.05589429	0.002474405	0.0944777777778	0.00562222222222
0.04978331	0.002351566	0.0978	0.0061
0.06204063	0.00571006	0.0968222222222	0.00547777777778
0.06330232	0.005404317	0.0956444444444	0.00615555555556
0.04838836	0.003505811	0.0951577777778	0.00552222222222
0.04964224	0.0034077	0.0946111111111	0.00558888888889
0.04894961	0.002508155	0.0971444444444	0.00615555555556
0.06037946	0.004769292	0.0944888888889	0.00561111111111
0.0425706	0.003911387	0.0982688888889	0.00561111111111
0.05161208	0.005806288	0.0940244444444	0.00585555555556
0.03792058	0.003459134	0.0973555555556	0.00614444444444
0.05656639	0.003386967	0.0943666666667	0.00563333333333
0.05515108	0.002720075	0.0943666666667	0.00563333333333
0.05380158	0.003355525	0.0987111111111	0.00588888888889
0.05175435	0.003422613	0.0987577777778	0.00582222222222
0.04094669	0.005555308	0.0955444444444	0.00615555555556
0.05276499	0.003557804	0.0977688888889	0.00611111111111
0.05497924	0.003523079	0.0962333333333	0.00546666666667
0.05160622	0.004366164	0.0953555555556	0.00614444444444
0.04418422	0.002919864	0.0957533333333	0.00616666666667
0.04132729	0.002945172	0.0943	0.006
0.04326446	0.00356924	0.0957222222222	0.00547777777778
0.04926473	0.006014984	0.0975666666667	0.00613333333333
0.04945328	0.005388198	0.0987777777778	0.00582222222222
0.04686137	0.005400298	0.0987777777778	0.00582222222222
0.05390583	0.00366597	0.0941444444444	0.00595555555556
0.0470923	0.002247732	0.0967333333333	0.00546666666667
0.04721815	0.002598046	0.0954711111111	0.00548888888889
0.0483143	0.004605146	0.0977177777778	0.00612222222222
0.05299851	0.002407582	0.0941	0.0057
0.05513848	0.003686465	0.0956333333333	0.00616666666667
0.05850906	0.003411494	0.0986888888889	0.00571111111111
0.05138941	0.004341694	0.0956133333333	0.00616666666667
0.04290755	0.002996524	0.0942111111111	0.00598888888889
0.04925734	0.00258609	0.0948888888889	0.00611111111111
0.04735822	0.005423872	0.0948888888889	0.00611111111111
0.05283863	0.005325947	0.0985155555556	0.00564444444444
0.05860239	0.003128632	0.0972222222222	0.00547777777778
0.04710187	0.004206157	0.0950666666667	0.00613333333333
0.0485043	0.003249842	0.0970333333333	0.00546666666667
0.05610572	0.003489139	0.0945222222222	0.00557777777778
0.0462614	0.002232304	0.0939444444444	0.00575555555556
0.05972861	0.003992011	0.0939111111111	0.00578888888889
0.04342126	0.007142238	0.0939	0.0058
0.05480233	0.002050348	0.0942777777778	0.00562222222222
0.05157195	0.003788548	0.0987777777778	0.00572222222222
0.05016614	0.002676062	0.0987777777778	0.00572222222222
0.05360162	0.002883332	0.0977666666667	0.00613333333333
0.04501169	0.004066305	0.0944111111111	0.00558888888889
0.05488204	0.005982963	0.0979888888889	0.00611111111111
0.0537771	0.002978667	0.0955333333333	0.00546666666667
0.04363099	0.003152551	0.0974222222222	0.00547777777778
0.05136082	0.003053893	0.09656	0.0062
0.04717558	0.006086895	0.0944333333333	0.00606666666667
0.05155196	0.002660396	0.0982011111111	0.00608888888889
0.04980559	0.002701665	0.0941977777778	0.00562222222222
0.04708003	0.00499192	0.0945444444444	0.00555555555556
0.06066753	0.003698918	0.0954222222222	0.00617777777778
0.04532901	0.004268027	0.0947777777778	0.00552222222222
0.04916831	0.004734699	0.0982244444444	0.00555555555556
0.05559802	0.007138886	0.0958955555556	0.00544444444444
0.04527833	0.003669175	0.0980888888889	0.00611111111111
0.04547113	0.004758228	0.0989333333333	0.00576666666667
0.04909407	0.002534988	0.0938777777778	0.00592222222222
0.05391835	0.002629573	0.0958	0.0062
0.04816128	0.003267918	0.0988666666667	0.00593333333333
0.04771539	0.002695741	0.0945555555556	0.00554444444444
0.0529884	0.004059577	0.0988555555556	0.00594444444444
0.05301545	0.003784068	0.0961666666667	0.00543333333333
0.04304719	0.00545754	0.0976133333333	0.00616666666667
0.05077927	0.007641987	0.0957	0.0062
0.03683513	0.00340073	0.0966666666667	0.00543333333333
0.0442232	0.0027078	0.0943222222222	0.00557777777778
0.0549449	0.005853265	0.0959888888889	0.00621111111111
0.04722659	0.002542385	0.0940666666667	0.00563333333333
0.04313689	0.002696068	0.0939911111111	0.00598888888889
0.04361333	0.005038302	0.0953844444444	0.00545555555556
0.0512988	0.005037091	0.0958888888889	0.00621111111111
0.05878181	0.00197194	0.0945666666667	0.00553333333333
0.05452786	0.006094091	0.0955555555556	0.00544444444444
0.05108062	0.004160196	0.0943333333333	0.00556666666667
0.05599473	0.003155228	0.0977222222222	0.00547777777778
0.0574495	0.003442704	0.0972355555556	0.00544444444444
0.05004776	0.001880428	0.0978444444444	0.00615555555556
0.04757584	0.00430583	0.0984933333333	0.00606666666667
0.04682259	0.002256044	0.0972555555556	0.00544444444444
0.03473613	0.004606135	0.0937222222222	0.00587777777778
0.04493009	0.004117849	0.0961777777778	0.00542222222222
0.03947461	0.003020894	0.0989777777778	0.00572222222222
0.0476218	0.003880153	0.0954555555556	0.00544444444444
0.05008416	0.004076434	0.0979955555556	0.00614444444444
0.05640276	0.003594767	0.0939888888889	0.00601111111111
0.05952662	0.003009916	0.0939888888889	0.00601111111111
0.06062533	0.003746527	0.0990444444444	0.00575555555556
0.05340771	0.004849805	0.0940666666667	0.00603333333333
0.05245706	0.005762867	0.0944	0.0061
0.05938317	0.004880294	0.0952111111111	0.00618888888889
0.05504237	0.004289145	0.0968777777778	0.00542222222222
0.05749531	0.003171261	0.0938533333333	0.00566666666667
0.05453755	0.003316791	0.0950133333333	0.00546666666667
0.05012254	0.001154283	0.0942333333333	0.00556666666667
0.05411579	0.003417387	0.0941733333333	0.00606666666667
0.05418559	0.005155811	0.0954788888889	0.00621111111111
0.05079159	0.003724253	0.0961666666667	0.00623333333333
0.04990167	0.004782763	0.0960888888889	0.00541111111111
0.05543657	0.001978146	0.0960666666667	0.00623333333333
0.05456779	0.003082545	0.0991111111111	0.00588888888889
0.05935663	0.00378225	0.0936444444444	0.00575555555556
0.05241992	0.006972619	0.0983688888889	0.00611111111111
0.05256754	0.00245016	0.0936222222222	0.00587777777778
0.05149597	0.00178772	0.0941222222222	0.00557777777778
0.05988958	0.002622017	0.0936888888889	0.00571111111111
0.05309015	0.003772489	0.0991777777778	0.00582222222222
0.05794259	0.005613189	0.0982566666667	0.00613333333333
0.04731385	0.004113496	0.0990444444444	0.00595555555556
0.04847245	0.002478602	0.0937111111111	0.00568888888889
0.04881382	0.004392253	0.0937111111111	0.00568888888889
0.06253326	0.003565279	0.0957866666667	0.00623333333333
0.05126468	0.004618331	0.0937333333333	0.00596666666667
0.05703395	0.004267278	0.0972777777778	0.00542222222222
0.04910537	0.004296489	0.0991555555556	0.00574444444444
0.04530031	0.002953765	0.0935955555556	0.00574444444444
0.0457967	0.001999425	0.0940111111111	0.00558888888889
0.07394955	0.003479608	0.0988777777778	0.00562222222222
0.04823526	0.004640792	0.0961	0.0054
0.0474178	0.002942881	0.0990222222222	0.00597777777778
0.04971951	0.002587705	0.0992111111111	0.00578888888889
0.0533013	0.003372678	0.0936555555556	0.00594444444444
0.04905411	0.003229428	0.0948222222222	0.00617777777778
0.0572608	0.002866806	0.0977	0.0062
0.05085397	0.005646493	0.0935977777778	0.00572222222222
0.04974052	0.003952146	0.0951888888889	0.00621111111111
0.03171952	0.005183479	0.0958555555556	0.00624444444444
0.05266609	0.003440817	0.0991888888889	0.00591111111111
0.05810278	0.004017209	0.095	0.0062
0.053038	0.003738546	0.099	0.006
0.05062849	0.004371495	0.0945444444444	0.00615555555556
0.0524413	0.003863286	0.0939444444444	0.00605555555556
0.04341008	0.005169842	0.0947333333333	0.00546666666667
0.0552639	0.006877691	0.0952777777778	0.00542222222222
0.04548191	0.005581252	0.0936	0.0057
0.05017906	0.005311484	0.0986	0.0061
0.04428939	0.005918063	0.0946222222222	0.00547777777778
0.04574787	0.004327515	0.0948344444444	0.00545555555556
0.02580148	0.007191801	0.0964444444444	0.00625555555556
0.04455548	0.005683899	0.0965444444444	0.00625555555556
0.0501131	0.00312093	0.0991444444444	0.00595555555556
0.06086416	0.004728394	0.0979444444444	0.00545555555556
0.04588066	0.002926047	0.0934666666667	0.00583333333333
0.05838784	0.005904336	0.0976888888889	0.00621111111111
0.05573817	0.005239504	0.0950666666667	0.00543333333333
0.05431363	0.005031626	0.0938266666667	0.00603333333333
0.04116491	0.005072148	0.0973666666667	0.00623333333333
0.05192631	0.002280435	0.09561	0.0054
0.03534653	0.004075145	0.0938555555556	0.00604444444444
0.05225538	0.005449155	0.0959444444444	0.00625555555556
0.04493119	0.006138052	0.0940444444444	0.00555555555556
0.04558021	0.00344307	0.0992	0.0057
0.0473317	0.005053463	0.0991622222222	0.00567777777778
0.05549937	0.005494166	0.0988333333333	0.00606666666667
0.06116131	0.002416726	0.0940244444444	0.00555555555556
0.05755161	0.003026396	0.0938155555556	0.00604444444444
0.05178341	0.005874954	0.0984155555556	0.00614444444444
0.05462852	0.004984213	0.0934111111111	0.00578888888889
0.04403524	0.003960525	0.0938444444444	0.00605555555556
0.04584257	0.0023206	0.0941088888889	0.00611111111111
0.04731862	0.003362595	0.0939333333333	0.00556666666667
0.04970095	0.003682934	0.0938344444444	0.00605555555556
0.05736647	0.005367604	0.0967222222222	0.00537777777778
0.05631396	0.005683834	0.0940888888889	0.00611111111111
0.04983173	0.003397362	0.0993777777778	0.00582222222222
0.03174271	0.002887288	0.0993888888889	0.00581111111111
0.04759262	0.003212145	0.0990777777778	0.00602222222222
0.05878135	0.004397657	0.099	0.0056
0.03852503	0.00442204	0.0958222222222	0.00537777777778
0.06659811	0.00318594	0.09358	0.006
0.05398604	0.004600091	0.0957333333333	0.00626666666667
0.04609795	0.003487112	0.09918	0.006
0.05341271	0.003955986	0.0942255555556	0.00614444444444
0.05174799	0.003632456	0.0947888888889	0.00621111111111
0.05802547	0.002559673	0.0963122222222	0.00627777777778
0.05299819	0.003287657	0.0994277777778	0.00582222222222
0.05559726	0.00417363	0.0994222222222	0.00577777777778
0.04629545	0.003359238	0.0933555555556	0.00574444444444
0.05675663	0.003200092	0.0967333333333	0.00536666666667
0.05872894	0.004878983	0.0933111111111	0.00578888888889
0.04214157	0.004649358	0.0968022222222	0.00627777777778
0.04944888	0.003228311	0.0951555555556	0.00624444444444
0.05045317	0.003587026	0.0976	0.0054
0.04956695	0.002914619	0.0983333333333	0.00546666666667
0.04449346	0.00401922	0.0959333333333	0.00536666666667
0.06042425	0.002052969	0.0935666666667	0.00563333333333
0.0633855	0.004680649	0.0953111111111	0.00538888888889
0.04775483	0.004795307	0.0974444444444	0.00625555555556
0.04553707	0.00367111	0.0932777777778	0.00582222222222
0.05615298	0.004154248	0.0986866666667	0.00613333333333
0.05337252	0.003019617	0.0990222222222	0.00557777777778
0.04913743	0.002673891	0.0975111111111	0.00538888888889
0.05308038	0.002635304	0.0947777777778	0.00622222222222
0.04206876	0.002976463	0.0937222222222	0.00557777777778
0.04122333	0.00291789	0.0939777777778	0.00612222222222
0.04835947	0.002091069	0.0939777777778	0.00552222222222
0.0522113	0.001989353	0.0967144444444	0.00535555555556
0.05027328	0.002951289	0.0977555555556	0.00624444444444
0.05793528	0.004840875	0.0938888888889	0.00611111111111
0.05301707	0.002868242	0.0974222222222	0.00537777777778
0.05373328	0.003547168	0.0932666666667	0.00573333333333
0.04923596	0.002329948	0.0944555555556	0.00544444444444
0.04868953	0.004279296	0.0986444444444	0.00615555555556
0.05073523	0.003018593	0.0957444444444	0.00535555555556
0.06710993	0.003293051	0.0992777777778	0.00602222222222
0.05399062	0.003672917	0.0963555555556	0.00534444444444
0.05372004	0.002556167	0.0963555555556	0.00534444444444
0.05639818	0.004640083	0.0963	0.0063
0.05407566	0.002479381	0.0994022222222	0.00597777777778
0.05315902	0.005362516	0.0962	0.0063
0.05143085	0.004159316	0.0942333333333	0.00546666666667
0.04940779	0.005103502	0.0971111111111	0.00628888888889
0.04747722	0.002657217	0.0971444444444	0.00535555555556
0.05029211	0.00352081	0.0934888888889	0.00561111111111
0.05309833	0.004666403	0.0947088888889	0.00541111111111
0.0579765	0.002489826	0.0995555555556	0.00574444444444
0.063026	0.00483942	0.0991522222222	0.00557777777778
0.05277996	0.002775628	0.0981777777778	0.00622222222222
0.0505439	0.001887545	0.0940444444444	0.00615555555556
0.06158768	0.003137371	0.0996033333333	0.00586666666667
0.0589739	0.003750048	0.0955111111111	0.00628888888889
0.05645914	0.003652341	0.0988	0.0055
0.05521809	0.0026006	0.0933555555556	0.00564444444444
0.0554152	0.00261449	0.0994	0.006
0.04694076	0.004008719	0.0942444444444	0.00545555555556
0.04695352	0.002688544	0.097	0.0063
0.04119771	0.003747556	0.0932444444444	0.00595555555556
0.05468803	0.003592271	0.0954444444444	0.00535555555556
0.06326364	0.002470005	0.0996	0.0059
0.05001168	0.002473915	0.0931555555556	0.00574444444444
0.05092837	0.003628019	0.0957	0.0063
0.05722682	0.0051688	0.0963888888889	0.00631111111111
0.05110974	0.002352571	0.0956355555556	0.00534444444444
0.03930406	0.003544626	0.0989777777778	0.00552222222222
0.0476361	0.001811784	0.0993777777778	0.00602222222222
0.04097428	0.002941764	0.0953444444444	0.00535555555556
0.06445245	0.00362881	0.0996666666667	0.00583333333333
0.05583176	0.004083765	0.0936111111111	0.00608888888889
0.0574677	0.002381134	0.0931666666667	0.00593333333333
0.05643873	0.002515427	0.0931666666667	0.00593333333333
0.06073788	0.003518275	0.0932711111111	0.00598888888889
0.05955584	0.002703067	0.0979644444444	0.00625555555556
0.04193848	0.003046551	0.0949333333333	0.00626666666667
0.03712982	0.006124011	0.0931011111111	0.00588888888889
0.04573504	0.009735943	0.0994911111111	0.00598888888889
0.04873516	0.002748542	0.0972555555556	0.00534444444444
0.05254892	0.002671096	0.0994755555556	0.00564444444444
0.05202557	0.004523902	0.0954555555556	0.00534444444444
0.04598981	0.002651538	0.0969888888889	0.00631111111111
0.04491149	0.004515954	0.0935222222222	0.00607777777778
0.04853377	0.003123517	0.0990888888889	0.00611111111111
0.04747304	0.004553989	0.0995	0.006
0.04300427	0.006197478	0.0983777777778	0.00622222222222
0.05448492	0.00284084	0.0956888888889	0.00631111111111
0.05716953	0.004048099	0.0970666666667	0.00533333333333
0.04722078	0.002070242	0.0970666666667	0.00533333333333
0.04039709	0.00474526	0.0944666666667	0.00623333333333
0.05619386	0.004624245	0.0960777777778	0.00532222222222
0.05958564	0.001893928	0.0988222222222	0.00547777777778
0.04946484	0.003674011	0.0955988888889	0.00631111111111
0.04030764	0.002200343	0.0997111111111	0.00588888888889
0.0520034	0.003537131	0.0930444444444	0.00575555555556
0.05132289	0.002572687	0.0996888888889	0.00591111111111
0.05793779	0.003336857	0.0936777777778	0.00552222222222
0.0487208	0.004880053	0.0930333333333	0.00576666666667
0.05551451	0.00567431	0.0993333333333	0.00606666666667
0.05690357	0.00261659	0.0993333333333	0.00606666666667
0.04918004	0.004915822	0.0996444444444	0.00595555555556
0.05837925	0.002596106	0.0945	0.0054
0.06237118	0.004372086	0.0983666666667	0.00623333333333
0.03716887	0.003964593	0.0954666666667	0.00533333333333
0.04815608	0.003236047	0.0929777777778	0.00582222222222
0.03867173	0.003666982	0.0929777777778	0.00582222222222
0.05338434	0.004584983	0.0933922222222	0.00557777777778
0.04271271	0.00368924	0.0933444444444	0.00605555555556
0.04760992	0.004134599	0.0935666666667	0.00553333333333
0.05169853	0.002489664	0.0993333333333	0.00556666666667
0.05789333	0.002855636	0.0932666666667	0.00603333333333
0.05484104	0.00570992	0.0973888888889	0.00631111111111
0.05146969	0.003331242	0.0990966666667	0.00613333333333
0.04776918	0.003752624	0.0992555555556	0.00554444444444
0.06439205	0.005491008	0.0985177777778	0.00622222222222
0.04807173	0.002955563	0.0960888888889	0.00531111111111
0.05819113	0.003984577	0.0960888888889	0.00531111111111
0.05661614	0.003272166	0.0937444444444	0.00615555555556
0.04900372	0.00401894	0.0994222222222	0.00557777777778
0.05035731	0.004422162	0.0929333333333	0.00586666666667
0.05287544	0.002989115	0.0932555555556	0.00604444444444
0.04493362	0.004025843	0.0929688888889	0.00591111111111
0.05370628	0.005250061	0.0972677777778	0.00632222222222
0.04892999	0.004030624	0.0998222222222	0.00587777777778
0.0472442	0.004154908	0.0942666666667	0.00623333333333
0.04879917	0.003302252	0.0942666666667	0.00623333333333
0.04832019	0.003672301	0.0980333333333	0.00536666666667
0.04904445	0.00364838	0.0929888888889	0.00571111111111
0.05605411	0.002056299	0.0937111111111	0.00548888888889
0.04330875	0.003627113	0.0928955555556	0.00584444444444
0.05509022	0.003505958	0.0938222222222	0.00617777777778
0.0514556	0.004007803	0.0973777777778	0.00532222222222
0.05729258	0.002849584	0.0964555555556	0.00634444444444
0.05012945	0.002589757	0.0944111111111	0.00538888888889
0.05312647	0.002880501	0.0934466666667	0.00553333333333
0.05878235	0.002912181	0.0930222222222	0.00597777777778
0.05973956	0.002827769	0.0991555555556	0.00614444444444
0.05192064	0.003846317	0.0981333333333	0.00536666666667
0.04783268	0.003061634	0.0928577777778	0.00582222222222
0.0481645	0.004624154	0.0928733333333	0.00576666666667
0.04835881	0.003172821	0.0989111111111	0.00618888888889
0.0509179	0.002753979	0.0934777777778	0.00612222222222
0.05239801	0.002740192	0.0997311111111	0.00598888888889
0.05283878	0.003126629	0.0980444444444	0.00535555555556
0.05261887	0.003930921	0.0928444444444	0.00585555555556
0.055298	0.00311613	0.0979	0.0063
0.04168382	0.004821573	0.0933111111111	0.00608888888889
0.0513734	0.001640385	0.0989444444444	0.00545555555556
0.05698579	0.002261723	0.0983222222222	0.00537777777778
0.0441225	0.003254899	0.0951777777778	0.00532222222222
0.04887271	0.007893918	0.0937333333333	0.00546666666667
0.04726286	0.003725234	0.0937333333333	0.00546666666667
0.04334351	0.004775178	0.0928333333333	0.00576666666667
0.0400178	0.004937674	0.0928222222222	0.00577777777778
0.05719561	0.002856792	0.0989	0.0062
0.06159441	0.003750905	0.0976777777778	0.00632222222222
0.05827146	0.003257681	0.0948888888889	0.00631111111111
0.05380124	0.00223352	0.0948888888889	0.00631111111111
0.05543994	0.002282904	0.0992555555556	0.00614444444444
0.04677278	0.003192313	0.0929333333333	0.00566666666667
0.05219533	0.003257354	0.0968444444444	0.00635555555556
0.05751258	0.004315079	0.0999777777778	0.00582222222222
0.05027268	0.004667398	0.09994	0.0059
0.05188218	0.002924081	0.0943333333333	0.00626666666667
0.05230269	0.004400886	0.0989555555556	0.00544444444444
0.04728348	0.002547178	0.0938	0.0062
0.04519678	0.0070137	0.0969344444444	0.00635555555556
0.04630139	0.004839426	0.0958111111111	0.00528888888889
0.04843357	0.00239173	0.0985444444444	0.00625555555556
0.04379599	0.003777969	0.0931111111111	0.00558888888889
0.03121268	0.004835474	0.0944222222222	0.00627777777778
0.05604139	0.005239541	0.0977777777778	0.00632222222222
0.0502058	0.004825931	0.0977777777778	0.00632222222222
0.05149694	0.003671033	0.0954	0.0053
0.05749031	0.0018894	0.0941	0.0054
0.04871636	0.003678178	0.0934555555556	0.00614444444444
0.04666341	0.004442982	0.0979666666667	0.00533333333333
0.05599355	0.002747757	0.0996333333333	0.00606666666667
0.04906535	0.003331342	0.0979888888889	0.00631111111111
0.06384248	0.00330306	0.0987888888889	0.00541111111111
0.06312939	0.004536282	0.0941444444444	0.00625555555556
0.04755193	0.003262946	0.0960222222222	0.00527777777778
0.04640118	0.002373657	0.0976888888889	0.00531111111111
0.05053894	0.003826218	0.0948777777778	0.00532222222222
0.05461833	0.003982058	0.0987155555556	0.00624444444444
0.05132854	0.00608607	0.0999555555556	0.00594444444444
0.05279152	0.002492213	0.0943333333333	0.00536666666667
0.04784512	0.004817786	0.0929888888889	0.00561111111111
0.0492665	0.001966215	0.0934	0.0055
0.04685557	0.00467106	0.0954944444444	0.00635555555556
0.04391018	0.006496745	0.0989766666667	0.00543333333333
0.04880161	0.003264949	0.0945555555556	0.00534444444444
0.05583338	0.002136062	0.0946888888889	0.00631111111111
0.0485891	0.003574803	0.0983444444444	0.00535555555556
0.03305778	0.004451032	0.100007777778	0.00572222222222
0.05130951	0.004786673	0.0945	0.0063
0.03852059	0.005886273	0.0945	0.0063
0.04806618	0.006234863	0.0979777777778	0.00632222222222
0.04678986	0.004795121	0.0981288888889	0.00631111111111
0.03594843	0.004291175	0.0934111111111	0.00548888888889
0.04280883	0.00448015	0.1	0.0057
0.05856816	0.004576976	0.0964333333333	0.00526666666667
0.05450287	0.004095482	0.0971222222222	0.00527777777778
0.04785628	0.002737847	0.0971333333333	0.00636666666667
0.05102386	0.006464554	0.0971333333333	0.00636666666667
0.04824639	0.003097451	0.0965333333333	0.00526666666667
0.05198606	0.003264335	0.0987111111111	0.00538888888889
0.06044201	0.003529508	0.0931111111111	0.00608888888889
0.05197261	0.002838712	0.0988888888889	0.00541111111111
0.05808932	0.004601586	0.0948888888889	0.00531111111111
0.05207465	0.003195227	0.0944555555556	0.00534444444444
0.05198364	0.002144231	0.0937777777778	0.00622222222222
0.0573936	0.002221606	0.0967222222222	0.00637777777778
0.05231869	0.002691958	0.0926888888889	0.00591111111111
0.06087479	0.003647199	0.100111111111	0.00578888888889
0.05891327	0.002876646	0.0929066666667	0.00603333333333
0.04763427	0.005326012	0.0952111111111	0.00528888888889
0.05318369	0.003538974	0.0987644444444	0.00625555555556
0.05664862	0.004160637	0.0936	0.0062
0.03859638	0.004474479	0.0958333333333	0.00526666666667
0.06265992	0.00579412	0.0927244444444	0.00595555555556
0.04618649	0.003407949	0.0926333333333	0.00576666666667
0.05065027	0.003581263	0.0928	0.006
0.04865732	0.003186381	0.0926355555556	0.00574444444444
0.04969623	0.006935595	0.0943555555556	0.00534444444444
0.04793535	0.002607786	0.0984	0.0063
0.04369817	0.005299511	0.0942311111111	0.00628888888889
0.05068667	0.005248424	0.0974222222222	0.00527777777778
0.04908385	0.003441573	0.0965444444444	0.00525555555556
0.05548934	0.003394336	0.0945777777778	0.00532222222222
0.05595967	0.002850755	0.0955933333333	0.00526666666667
0.06555499	0.003955461	0.0998444444444	0.00605555555556
0.05635647	0.003566914	0.0966811111111	0.00638888888889
0.05728887	0.003743614	0.0926	0.0059
0.05108006	0.002974456	0.0930888888889	0.00611111111111
0.0538521	0.003476148	0.0930888888889	0.00611111111111
0.05424763	0.003659872	0.0975333333333	0.00636666666667
0.04751163	0.002843094	0.0943888888889	0.00631111111111
0.0509402	0.003362003	0.0990666666667	0.00623333333333
0.05648016	0.005186421	0.0938444444444	0.00625555555556
0.05071056	0.003014407	0.0987333333333	0.00536666666667
0.06117903	0.003633389	0.098	0.0053
0.04619723	0.003847359	0.100222222222	0.00577777777778
0.05620914	0.002892016	0.0949111111111	0.00528888888889
0.05166047	0.003776814	0.0945888888889	0.00531111111111
0.04206519	0.004794826	0.0925888888889	0.00571111111111
0.05647003	0.002207078	0.100155555556	0.00594444444444
0.04559949	0.003136484	0.0963255555556	0.00524444444444
0.0461152	0.00536022	0.0956111111111	0.00638888888889
0.05249332	0.003157426	0.0945666666667	0.00633333333333
0.04578893	0.003173252	0.0926111111111	0.00568888888889
0.06309597	0.006816535	0.0995444444444	0.00615555555556
0.04559379	0.004061741	0.0993155555556	0.00544444444444
0.05068063	0.002189712	0.0925666666667	0.00593333333333
0.04940821	0.002540061	0.0959555555556	0.00524444444444
0.05729969	0.002768889	0.0981	0.0053
0.0405873	0.005688797	0.0926444444444	0.00565555555556
0.06213796	0.003406044	0.0940444444444	0.00535555555556
0.04849804	0.003214224	0.0995222222222	0.00547777777778
0.05213776	0.003974661	0.0942566666667	0.00533333333333
0.05505261	0.00369645	0.0935377777778	0.00622222222222
0.04888478	0.004876786	0.0982666666667	0.00633333333333
0.03975614	0.003385039	0.0958	0.0064
0.05542233	0.001729667	0.0949333333333	0.00636666666667
0.03956634	0.003607645	0.0989333333333	0.00626666666667
0.05805882	0.003541837	0.0997477777778	0.00612222222222
0.03145765	0.005021182	0.0949222222222	0.00527777777778
0.04409796	0.005239609	0.1003	0.0058
0.05217165	0.003096831	0.0926777777778	0.00562222222222
0.05613731	0.00246822	0.0961888888889	0.00641111111111
0.0574185	0.00253285	0.0961888888889	0.00641111111111
0.05351418	0.003809243	0.0934777777778	0.00542222222222
0.04678	0.003344072	0.0997777777778	0.00552222222222
0.03579168	0.003476098	0.0948333333333	0.00636666666667
0.05178854	0.00452692	0.100045555556	0.00604444444444
0.05196659	0.002801995	0.0959888888889	0.00641111111111
0.05408336	0.006958854	0.0930555555556	0.00614444444444
0.04928143	0.003579421	0.0926	0.006
0.05436598	0.00433521	0.0981044444444	0.00635555555556
0.0554785	0.004940573	0.0972555555556	0.00524444444444
0.04298967	0.002798295	0.0982555555556	0.00634444444444
0.06052962	0.003449669	0.100244444444	0.00595555555556
0.04699038	0.003951335	0.0926666666667	0.00603333333333
0.04834488	0.003566276	0.0990222222222	0.00537777777778
0.06747337	0.003885121	0.100222222222	0.00597777777778
0.04404357	0.002852967	0.0991111111111	0.00538888888889
0.04525673	0.003586325	0.0934888888889	0.00541111111111
0.04484014	0.00443424	0.0923888888889	0.00581111111111
0.05730118	0.003767184	0.0923777777778	0.00582222222222
0.05785758	0.003100645	0.0956888888889	0.00641111111111
0.04969255	0.003635277	0.1002	0.006
0.06234905	0.004545209	0.09879	0.0063
0.04350636	0.007240684	0.0986888888889	0.00631111111111
0.04598055	0.004546147	0.0942888888889	0.00531111111111
0.0558636	0.003786067	0.0936111111111	0.00538888888889
0.0527815	0.003674813	0.0963577777778	0.00522222222222
0.05726993	0.004766684	0.0971888888889	0.00641111111111
0.05703907	0.004565949	0.0966777777778	0.00642222222222
0.05302053	0.003952603	0.0979333333333	0.00526666666667
0.05078226	0.005840205	0.0967777777778	0.00642222222222
0.04617577	0.004106679	0.0935644444444	0.00625555555556
0.05218056	0.005757654	0.0925888888889	0.00561111111111
0.05308846	0.003112347	0.0939	0.0063
0.05181744	0.003143109	0.0949444444444	0.00525555555556
0.05054603	0.00325208	0.0978111111111	0.00638888888889
0.04964641	0.0023639	0.100388888889	0.00591111111111
0.05739733	0.005791814	0.0943155555556	0.00634444444444
0.04167508	0.007192859	0.0923444444444	0.00575555555556
0.04395305	0.007744243	0.0996111111111	0.00618888888889
0.04196032	0.005304893	0.0969777777778	0.00642222222222
0.05697549	0.003732289	0.0923866666667	0.00593333333333
0.04486828	0.006422679	0.0923333333333	0.00576666666667
0.03835806	0.008738014	0.0953888888889	0.00641111111111
0.05309816	0.003682332	0.0924222222222	0.00567777777778
0.04499562	0.004424261	0.0924222222222	0.00567777777778
0.04666281	0.004309	0.0935111111111	0.00538888888889
0.04961828	0.003533727	0.0996444444444	0.00545555555556
0.05588218	0.004296118	0.0950555555556	0.00524444444444
0.05392234	0.003460473	0.0934	0.0054
0.04540122	0.004583177	0.0937111111111	0.00628888888889
0.03647422	0.003988514	0.0991333333333	0.00536666666667
0.05449173	0.004953534	0.0936222222222	0.00627777777778
0.04725067	0.003402579	0.0997333333333	0.00546666666667
0.05876226	0.00520152	0.0992222222222	0.00537777777778
0.05190715	0.003902614	0.0931888888889	0.00621111111111
0.04818993	0.005689279	0.0987777777778	0.00632222222222
0.04625954	0.002547403	0.0939777777778	0.00532222222222
0.04826357	0.003276904	0.0924111111111	0.00598888888889
0.05874657	0.001706362	0.0927	0.0061
0.05066515	0.003619776	0.0927777777778	0.00612222222222
0.04902348	0.00337142	0.0929111111111	0.00548888888889
0.05470068	0.003868614	0.0988888888889	0.00631111111111
0.05619438	0.004640651	0.0969666666667	0.00643333333333
0.07001512	0.003250242	0.100204444444	0.00605555555556
0.05912446	0.004361125	0.0994666666667	0.00623333333333
0.04563705	0.002801486	0.0953777777778	0.00642222222222
0.05900325	0.003887105	0.0925444444444	0.00605555555556
0.04732761	0.002965726	0.0931	0.0062
0.04889044	0.003865452	0.0998222222222	0.00547777777778
0.05401834	0.003986586	0.100355555556	0.00564444444444
0.05303022	0.003285562	0.100255555556	0.00604444444444
0.05157335	0.004017656	0.1001	0.0061
0.0512929	0.004135468	0.0963	0.0052
0.04660042	0.004002227	0.0963	0.0052
0.04970517	0.004355298	0.0926888888889	0.00611111111111
0.04738964	0.004132754	0.0925333333333	0.00606666666667
0.05355939	0.004812202	0.0990755555556	0.00534444444444
0.05123152	0.003729817	0.0923444444444	0.00565555555556
0.06126343	0.00518607	0.0993222222222	0.00537777777778
0.0434481	0.005235202	0.0972888888889	0.00521111111111
0.05171958	0.002181075	0.0975777777778	0.00642222222222
0.05512241	0.002408018	0.0959	0.0052
0.05131549	0.004643097	0.0944333333333	0.00526666666667
0.05844019	0.004668968	0.0983222222222	0.00637777777778
0.05637535	0.004555206	0.0958555555556	0.00644444444444
0.03322538	0.004214142	0.0983333333333	0.00526666666667
0.04636435	0.003859912	0.0999444444444	0.00615555555556
0.05374922	0.00539907	0.0999444444444	0.00615555555556
0.05238705	0.002972562	0.0928111111111	0.00548888888889
0.05568861	0.008059671	0.0953666666667	0.00643333333333
0.04955009	0.003036189	0.0923588888889	0.00601111111111
0.05579055	0.003748523	0.100444444444	0.00565555555556
0.05353818	0.004402334	0.0923111111111	0.00598888888889
0.06132849	0.003241864	0.0923111111111	0.00598888888889
0.04018338	0.003739696	0.0971	0.0052
0.0491836	0.003708659	0.0931666666667	0.00623333333333
0.06628673	0.002051811	0.0988888888889	0.00531111111111
0.05851641	0.003003882	0.0955555555556	0.00644444444444
0.0628897	0.004676797	0.100455555556	0.00564444444444
0.04915297	0.003217379	0.0977777777778	0.00522222222222
0.063854	0.004363954	0.100566666667	0.00593333333333
0.05794391	0.002927066	0.0929555555556	0.00544444444444
0.05575497	0.001397631	0.0922	0.0057
0.0514123	0.004225635	0.100622222222	0.00587777777778
0.06075733	0.003613332	0.100622222222	0.00587777777778
0.04743799	0.002661927	0.0935555555556	0.00534444444444
0.04926389	0.002137536	0.0922222222222	0.00567777777778
0.06516963	0.004611367	0.0924622222222	0.00607777777778
0.0566199	0.005121969	0.0997666666667	0.00543333333333
0.05714054	0.00379231	0.0929888888889	0.00621111111111
0.05296693	0.003232125	0.0945555555556	0.00524444444444
0.02753751	0.005977602	0.0940111111111	0.00528888888889
0.05382541	0.00552541	0.0922222222222	0.00597777777778
0.05608203	0.002940893	0.0978777777778	0.00642222222222
0.05435194	0.004073851	0.0996666666667	0.00623333333333
0.05412965	0.006359859	0.0970644444444	0.00645555555556
0.05133959	0.003470532	0.0990777777778	0.00532222222222
0.05667706	0.00183021	0.0998555555556	0.00544444444444
0.05035863	0.002848058	0.0974555555556	0.00644444444444
0.05495851	0.004344058	0.0974555555556	0.00644444444444
0.05704432	0.003593094	0.0989888888889	0.00531111111111
0.04201093	0.002587738	0.0922777777778	0.00602222222222
0.04368243	0.00463091	0.100477777778	0.00562222222222
0.05402923	0.002198473	0.0952	0.0052
0.05312178	0.002592399	0.0929777777778	0.00542222222222
0.06121127	0.003039544	0.0987222222222	0.00527777777778
0.06006139	0.004229382	0.09246	0.0061
0.05711299	0.003123427	0.100711111111	0.00578888888889
0.05769466	0.003516691	0.100145555556	0.00614444444444
0.05874486	0.004000087	0.0989555555556	0.00634444444444
0.04097174	0.005926477	0.0925666666667	0.00613333333333
0.05865971	0.002834506	0.100645555556	0.00594444444444
0.05056893	0.004682406	0.0924111111111	0.00608888888889
0.04863038	0.003022554	0.0921711111111	0.00598888888889
0.04564811	0.003517087	0.0946777777778	0.00642222222222
0.04184098	0.005250367	0.0946777777778	0.00642222222222
0.0541435	0.00361111	0.0974111111111	0.00518888888889
0.04924932	0.002677197	0.0936666666667	0.00633333333333
0.05910139	0.003972847	0.0974444444444	0.00645555555556
0.0564024	0.004356718	0.100744444444	0.00585555555556
0.04170047	0.004733653	0.0956333333333	0.00646666666667
0.04683243	0.00246038	0.0971333333333	0.00646666666667
0.05207855	0.003674023	0.0921222222222	0.00597777777778
0.05573404	0.002503982	0.0962222222222	0.00647777777778
0.05079125	0.003819699	0.100744444444	0.00575555555556
0.05641394	0.003905785	0.0993855555556	0.00534444444444
0.03488919	0.005469843	0.0961733333333	0.00516666666667
0.05128534	0.0046908	0.0961333333333	0.00516666666667
0.05007511	0.002931601	0.0972222222222	0.00517777777778
0.04693169	0.003132035	0.0955233333333	0.00646666666667
0.05168501	0.003990298	0.0994	0.0063
0.05411149	0.004227575	0.0994	0.0063
0.05008279	0.003554406	0.0981777777778	0.00522222222222
0.04979884	0.003048844	0.0945777777778	0.00522222222222
0.05128423	0.004221352	0.0945777777778	0.00642222222222
0.04661834	0.0056469	0.0960333333333	0.00516666666667
0.04267828	0.00324263	0.09198	0.0058
0.04414166	0.005598478	0.100727777778	0.00592222222222
0.04991342	0.005206017	0.100782222222	0.00587777777778
0.05382006	0.004139702	0.0980566666667	0.00643333333333
0.04521546	0.003190654	0.0933888888889	0.00631111111111
0.04880675	0.002712153	0.0922	0.0056
0.04912669	0.00768367	0.0921666666667	0.00603333333333
0.04182732	0.005428681	0.0952933333333	0.00646666666667
0.0521208	0.004443936	0.0956222222222	0.00647777777778
0.05482445	0.002178709	0.100822222222	0.00587777777778
0.04864718	0.004358689	0.0928666666667	0.00623333333333
0.04506337	0.003000313	0.0964144444444	0.00515555555556
0.05734653	0.003089931	0.0964444444444	0.00515555555556
0.04441213	0.005245408	0.0952333333333	0.00646666666667
0.04558001	0.004222102	0.100055555556	0.00544444444444
0.06055434	0.003646126	0.100765555556	0.00594444444444
0.04915179	0.003797961	0.0927466666667	0.00543333333333
0.04985914	0.004254474	0.0947555555556	0.00644444444444
0.04708326	0.004404681	0.0995	0.0063
0.04309986	0.002711222	0.0942666666667	0.00523333333333
0.05491947	0.004518436	0.0919222222222	0.00587777777778
0.04848795	0.005471114	0.0978111111111	0.00518888888889
0.0394365	0.00405331	0.0922133333333	0.00606666666667
0.04593887	0.003352712	0.0960111111111	0.00648888888889
0.0550258	0.004875932	0.0978244444444	0.00645555555556
0.05015182	0.004142208	0.0998555555556	0.00624444444444
0.0329412	0.004096326	0.0925333333333	0.00616666666667
0.05553756	0.004134796	0.100522222222	0.00607777777778
0.05244735	0.005647418	0.0997333333333	0.00626666666667
0.04504084	0.005337632	0.0987711111111	0.00638888888889
0.0513192	0.00389469	0.0918888888889	0.00581111111111
0.05058944	0.003722077	0.0918888888889	0.00581111111111
0.04711439	0.003436028	0.0976333333333	0.00646666666667
0.04959294	0.003595245	0.100591111111	0.00558888888889
0.05675272	0.003902931	0.0998111111111	0.00538888888889
0.05622799	0.004850837	0.0989333333333	0.00526666666667
0.04433404	0.003140337	0.0918666666667	0.00583333333333
0.03998198	0.003847105	0.0918666666667	0.00583333333333
0.05770326	0.002398723	0.0982888888889	0.00521111111111
0.05613958	0.00623447	0.100666666667	0.00603333333333
0.0538039	0.002443381	0.100388888889	0.00551111111111
0.04989449	0.004868494	0.0956444444444	0.00515555555556
0.04661799	0.003477964	0.0922555555556	0.00554444444444
0.05645892	0.004091771	0.0927888888889	0.00541111111111
0.04676381	0.005264989	0.0918555555556	0.00584444444444
0.05079761	0.003859082	0.0997222222222	0.00627777777778
0.05291116	0.004065455	0.0918888888889	0.00591111111111
0.04597925	0.003453364	0.0918477777778	0.00582222222222
0.04843011	0.003039494	0.0984777777778	0.00642222222222
0.05026952	0.003312936	0.0987555555556	0.00524444444444
0.05804264	0.004791895	0.0987555555556	0.00524444444444
0.05120881	0.002491629	0.100486666667	0.00553333333333
0.05255485	0.001917617	0.0949333333333	0.00646666666667
0.04307062	0.005110813	0.0918666666667	0.00573333333333
0.0599246	0.003058997	0.0943788888889	0.00521111111111
0.06150233	0.004410557	0.0972911111111	0.00648888888889
0.04901648	0.008125524	0.0919111111111	0.00568888888889
0.05334128	0.004681483	0.0943688888889	0.00521111111111
0.04546689	0.005387477	0.0932777777778	0.00632222222222
0.05389209	0.003458941	0.0926777777778	0.00542222222222
0.05754242	0.003925575	0.0945	0.0052
0.05118238	0.005156772	0.100322222222	0.00547777777778
0.04897559	0.005027993	0.0924333333333	0.00616666666667
0.04795341	0.002542214	0.0999111111111	0.00538888888889
0.05914574	0.005059673	0.0992344444444	0.00635555555556
0.04948433	0.001852989	0.0985777777778	0.00642222222222
0.05383195	0.0042185	0.0953444444444	0.00515555555556
0.05212178	0.002753378	0.100244444444	0.00545555555556
0.06271249	0.006232883	0.100425555556	0.00614444444444
0.05101726	0.005094332	0.0921222222222	0.00607777777778
0.05659851	0.002881552	0.0930111111111	0.00628888888889
0.05258098	0.002646927	0.0952444444444	0.00515555555556
0.05331224	0.001597591	0.0952444444444	0.00515555555556
0.05291722	0.00369478	0.0937644444444	0.00525555555556
0.04758575	0.005112274	0.0922666666667	0.00613333333333
0.04601901	0.003189738	0.0917666666667	0.00583333333333
0.04281466	0.002683809	0.0947333333333	0.00646666666667
0.04602075	0.00504671	0.0949333333333	0.00516666666667
0.06157828	0.002721778	0.0966666666667	0.00513333333333
0.04599667	0.004274703	0.0947222222222	0.00517777777778
0.06189012	0.004441412	0.100088888889	0.00541111111111
0.05224594	0.003595969	0.0960666666667	0.00513333333333
0.05134841	0.002170988	0.092	0.0056
0.03676367	0.003822325	0.0921111111111	0.00608888888889
0.05750141	0.003123533	0.0973	0.0065
0.03597141	0.004209257	0.0920333333333	0.00606666666667
0.04688453	0.003623332	0.0920333333333	0.00606666666667
0.03191317	0.004511352	0.0925777777778	0.00622222222222
0.04679564	0.005457014	0.0917777777778	0.00572222222222
0.04161633	0.003023425	0.0918111111111	0.00568888888889
0.0547344	0.001959107	0.0930666666667	0.00533333333333
0.04478842	0.006601659	0.0924111111111	0.00618888888889
0.04768021	0.00196492	0.0938666666667	0.00523333333333
0.05102986	0.002652879	0.0939777777778	0.00642222222222
0.0443173	0.003730648	0.100566666667	0.00613333333333
0.05203604	0.002743725	0.100166666667	0.00623333333333
0.05340927	0.004044375	0.0943844444444	0.00645555555556
0.03618796	0.004327832	0.0994111111111	0.00528888888889
0.04092287	0.002167325	0.0963777777778	0.00512222222222
0.0584205	0.004959969	0.0964777777778	0.00652222222222
0.05411526	0.001711308	0.0975555555556	0.00514444444444
0.04670004	0.004505708	0.0920444444444	0.00555555555556
0.04583004	0.003681065	0.0916888888889	0.00581111111111
0.04644241	0.005494315	0.0980422222222	0.00647777777778
0.04868593	0.003779529	0.0935133333333	0.00526666666667
0.05487946	0.002608777	0.0972888888889	0.00651111111111
0.04685683	0.00348836	0.0990555555556	0.00524444444444
0.05196429	0.003052698	0.0998355555556	0.00534444444444
0.04663792	0.004303286	0.0976555555556	0.00514444444444
0.04463403	0.003527198	0.0927222222222	0.00537777777778
0.06008531	0.004346578	0.0989666666667	0.00523333333333
0.05192266	0.00537231	0.0999111111111	0.00628888888889
0.07327029	0.00295955	0.100744444444	0.00555555555556
0.05001733	0.003392044	0.0941555555556	0.00644444444444
0.05687254	0.003314359	0.0950555555556	0.00514444444444
0.06102932	0.003766076	0.0946222222222	0.00647777777778
0.06187611	0.001951283	0.100833333333	0.00606666666667
0.04816457	0.005062254	0.0919222222222	0.00557777777778
0.05343651	0.00350949	0.0993333333333	0.00526666666667
0.05224959	0.005748152	0.0927333333333	0.00536666666667
0.04905294	0.004160574	0.0927333333333	0.00536666666667
0.04155701	0.003397743	0.0922222222222	0.00547777777778
0.04462775	0.003458646	0.0926111111111	0.00538888888889
0.05957083	0.003608148	0.0978055555556	0.00514444444444
0.0533994	0.003644688	0.0964888888889	0.00511111111111
0.05832576	0.005694005	0.0966666666667	0.00653333333333
0.04385648	0.003686144	0.0927744444444	0.00535555555556
0.05671066	0.004458764	0.101133333333	0.00576666666667
0.04771698	0.002603902	0.0929777777778	0.00632222222222
0.05057143	0.002223983	0.101	0.006
0.05278028	0.005418545	0.0922333333333	0.00546666666667
0.05423695	0.003897319	0.0916	0.0058
0.05614787	0.006215032	0.100288888889	0.00541111111111
0.03909657	0.004409977	0.0998666666667	0.00533333333333
0.04996262	0.002120623	0.0937777777778	0.00522222222222
0.04784149	0.004081385	0.100533333333	0.00546666666667
0.04135345	0.003952704	0.100133333333	0.00626666666667
0.01808333	0.007146872	0.100935555556	0.00604444444444
0.04907453	0.003259276	0.0917888888889	0.00561111111111
0.05762339	0.003517712	0.101115555556	0.00594444444444
0.04845126	0.004885928	0.0956666666667	0.00653333333333
0.04509145	0.003484053	0.0985333333333	0.00646666666667
0.05016446	0.002825673	0.0930555555556	0.00634444444444
0.04098429	0.002993472	0.0916622222222	0.00597777777778
0.06061868	0.003704118	0.10114	0.0057
0.04373508	0.0063967	0.0965	0.0051
0.05159965	0.004469127	0.0984222222222	0.00647777777778
0.06104415	0.002651448	0.0961155555556	0.00654444444444
0.0486979	0.003859143	0.0920811111111	0.00548888888889
0.0570831	0.003553515	0.0993	0.0064
0.04613752	0.001817544	0.0915777777778	0.00592222222222
0.04390075	0.003169629	0.0915444444444	0.00575555555556
0.05196859	0.003905839	0.09159	0.0057
0.05637854	0.00512638	0.0938555555556	0.00644444444444
0.05065872	0.002952101	0.1011	0.006
0.03969862	0.002204809	0.0915222222222	0.00587777777778
0.04912292	0.002886707	0.0915111111111	0.00578888888889
0.05525765	0.003443629	0.100911111111	0.00608888888889
0.05597111	0.003785837	0.0953288888889	0.00511111111111
0.04148195	0.003389685	0.0919666666667	0.00613333333333
0.04662299	0.003918328	0.0947666666667	0.00513333333333
0.05793738	0.004386252	0.0997111111111	0.00528888888889
0.05754928	0.003903042	0.0915555555556	0.00594444444444
0.05137947	0.004109227	0.100611111111	0.00618888888889
0.0565599	0.005939042	0.0990666666667	0.00643333333333
0.05978856	0.004378237	0.0991777777778	0.00522222222222
0.05453975	0.002811698	0.0991777777778	0.00522222222222
0.05302351	0.003736563	0.0928666666667	0.00633333333333
0.04570801	0.004757994	0.0963111111111	0.00508888888889
0.06045788	0.00436047	0.100344444444	0.00625555555556
0.04965288	0.004903475	0.0920333333333	0.00616666666667
0.04888836	0.003529536	0.0967111111111	0.00508888888889
0.05211024	0.002759573	0.101155555556	0.00564444444444
0.04813051	0.004379271	0.0988844444444	0.00645555555556
0.06066626	0.003819021	0.0991288888889	0.00521111111111
0.05114303	0.003441433	0.0914444444444	0.00585555555556
0.06122794	0.002673484	0.100926666667	0.00553333333333
0.0465171	0.003723549	0.101313333333	0.00586666666667
0.05025224	0.004091368	0.101277777778	0.00572222222222
0.05104357	0.002972125	0.0979777777778	0.00512222222222
0.04093506	0.003824045	0.0934777777778	0.00522222222222
0.05882343	0.005591885	0.0934777777778	0.00642222222222
0.04902334	0.004675525	0.0989444444444	0.00645555555556
0.05616003	0.004749541	0.0999666666667	0.00633333333333
0.04818308	0.003966887	0.0988333333333	0.00646666666667
0.05695931	0.001910649	0.0977888888889	0.00511111111111
0.05741612	0.002327726	0.0956244444444	0.00655555555556
0.06490347	0.0046186	0.0971544444444	0.00655555555556
0.04323618	0.003218091	0.0952	0.0051
0.04018787	0.003847889	0.0963733333333	0.00656666666667
0.05093648	0.004244742	0.0982666666667	0.00513333333333
