root_height	pop_size	pi_net	pi_within
0.01601013	0.001730062	0.0364222222222	0.00197777777778
0.01488811	0.002283383	0.0363777777778	0.00182222222222
0.02106276	0.002006369	0.037	0.0021
0.02012587	0.001283604	0.0375222222222	0.00207777777778
0.02497924	0.0008856944	0.0369333333333	0.00176666666667
0.01609225	0.002046367	0.0354666666667	0.00193333333333
0.02458632	0.00176944	0.0365555555556	0.00214444444444
0.02541139	0.003037763	0.0367333333333	0.00216666666667
0.01975173	0.001807126	0.0353555555556	0.00184444444444
0.01415005	0.001798784	0.0354333333333	0.00206666666667
0.02451939	0.003534932	0.0381777777778	0.00212222222222
0.0229247	0.001177118	0.0386	0.002
0.02659558	0.002233401	0.0353444444444	0.00175555555556
0.01868969	0.001302297	0.0348333333333	0.00196666666667
0.0273892	0.001692251	0.0348255555556	0.00194444444444
0.01977971	0.001112336	0.0365555555556	0.00164444444444
0.01938815	0.001289299	0.0376777777778	0.00222222222222
0.01275839	0.002014893	0.0347111111111	0.00188888888889
0.02321546	0.001925505	0.0388222222222	0.00197777777778
0.02871798	0.002340706	0.0388666666667	0.00193333333333
0.01533278	0.004514962	0.0379888888889	0.00221111111111
0.01791356	0.001878479	0.0354222222222	0.00167777777778
0.0218456	0.0009278243	0.0384888888889	0.00171111111111
0.02491722	0.002553129	0.0346	0.0018
0.01819504	0.001650154	0.0390666666667	0.00203333333333
0.0193142	0.00150325	0.0388666666667	0.00213333333333
0.02717041	0.002356737	0.0349111111111	0.00218888888889
0.03528034	0.001701529	0.0389888888889	0.00211111111111
0.02108822	0.001511815	0.0392666666667	0.00193333333333
0.01974395	0.002351004	0.0387111111111	0.00218888888889
0.02064583	0.002378393	0.0344	0.0021
0.02346659	0.003116861	0.0381777777778	0.00162222222222
0.01911612	0.00247553	0.0390555555556	0.00214444444444
0.01963201	0.003020685	0.0354	0.0016
0.01965414	0.001558766	0.0374666666667	0.00233333333333
0.03497615	0.003172426	0.0383222222222	0.00227777777778
0.02220285	0.001089882	0.0376666666667	0.00233333333333
0.0251991	0.001857769	0.0347666666667	0.00223333333333
0.02122275	0.002439857	0.0375555555556	0.00154444444444
0.01690021	0.003014113	0.0386666666667	0.00163333333333
0.030386	0.001618902	0.0391222222222	0.00217777777778
0.01705034	0.001339106	0.034	0.0018
0.02515676	0.001405419	0.0386888888889	0.00161111111111
0.02568618	0.001767626	0.0394555555556	0.00214444444444
0.02371078	0.001082124	0.0395777777778	0.00212222222222
0.01649485	0.00117636	0.0338222222222	0.00207777777778
0.02238247	0.003829505	0.0397555555556	0.00184444444444
0.02291047	0.002729325	0.0362	0.0024
0.02226906	0.002011518	0.0377111111111	0.00238888888889
0.02002411	0.001926835	0.0347	0.0023
0.02198663	0.001767041	0.0399111111111	0.00198888888889
0.01817532	0.001510718	0.0340111111111	0.00168888888889
0.02406927	0.00262879	0.0398888888889	0.00181111111111
0.02399622	0.001048407	0.0401111111111	0.00188888888889
0.0239121	0.000964064	0.0368444444444	0.00245555555556
0.01928246	0.002188451	0.0396777777778	0.00222222222222
0.02201266	0.002023544	0.0391444444444	0.00155555555556
0.01965679	0.002836954	0.0395222222222	0.00227777777778
0.01753449	0.002056796	0.0383333333333	0.00146666666667
0.01580834	0.002422846	0.0382444444444	0.00145555555556
0.01661892	0.001618941	0.0343555555556	0.00154444444444
0.01734439	0.002129735	0.0361222222222	0.00247777777778
0.03086339	0.0008768186	0.0403333333333	0.00206666666667
0.01479646	0.002044645	0.0350666666667	0.00243333333333
0.02042129	0.001547577	0.0376888888889	0.00141111111111
0.02051596	0.002670814	0.0377111111111	0.00248888888889
0.0169511	0.0009722036	0.0347333333333	0.00146666666667
0.03001252	0.001213876	0.0385555555556	0.00244444444444
0.01956896	0.001567245	0.0403555555556	0.00214444444444
0.02097113	0.004349151	0.0381111111111	0.00248888888889
0.0167195	0.001487544	0.0376222222222	0.00137777777778
0.02260737	0.001602699	0.0356	0.0025
0.01748308	0.001449865	0.0392	0.0024
0.01939902	0.001609142	0.0406666666667	0.00193333333333
0.02121878	0.002069664	0.0401155555556	0.00224444444444
0.02060257	0.00176853	0.0398222222222	0.00157777777778
0.01795614	0.004765679	0.0327777777778	0.00202222222222
0.01987401	0.001328927	0.0384111111111	0.00138888888889
0.01824169	0.001625729	0.0407111111111	0.00178888888889
0.01581875	0.002632167	0.0334222222222	0.00157777777778
0.02388488	0.004362578	0.0345333333333	0.00246666666667
0.01909889	0.001363683	0.0350888888889	0.00251111111111
0.01962533	0.001810315	0.0402	0.0016
0.02800294	0.001518846	0.0402111111111	0.00228888888889
0.02063822	0.00183425	0.0408111111111	0.00208888888889
0.01852459	0.002727581	0.0406222222222	0.00217777777778
0.01872969	0.001125968	0.0379555555556	0.00134444444444
0.01990972	0.001630935	0.0397111111111	0.00238888888889
0.02367319	0.0007241075	0.0387111111111	0.00138888888889
0.01687321	0.002786515	0.0348	0.0025
0.02234248	0.002369057	0.0406	0.0022
0.02374987	0.001597799	0.0385888888889	0.00251111111111
0.01917111	0.00140142	0.0341555555556	0.00244444444444
0.02208448	0.001963291	0.0374222222222	0.00257777777778
0.02059298	0.001790064	0.0366	0.0013
0.01571095	0.002837528	0.0328866666667	0.00223333333333
0.02269345	0.001643474	0.0395555555556	0.00144444444444
0.02477036	0.002229721	0.0377111111111	0.00258888888889
0.02192071	0.003031	0.0390888888889	0.00251111111111
0.02265833	0.001197063	0.0335	0.0024
0.02343339	0.001473945	0.0395777777778	0.00142222222222
0.01771007	0.001164339	0.0335777777778	0.00242222222222
0.02060335	0.0007162957	0.0360888888889	0.00261111111111
0.02126243	0.001878846	0.0406	0.0023
0.01999986	0.001231205	0.0379111111111	0.00128888888889
0.02772523	0.001409753	0.0412888888889	0.00191111111111
0.02012228	0.003319629	0.0349233333333	0.00256666666667
0.01571848	0.001070728	0.0355111111111	0.00128888888889
0.02340338	0.001500661	0.0394	0.0025
0.01859453	0.00437	0.0323555555556	0.00214444444444
0.02493671	0.001364847	0.0393888888889	0.00251111111111
0.02671923	0.003191282	0.0384	0.0026
0.01913404	0.002350762	0.0325777777778	0.00162222222222
0.02250472	0.001840389	0.0414444444444	0.00205555555556
0.02322565	0.002609208	0.0375555555556	0.00264444444444
0.01603023	0.001213358	0.0323111111111	0.00168888888889
0.01948682	0.001779239	0.0411777777778	0.00222222222222
0.02097136	0.001325408	0.0383333333333	0.00126666666667
0.01716368	0.002056375	0.0349288888889	0.00261111111111
0.0168983	0.001648939	0.0319555555556	0.00204444444444
0.02397696	0.00268419	0.0374888888889	0.00121111111111
0.02152675	0.0006920748	0.0353466666667	0.00123333333333
0.01690991	0.001990408	0.0320222222222	0.00217777777778
0.01756431	0.001659083	0.0334	0.0025
0.01766304	0.001632678	0.0329555555556	0.00144444444444
0.0207394	0.001638474	0.0316888888889	0.00191111111111
0.01529906	0.001263913	0.0316666666667	0.00193333333333
0.01933023	0.001850351	0.0316666666667	0.00193333333333
0.02051108	0.001958535	0.0414666666667	0.00223333333333
0.02830792	0.001200097	0.0404777777778	0.00142222222222
0.01587176	0.002444667	0.0322	0.0023
0.02402101	0.0009131374	0.0419	0.0019
0.01531492	0.001071347	0.0375222222222	0.00117777777778
0.0282032	0.001718933	0.0418888888889	0.00181111111111
0.02133755	0.000921772	0.0396	0.0026
0.02832365	0.001961487	0.0354111111111	0.00118888888889
0.02841216	0.002376017	0.0408666666667	0.00243333333333
0.0172898	0.003914767	0.0391555555556	0.00264444444444
0.02195614	0.001392261	0.0411111111111	0.00238888888889
0.02247838	0.002112116	0.0411111111111	0.00238888888889
0.02676002	0.002377677	0.0389333333333	0.00266666666667
0.02168389	0.0006781925	0.0371555555556	0.00114444444444
0.02170088	0.003609248	0.0400111111111	0.00258888888889
0.02219025	0.002927436	0.0384888888889	0.00271111111111
0.02301883	0.001547858	0.0368444444444	0.00275555555556
0.02509198	0.001059407	0.0363666666667	0.00113333333333
0.01785875	0.001262028	0.0325333333333	0.00246666666667
0.02500111	0.002124635	0.0398777777778	0.00262222222222
0.02501828	0.00103719	0.0418777777778	0.00162222222222
0.01539418	0.002678987	0.0325111111111	0.00248888888889
0.02213114	0.001760839	0.0400777777778	0.00262222222222
0.01429813	0.002225279	0.0320777777778	0.00242222222222
0.02033997	0.0009647425	0.0338888888889	0.00121111111111
0.01986201	0.001792309	0.0311222222222	0.00207777777778
0.03159238	0.005071323	0.0394	0.0027
0.01901809	0.001291583	0.0317777777778	0.00152222222222
0.02339868	0.002346324	0.0354222222222	0.00277777777778
0.01806389	0.001563343	0.0373111111111	0.00108888888889
0.01858566	0.001549669	0.0311555555556	0.00174444444444
0.02722486	0.001712714	0.0421555555556	0.00164444444444
0.02238831	0.00215019	0.0418444444444	0.00235555555556
0.0245784	0.003242132	0.0409555555556	0.00134444444444
0.02056093	0.003068168	0.0390444444444	0.00275555555556
0.0200124	0.003968253	0.0356888888889	0.00281111111111
0.02579041	0.003055166	0.0361333333333	0.00106666666667
0.02744834	0.002226613	0.0412888888889	0.00251111111111
0.01929794	0.0007651777	0.0423444444444	0.00165555555556
0.02627295	0.001283951	0.0423444444444	0.00165555555556
0.01313789	0.002765547	0.0340666666667	0.00273333333333
0.0177617	0.002838911	0.0426444444444	0.00205555555556
0.02315308	0.002112169	0.0412444444444	0.00135555555556
0.01571357	0.001147177	0.0416666666667	0.00143333333333
0.03066319	0.002356714	0.0379777777778	0.00282222222222
0.02172888	0.00178932	0.0397777777778	0.00272222222222
0.02042986	0.00300955	0.0332222222222	0.00267777777778
0.0237748	0.001197809	0.0418666666667	0.00243333333333
0.02305057	0.00208443	0.0371444444444	0.00285555555556
0.02029504	0.002069546	0.0426888888889	0.00171111111111
0.02021828	0.005365287	0.0325777777778	0.00262222222222
0.01665603	0.00212589	0.0306244444444	0.00205555555556
0.01706892	0.001842751	0.0323111111111	0.00258888888889
0.01666963	0.003720768	0.0347777777778	0.00282222222222
0.02624795	0.001887773	0.0425	0.0023
0.02457616	0.001831185	0.0416888888889	0.00251111111111
0.02634072	0.0008621796	0.0424444444444	0.00155555555556
0.02420589	0.001373878	0.0389777777778	0.00282222222222
0.01877701	0.002045625	0.0411333333333	0.00126666666667
0.02357011	0.002438853	0.0331777777778	0.00272222222222
0.02610638	0.001733514	0.0426122222222	0.00157777777778
0.02635186	0.001210249	0.034	0.0028
0.01839512	0.002105927	0.0306222222222	0.00167777777778
0.01972597	0.001489714	0.037	0.0029
0.0232818	0.002300717	0.0337111111111	0.00278888888889
0.02410676	0.001746323	0.0411555555556	0.00264444444444
0.02072058	0.00276851	0.0304333333333	0.00176666666667
0.01716838	0.001841438	0.0331555555556	0.00274444444444
0.02427793	0.003397496	0.0400222222222	0.00277777777778
0.02049611	0.001716299	0.0411444444444	0.00265555555556
0.02205793	0.002164433	0.0347333333333	0.00286666666667
0.02291901	0.0007169189	0.0423555555556	0.00144444444444
0.02227038	0.00158211	0.0432	0.0021
0.017462	0.002902369	0.0328666666667	0.00273333333333
0.02193009	0.002130508	0.0393555555556	0.00284444444444
0.01358516	0.002600127	0.0314666666667	0.00253333333333
0.02770713	0.001482962	0.0404333333333	0.00276666666667
0.02586506	0.001772731	0.0431333333333	0.00166666666667
0.02752614	0.003335576	0.0390222222222	0.00287777777778
0.01620897	0.001786144	0.0302888888889	0.00171111111111
0.02538211	0.001808713	0.0365555555556	0.00294444444444
0.02524959	0.00236503	0.0398666666667	0.00283333333333
0.02045692	0.00336244	0.0388	0.0029
0.01819959	0.002595539	0.0430888888889	0.00161111111111
0.02039095	0.002175778	0.0429777777778	0.00232222222222
0.02504601	0.001458983	0.0421555555556	0.00254444444444
0.03480283	0.001878245	0.0431333333333	0.00226666666667
0.02884861	0.001589928	0.0434888888889	0.00201111111111
0.01126604	0.002381119	0.0349777777778	0.00292222222222
0.02324116	0.001951545	0.0405111111111	0.00278888888889
0.01149238	0.002146867	0.0315111111111	0.00258888888889
0.01676489	0.00279488	0.0358444444444	0.00295555555556
0.01958848	0.003017296	0.0347777777778	0.00292222222222
0.01852878	0.002347337	0.0300666666667	0.00173333333333
0.01821784	0.00319644	0.0304555555556	0.00154444444444
0.02201392	0.003588521	0.0344888888889	0.00291111111111
0.01832224	0.002206921	0.0317744444444	0.00265555555556
0.01807459	0.002549249	0.0313222222222	0.00257777777778
0.02342501	0.002111713	0.0395111111111	0.00288888888889
0.03002223	0.001374463	0.0402666666667	0.00283333333333
0.0206329	0.001835849	0.0347666666667	0.00293333333333
0.01958962	0.002285835	0.0413888888889	0.00271111111111
0.02152414	0.002113774	0.0394	0.0029
0.02683122	0.0008515033	0.0426888888889	0.00141111111111
0.01037912	0.002605877	0.0299555555556	0.00174444444444
0.02552792	0.001585037	0.0409777777778	0.00112222222222
0.02066657	0.001657257	0.0328888888889	0.00281111111111
0.02739651	0.002746162	0.0397111111111	0.00288888888889
0.01869578	0.004227536	0.0391777777778	0.00292222222222
0.02640919	0.001653025	0.0437333333333	0.00196666666667
0.01517016	0.002663349	0.0371111111111	0.00298888888889
0.03148427	0.001527198	0.0427111111111	0.00138888888889
0.01954739	0.0029114	0.0410222222222	0.00277777777778
0.02223952	0.002042159	0.0437333333333	0.00206666666667
0.01294166	0.002495403	0.0300444444444	0.00225555555556
0.02096716	0.003368284	0.0348444444444	0.00295555555556
0.02429555	0.001961401	0.0436333333333	0.00216666666667
0.02906942	0.002962427	0.0429555555556	0.00244444444444
0.01490616	0.00220441	0.0377111111111	0.00298888888889
0.02386575	0.00104915	0.0436666666667	0.00173333333333
0.02596713	0.001804533	0.0437333333333	0.00176666666667
0.02204682	0.002801114	0.0329955555556	0.00284444444444
0.01990079	0.001676954	0.0335111111111	0.00288888888889
0.02953105	0.00141328	0.0436888888889	0.00171111111111
0.01848054	0.002708126	0.0427333333333	0.00136666666667
0.02654866	0.002208213	0.0395777777778	0.00292222222222
0.01890224	0.002271484	0.0403333333333	0.00286666666667
0.01590913	0.002351475	0.0305333333333	0.00246666666667
0.01318438	0.00284306	0.03993	0.0029
0.01819014	0.003423797	0.0364888888889	0.00301111111111
0.02379694	0.001890588	0.0356	0.003
0.02357875	0.0008658948	0.0426444444444	0.00255555555556
0.021716	0.003329757	0.0315222222222	0.00267777777778
0.01609184	0.003591953	0.0318666666667	0.00273333333333
0.0262755	0.002151331	0.0433111111111	0.00238888888889
0.02879738	0.001663493	0.0439555555556	0.00194444444444
0.02378968	0.003828259	0.0342444444444	0.00295555555556
0.02300486	0.002222417	0.0328666666667	0.00103333333333
0.01775263	0.001682912	0.0329333333333	0.00286666666667
0.02667632	0.002354643	0.043	0.0025
0.01774837	0.002573274	0.0298222222222	0.00227777777778
0.03030514	0.002209647	0.0432666666667	0.00243333333333
0.01596104	0.00193993	0.0351888888889	0.00301111111111
0.02270963	0.002202684	0.0296	0.0017
0.02447143	0.002110014	0.0357666666667	0.00303333333333
0.01478218	0.0008152276	0.0315333333333	0.00116666666667
0.01864134	0.001837394	0.0391111111111	0.00298888888889
0.01864996	0.00218574	0.0393222222222	0.00297777777778
0.02046467	0.00244334	0.0415111111111	0.00278888888889
0.02458879	0.001619821	0.0441466666667	0.00203333333333
0.02790408	0.003395297	0.0440888888889	0.00211111111111
0.01924521	0.001214677	0.0393111111111	0.00298888888889
0.01488104	0.002071216	0.0294444444444	0.00215555555556
0.02455543	0.00218524	0.0439777777778	0.00222222222222
0.02705374	0.001258857	0.0404888888889	0.00291111111111
0.01568	0.001359831	0.0437666666667	0.00233333333333
0.02613212	0.003637516	0.0403777777778	0.00292222222222
0.02082022	0.002055662	0.0293777777778	0.00172222222222
0.0154325	0.003575961	0.0298888888889	0.00241111111111
0.02242831	0.001938135	0.0422888888889	0.00271111111111
0.02457354	0.002147162	0.0353444444444	0.00305555555556
0.02400203	0.002341971	0.0420444444444	0.00275555555556
0.02500139	0.003229268	0.0379133333333	0.00306666666667
0.01921569	0.001494925	0.0306555555556	0.00264444444444
0.01832466	0.002127296	0.0338888888889	0.00301111111111
0.02305134	0.002407201	0.0444	0.0021
0.02192562	0.002238847	0.0443555555556	0.00174444444444
0.009244124	0.001267186	0.0290888888889	0.00181111111111
0.02071098	0.00197141	0.0336	0.003
0.02089244	0.001253428	0.0418888888889	0.00281111111111
0.02008578	0.001206452	0.0444888888889	0.00201111111111
0.02273654	0.002501276	0.0351222222222	0.00307777777778
0.01697416	0.004353234	0.0293222222222	0.00227777777778
0.02521	0.002574063	0.0427111111111	0.00268888888889
0.02014851	0.002938153	0.0421111111111	0.00278888888889
0.02196739	0.002576904	0.0383111111111	0.00308888888889
0.01853478	0.001981441	0.0318444444444	0.00285555555556
0.01217832	0.001498948	0.0294222222222	0.00237777777778
0.02387669	0.001873051	0.0430444444444	0.00265555555556
0.0257425	0.002810084	0.0370777777778	0.00312222222222
0.01250975	0.003379433	0.0371777777778	0.00312222222222
0.02556562	0.0008035721	0.0441333333333	0.00236666666667
0.02129347	0.002403246	0.0308666666667	0.00273333333333
0.02364828	0.003114947	0.0396555555556	0.00304444444444
0.02258636	0.001826738	0.0444444444444	0.00165555555556
0.02299549	0.004604855	0.0388111111111	0.00308888888889
0.02479929	0.002862959	0.03859	0.0031
0.02240983	0.002482578	0.0442666666667	0.00233333333333
0.02536981	0.002154323	0.0427777777778	0.00272222222222
0.01689617	0.002860409	0.0319111111111	0.00288888888889
0.01780309	0.001162187	0.0290666666667	0.00163333333333
0.01791345	0.00450103	0.0401777777778	0.00302222222222
0.01774968	0.002252301	0.0334666666667	0.00303333333333
0.02177263	0.002262168	0.0352777777778	0.00312222222222
0.01768919	0.002892848	0.0408222222222	0.00297777777778
0.01301557	0.002785222	0.0354666666667	0.00313333333333
0.01792041	0.0007247459	0.0288222222222	0.00217777777778
0.01737654	0.00159744	0.0287333333333	0.00176666666667
0.02173765	0.001503939	0.0447888888889	0.00211111111111
0.01867592	0.002815732	0.0447555555556	0.00214444444444
0.02040744	0.002576604	0.0322444444444	0.00295555555556
0.0222767	0.001828457	0.0416888888889	0.00291111111111
0.01979885	0.002248458	0.0360444444444	0.00315555555556
0.02121084	0.002383104	0.0434666666667	0.00263333333333
0.01542701	0.001770638	0.0294222222222	0.00247777777778
0.02504793	0.001148966	0.0447777777778	0.00172222222222
0.0147206	0.001644708	0.0339311111111	0.00308888888889
0.01893245	0.001035672	0.0286666666667	0.00213333333333
0.01721059	0.003483444	0.0300444444444	0.00265555555556
0.02526415	0.0009843279	0.0444	0.0024
0.02448115	0.004455958	0.0412222222222	0.00297777777778
0.02506187	0.002368313	0.0445555555556	0.00234444444444
0.02235039	0.001613805	0.0447555555556	0.00224444444444
0.01556228	0.002536013	0.0366222222222	0.00317777777778
0.02789867	0.002322858	0.0431777777778	0.00272222222222
0.02073982	0.002063069	0.042	0.0029
0.0231247	0.002834997	0.0429333333333	0.00276666666667
0.02158668	0.003385285	0.0435444444444	0.00265555555556
0.01371593	0.002086883	0.0299644444444	0.00265555555556
0.02437181	0.003278525	0.0446888888889	0.00231111111111
0.02108796	0.001944178	0.0286222222222	0.00167777777778
0.01807305	0.002407445	0.0445111111111	0.00148888888889
0.01817662	0.0043443	0.0412	0.003
0.02097314	0.002069014	0.0449777777778	0.00172222222222
0.03232657	0.001456294	0.0426444444444	0.00105555555556
0.02570635	0.002261418	0.0420888888889	0.00291111111111
0.02570378	0.002585049	0.0435111111111	0.00268888888889
0.0209894	0.0009967788	0.0451333333333	0.00186666666667
0.0161243	0.003734165	0.0364	0.0032
0.02387282	0.002074144	0.0451111111111	0.00178888888889
0.02104509	0.002161953	0.0404222222222	0.00307777777778
0.0223511	0.002020896	0.0402	0.0031
0.02022155	0.001892531	0.0302444444444	0.00275555555556
0.0202248	0.001931833	0.0370888888889	0.00321111111111
0.02035842	0.00185306	0.0306666666667	0.00283333333333
0.02508055	0.002671336	0.0450888888889	0.00221111111111
0.01043168	0.002014476	0.0282222222222	0.00197777777778
0.01261339	0.001823811	0.0394444444444	0.00315555555556
0.02471838	0.001857835	0.0443777777778	0.00252222222222
0.02229996	0.003696338	0.0378888888889	0.00321111111111
0.01175388	0.002931511	0.0301444444444	0.00275555555556
0.01751289	0.001689471	0.0355888888889	0.00321111111111
0.02091314	0.002141086	0.0452777777778	0.00182222222222
0.02289511	0.003581174	0.0411555555556	0.00304444444444
0.01973652	0.002869816	0.0422444444444	0.000955555555556
0.0165185	0.002353662	0.029	0.0025
0.02271923	0.002423029	0.0377777777778	0.00322222222222
0.02282318	0.001269569	0.0436888888889	0.00271111111111
0.02473461	0.001428472	0.0368666666667	0.00323333333333
0.02634947	0.002134365	0.0453555555556	0.00184444444444
0.02467759	0.001615372	0.0423777777778	0.00292222222222
0.02248242	0.001599903	0.0423777777778	0.00292222222222
0.02075482	0.003279425	0.0374666666667	0.00323333333333
0.02529095	0.001868573	0.0398444444444	0.00315555555556
0.01712234	0.0005519711	0.0340888888889	0.000711111111111
0.02485986	0.002302245	0.0392111111111	0.00318888888889
0.02434424	0.0007522253	0.0280222222222	0.00197777777778
0.01886053	0.001182486	0.0394	0.0007
0.01766827	0.00161769	0.0284444444444	0.00235555555556
0.02127216	0.002389251	0.0382666666667	0.00323333333333
0.02734323	0.001354214	0.0327888888889	0.00311111111111
0.02137311	0.002156848	0.0436444444444	0.00275555555556
0.02809809	0.001625802	0.045	0.0024
0.02106903	0.003161942	0.0381555555556	0.00324444444444
0.02468247	0.002731047	0.0404155555556	0.00314444444444
0.02605967	0.001161386	0.0426777777778	0.00292222222222
0.01850774	0.00458968	0.0407777777778	0.00312222222222
0.02765804	0.001917543	0.0369333333333	0.00326666666667
0.01536632	0.001007526	0.0285555555556	0.00144444444444
0.02395112	0.0006166864	0.0441777777778	0.00122222222222
0.01570523	0.001597711	0.0410222222222	0.000777777777778
0.01899459	0.002434117	0.0417555555556	0.00304444444444
0.0187304	0.001900348	0.0364922222222	0.00327777777778
0.01838114	0.00274744	0.0443555555556	0.00264444444444
0.02460812	0.00316902	0.0456666666667	0.00203333333333
0.02638073	0.00175007	0.0372222222222	0.00327777777778
0.0221091	0.001943046	0.0454444444444	0.00225555555556
0.02143792	0.002064723	0.0446222222222	0.00257777777778
0.01931792	0.002441434	0.0381333333333	0.00326666666667
0.02896595	0.002163236	0.0435888888889	0.00281111111111
0.01702176	0.004185226	0.0392666666667	0.00323333333333
0.03041421	0.002654158	0.0456222222222	0.00217777777778
0.01604307	0.001195256	0.0304888888889	0.00291111111111
0.01962795	0.003162876	0.0419555555556	0.00304444444444
0.02296598	0.001646824	0.0456666666667	0.00173333333333
0.02396255	0.002200005	0.0452222222222	0.00147777777778
0.01998677	0.002811331	0.0412888888889	0.00311111111111
0.01954538	0.003443622	0.0394666666667	0.00323333333333
0.01409087	0.001510341	0.0282411111111	0.00148888888889
0.01864362	0.001996435	0.0427666666667	0.000933333333333
0.02486964	0.00191577	0.0458	0.002
0.02538421	0.00267285	0.0453111111111	0.00238888888889
0.02357832	0.001352924	0.0411666666667	0.00313333333333
0.01976657	0.002347478	0.036	0.0033
0.01901635	0.00266946	0.0400888888889	0.00321111111111
0.02198084	0.001740671	0.0439111111111	0.00278888888889
0.0181764	0.001274313	0.0312666666667	0.00303333333333
0.02089386	0.002215631	0.0366288888889	0.00331111111111
0.02567284	0.0009931507	0.0433111111111	0.000988888888889
0.02361666	0.001823503	0.0398666666667	0.00323333333333
0.02392168	0.001334928	0.0442666666667	0.00273333333333
0.02232026	0.003587055	0.0409333333333	0.00316666666667
0.009719861	0.001844353	0.0300222222222	0.00287777777778
0.02723689	0.002294338	0.0453777777778	0.00242222222222
0.0256538	0.001902406	0.0455555555556	0.00234444444444
0.02341466	0.003586853	0.0356488888889	0.00331111111111
0.02687713	0.003191795	0.0459111111111	0.00178888888889
0.01983117	0.0008870979	0.0449777777778	0.00132222222222
0.01728722	0.00298089	0.0351	0.0033
0.01443137	0.001983998	0.0416888888889	0.00311111111111
0.02107137	0.002510748	0.0361777777778	0.00332222222222
0.02517974	0.002472882	0.0415777777778	0.00312222222222
0.0140727	0.002139399	0.0278666666667	0.00233333333333
0.01986479	0.001472433	0.0382888888889	0.00331111111111
0.0177214	0.003197933	0.0395333333333	0.00326666666667
0.02471306	0.002142041	0.0436222222222	0.00287777777778
0.02594114	0.001873315	0.0430333333333	0.00296666666667
0.03135007	0.003677992	0.0422333333333	0.00306666666667
0.02989199	0.002658025	0.0391111111111	0.00328888888889
0.01841521	0.002560266	0.0379777777778	0.00332222222222
0.03019036	0.001886977	0.0456444444444	0.00235555555556
0.02677743	0.001450133	0.0456444444444	0.00235555555556
0.01607739	0.0019325	0.0276444444444	0.00165555555556
0.02998553	0.001583003	0.0460444444444	0.00205555555556
0.01754457	0.002928159	0.042	0.0031
0.02770042	0.002305064	0.0451333333333	0.00256666666667
0.02075658	0.004270285	0.0383777777778	0.00332222222222
0.03149346	0.001316273	0.0456222222222	0.00147777777778
0.01583954	0.001854758	0.0275555555556	0.00224444444444
0.01774042	0.00105681	0.0377555555556	0.00334444444444
0.02360848	0.004193073	0.0398222222222	0.00327777777778
0.02376233	0.002639715	0.0450333333333	0.00126666666667
0.02185165	0.002427946	0.0323111111111	0.00318888888889
0.01962474	0.003152239	0.0419777777778	0.00312222222222
0.01553693	0.005628985	0.0449444444444	0.00265555555556
0.02443862	0.003957652	0.0342888888889	0.00331111111111
0.02230977	0.003078037	0.0458555555556	0.00234444444444
0.02207985	0.002840278	0.0322111111111	0.00318888888889
0.02388263	0.002130857	0.0412	0.0032
0.01710331	0.003113626	0.0274666666667	0.00163333333333
0.01598783	0.004147727	0.0332333333333	0.00326666666667
0.01620666	0.001215844	0.0300444444444	0.00295555555556
0.01487374	0.004405056	0.0326666666667	0.00323333333333
0.02046166	0.002056694	0.0375333333333	0.00336666666667
0.0182722	0.001730115	0.0359333333333	0.00336666666667
0.03027239	0.0005333731	0.0462888888889	0.00181111111111
0.01917975	0.003108543	0.0390666666667	0.00333333333333
0.02527314	0.0009260853	0.0450666666667	0.00123333333333
0.02038076	0.002460483	0.0462688888889	0.00211111111111
0.02282189	0.0007890712	0.0449888888889	0.00121111111111
0.01528765	0.003113396	0.0312777777778	0.00312222222222
0.01574994	0.001727775	0.0297333333333	0.000966666666667
0.01377325	0.001774891	0.0307333333333	0.00306666666667
0.01763387	0.00256453	0.0452888888889	0.00261111111111
0.01886393	0.003240308	0.0300222222222	0.00297777777778
0.02379919	0.001945675	0.0462888888889	0.00171111111111
0.01673234	0.003408184	0.0294111111111	0.00288888888889
0.01815102	0.001985895	0.0321777777778	0.00322222222222
0.01056123	0.003743207	0.0270666666667	0.00183333333333
0.0232377	0.002085978	0.0437444444444	0.00295555555556
0.0251319	0.00247031	0.0411555555556	0.00324444444444
0.02521395	0.002486782	0.0427	0.0031
0.02015404	0.004145467	0.0348222222222	0.00337777777778
0.02611061	0.003040174	0.0450888888889	0.00271111111111
0.0130362	0.005352751	0.0387222222222	0.00337777777778
0.02020218	0.002371603	0.0378	0.0034
0.02808649	0.001894706	0.0462488888889	0.00231111111111
0.02665577	0.004926251	0.0416888888889	0.00321111111111
0.01958274	0.00135031	0.0362788888889	0.00341111111111
0.01898283	0.003216219	0.0448111111111	0.00278888888889
0.0259806	0.00104779	0.0452888888889	0.00121111111111
0.01121625	0.003843442	0.0290333333333	0.00286666666667
0.01649396	0.002304335	0.0343222222222	0.00337777777778
0.01058288	0.006541772	0.035	0.0034
0.01455842	0.002404254	0.035	0.0034
0.0214876	0.001701754	0.0462222222222	0.00237777777778
0.0197175	0.0007178603	0.0373377777778	0.00342222222222
0.01676764	0.00270444	0.0342222222222	0.00337777777778
0.01988109	0.002132225	0.0416666666667	0.00323333333333
0.02301454	0.001504927	0.0445333333333	0.00286666666667
0.02367365	0.002553044	0.0460222222222	0.00247777777778
0.02146645	0.002184146	0.0465777777778	0.00172222222222
0.01419658	0.0007776222	0.0305111111111	0.000788888888889
0.02485548	0.001486494	0.0285222222222	0.00277777777778
0.02003135	0.003271583	0.0356777777778	0.00342222222222
0.01636265	0.004003226	0.0306777777778	0.00312222222222
0.02396967	0.003119765	0.0425444444444	0.00315555555556
0.02242441	0.001746467	0.0432222222222	0.00307777777778
0.02114835	0.00181998	0.0459777777778	0.00252222222222
0.01921792	0.002751201	0.0434444444444	0.00305555555556
0.02321892	0.002560566	0.0328777777778	0.00332222222222
0.02315693	0.001634646	0.0439111111111	0.00298888888889
0.01368828	0.001356853	0.0289422222222	0.00287777777778
0.02313172	0.002299969	0.0446333333333	0.00286666666667
0.01775584	0.002391553	0.0463111111111	0.00148888888889
0.02452642	0.002071545	0.0417555555556	0.00324444444444
0.02063818	0.003987783	0.0327777777778	0.00332222222222
0.02315767	0.003656736	0.0354666666667	0.00343333333333
0.02107752	0.0030533	0.0335333333333	0.00336666666667
0.01976795	0.004821713	0.0374555555556	0.00344444444444
0.02317635	0.002908591	0.0455111111111	0.00268888888889
0.02007123	0.002067513	0.0303888888889	0.00311111111111
0.02368454	0.002040813	0.0452444444444	0.00275555555556
0.0307022	0.004160173	0.0464222222222	0.00237777777778
0.01727528	0.001681471	0.0451722222222	0.00277777777778
0.01412714	0.002366842	0.0284888888889	0.00281111111111
0.01597635	0.001457825	0.0355555555556	0.00344444444444
0.03443334	0.001797911	0.0451	0.0028
0.02349382	0.001747737	0.0443555555556	0.000944444444444
0.02363967	0.001832233	0.0443555555556	0.00294444444444
0.01054177	0.001752739	0.0291555555556	0.00294444444444
0.02681053	0.00190926	0.0389777777778	0.00342222222222
0.01709832	0.002657966	0.0311888888889	0.00321111111111
0.02016226	0.001812259	0.0430444444444	0.000755555555556
0.01476953	0.002303358	0.0266	0.0019
0.02332719	0.001549426	0.0380044444444	0.00345555555556
0.03140339	0.001618208	0.0460222222222	0.00257777777778
0.02161113	0.002552344	0.0414	0.0033
0.02639255	0.001342331	0.0464333333333	0.00146666666667
0.02576965	0.002130523	0.0445777777778	0.00292222222222
0.02205731	0.001566985	0.0411333333333	0.000566666666667
0.018175	0.002655076	0.0288	0.0029
0.01946321	0.002917227	0.0412888888889	0.00331111111111
0.02426934	0.002930889	0.0450666666667	0.00283333333333
0.01935417	0.002919479	0.0432777777778	0.00312222222222
0.01584732	0.001314802	0.0283777777778	0.00282222222222
0.03072609	0.0009996816	0.0466888888889	0.00231111111111
0.01622235	0.001785973	0.0268222222222	0.00157777777778
0.02220317	0.002171308	0.046	0.0026
0.02374056	0.001317089	0.0383444444444	0.00345555555556
0.01899999	0.002701918	0.0340577777778	0.00342222222222
0.02245502	0.002652888	0.0458444444444	0.00265555555556
0.02014548	0.001822575	0.0364622222222	0.00347777777778
0.02320752	0.001008174	0.0455666666667	0.00273333333333
0.02404565	0.001823496	0.0459777777778	0.00262222222222
0.03046353	0.001036269	0.0469111111111	0.00218888888889
0.03382637	0.002147031	0.0469555555556	0.00214444444444
0.0226076	0.001626556	0.0469111111111	0.00168888888889
0.02932541	0.001524337	0.0456888888889	0.00271111111111
0.0267245	0.001906305	0.0464222222222	0.00247777777778
0.02470527	0.002971457	0.0396777777778	0.00342222222222
0.02139301	0.003800471	0.0388444444444	0.00345555555556
0.01934845	0.001950249	0.0436	0.0031
0.02542419	0.002172757	0.0467777777778	0.00232222222222
0.01679802	0.0008634209	0.037	0.0004
0.02046955	0.001415234	0.0334888888889	0.00341111111111
0.02073423	0.001657391	0.0411555555556	0.00334444444444
0.02000325	0.002267747	0.0361111111111	0.00348888888889
0.01709978	0.002656981	0.0357111111111	0.00348888888889
0.03063183	0.002203564	0.0471111111111	0.00208888888889
0.01489897	0.003432866	0.0297111111111	0.00308888888889
0.02364411	0.003912701	0.0395155555556	0.00344444444444
0.01799872	0.001443426	0.0267333333333	0.00236666666667
0.01779031	0.001527642	0.0263555555556	0.00204444444444
0.01562003	0.003092474	0.0266	0.0023
0.008582224	0.001477358	0.0263333333333	0.00186666666667
0.01883659	0.001578494	0.0336444444444	0.000455555555556
0.01921289	0.002708755	0.0348222222222	0.00347777777778
0.01846259	0.002114208	0.0436888888889	0.00311111111111
0.02918782	0.002333765	0.043	0.0032
0.02052373	0.001728166	0.0471666666667	0.00213333333333
0.02888722	0.001482346	0.0466222222222	0.00247777777778
0.02037374	0.003113526	0.0264555555556	0.00224444444444
0.02311537	0.003663915	0.0410222222222	0.00337777777778
0.02024872	0.00193109	0.0360888888889	0.00351111111111
0.02207986	0.003731662	0.0472666666667	0.00193333333333
0.02033383	0.001376398	0.0464444444444	0.00255555555556
0.02074489	0.002968614	0.0352	0.0035
0.02825886	0.001936509	0.0457333333333	0.00276666666667
0.01043365	0.0008194528	0.0265333333333	0.00156666666667
0.01942072	0.00153965	0.0428166666667	0.00323333333333
0.02936901	0.00409864	0.0414444444444	0.00335555555556
0.02355569	0.0008127302	0.0459333333333	0.00116666666667
0.01491356	0.001987132	0.0284777777778	0.00292222222222
0.02372552	0.001477958	0.0434333333333	0.00316666666667
0.02759171	0.002575057	0.0459888888889	0.00271111111111
0.02301479	0.002213417	0.0425333333333	0.00326666666667
0.01708977	0.001987056	0.0282222222222	0.00287777777778
0.023804	0.002856369	0.0321333333333	0.00336666666667
0.02481398	0.001005038	0.0472444444444	0.00215555555556
0.02080073	0.002371112	0.0450777777778	0.00292222222222
0.02342347	0.00308442	0.0403666666667	0.00343333333333
0.02022585	0.002202695	0.0414333333333	0.00336666666667
0.0174527	0.002072034	0.0326888888889	0.00341111111111
0.02064982	0.003500744	0.0421888888889	0.00331111111111
0.02675763	0.002647817	0.0441	0.0031
0.02111003	0.00356677	0.03908	0.0035
0.01798634	0.004073257	0.0324	0.0034
0.0148797	0.001348712	0.0267	0.0014
0.02187256	0.00338598	0.0467333333333	0.00136666666667
0.02522315	0.001697312	0.0467333333333	0.00136666666667
0.03117994	0.004018737	0.0434	0.0032
0.01878713	0.001884425	0.0353666666667	0.00353333333333
0.01704284	0.002738299	0.0309111111111	0.00328888888889
0.02159891	0.00206224	0.0471666666667	0.00233333333333
0.02943092	0.003442984	0.0442	0.0031
0.01779511	0.003039444	0.0429444444444	0.00325555555556
0.02403553	0.002677887	0.0417333333333	0.00336666666667
0.01903441	0.002270807	0.0443622222222	0.00307777777778
0.01309283	0.001952195	0.0278555555556	0.00104444444444
0.02078601	0.00261375	0.0379155555556	0.00354444444444
0.01979009	0.003401998	0.0353555555556	0.00354444444444
0.02177672	0.004293153	0.0361444444444	0.00355555555556
0.012946	0.002725746	0.0260444444444	0.00215555555556
0.03044341	0.001094582	0.0474222222222	0.00167777777778
0.02500832	0.003100552	0.0416111111111	0.00338888888889
0.02173283	0.001711177	0.0461555555556	0.00274444444444
0.01913134	0.00198349	0.0259555555556	0.00184444444444
0.02831784	0.001621334	0.0475555555556	0.00184444444444
0.0256032	0.003694735	0.0434888888889	0.00321111111111
0.01646601	0.003130963	0.0284222222222	0.00297777777778
0.02401294	0.0034271	0.0419333333333	0.00336666666667
0.02066613	0.001552842	0.0446444444444	0.00305555555556
0.03197718	0.002719521	0.0464222222222	0.00267777777778
0.02464848	0.002042736	0.0398	0.0035
0.02036395	0.003849872	0.0437111111111	0.00318888888889
0.0274661	0.002619883	0.0473933333333	0.00226666666667
0.01071144	0.002521572	0.0315333333333	0.00336666666667
0.02800126	0.002606403	0.0462666666667	0.00273333333333
0.01976507	0.001863831	0.0458666666667	0.00283333333333
0.02761185	0.003037743	0.0382444444444	0.00355555555556
0.02774714	0.00155256	0.0431333333333	0.00326666666667
0.02026201	0.004770995	0.0462655555556	0.00274444444444
0.02160973	0.002041565	0.0417	0.0034
0.02631369	0.002517472	0.0473666666667	0.00233333333333
0.01208211	0.002391879	0.0389555555556	0.00354444444444
0.02054171	0.001155393	0.0462444444444	0.00275555555556
0.02414876	0.003337044	0.0459777777778	0.00282222222222
0.02214921	0.001789052	0.0447233333333	0.00306666666667
0.02190441	0.002956095	0.0477111111111	0.00188888888889
0.02653572	0.003922927	0.0387444444444	0.00355555555556
0.02118764	0.001488092	0.0439111111111	0.00318888888889
0.01825953	0.001106572	0.0475888888889	0.00221111111111
0.02897203	0.002583816	0.0378122222222	0.00357777777778
0.01819058	0.002706176	0.0302333333333	0.00326666666667
0.02369022	0.002397947	0.0446	0.0031
0.01901496	0.002123357	0.0455666666667	0.00293333333333
0.01347104	0.004221555	0.0390444444444	0.00355555555556
0.02370296	0.003311517	0.0296888888889	0.00321111111111
0.0234196	0.003312571	0.0352222222222	0.00357777777778
0.01387027	0.003875797	0.0408222222222	0.00347777777778
0.0116546	0.003128168	0.0258222222222	0.00217777777778
0.01694143	0.001941189	0.0316888888889	0.00341111111111
0.01210511	0.002437137	0.0301333333333	0.00326666666667
0.02151833	0.002466083	0.0455555555556	0.00294444444444
0.0257499	0.003556723	0.0455555555556	0.00294444444444
0.02887469	0.002018209	0.0443555555556	0.00314444444444
0.02932431	0.002456421	0.0472222222222	0.00247777777778
0.02275526	0.002322807	0.0472222222222	0.00247777777778
0.02345427	0.005307106	0.0415666666667	0.00343333333333
0.02590158	0.001600144	0.0437777777778	0.00322222222222
0.01264883	0.002842869	0.0342444444444	0.00355555555556
0.01755955	0.002090837	0.0268222222222	0.00267777777778
0.01549762	0.00205547	0.0304888888889	0.00331111111111
0.02588499	0.002681987	0.0382011111111	0.00358888888889
0.01372907	0.002271115	0.0259111111111	0.00158888888889
0.01537425	0.002432954	0.0449333333333	0.00306666666667
0.02225177	0.002238376	0.0436555555556	0.00324444444444
0.01682908	0.002874975	0.036	0.0036
0.02035619	0.002543993	0.0391333333333	0.00356666666667
0.02763675	0.002462731	0.0475777777778	0.00232222222222
0.02321576	0.00280131	0.0388222222222	0.00357777777778
0.03033605	0.001682604	0.0471666666667	0.00253333333333
0.02411925	0.001812986	0.0425333333333	0.00336666666667
0.02572326	0.002011452	0.0468555555556	0.00124444444444
0.01664514	0.002990782	0.0328	0.0035
0.01885791	0.00160983	0.0385111111111	0.00358888888889
0.01948528	0.002645038	0.0362888888889	0.00361111111111
0.008505859	0.002608005	0.0255888888889	0.00191111111111
0.02992838	0.004569816	0.0382	0.0036
0.01459729	0.001276972	0.0477555555556	0.00164444444444
0.01448538	0.00121003	0.0259333333333	0.00236666666667
0.02555882	0.0006995207	0.0466444444444	0.00115555555556
0.01127883	0.001818587	0.0258666666667	0.00153333333333
0.01311614	0.002745566	0.046	0.0029
0.01933782	0.003474527	0.0285111111111	0.00308888888889
0.02733954	0.002185365	0.0391111111111	0.00358888888889
0.02679454	0.001284334	0.0467333333333	0.00116666666667
0.01467312	0.003838971	0.0340222222222	0.00357777777778
0.0231361	0.002936641	0.0414222222222	0.00347777777778
0.01660098	0.002891902	0.0343111111111	0.00358888888889
0.01580429	0.001685916	0.0346	0.0036
0.0265143	0.00340217	0.0453555555556	0.00304444444444
0.02576784	0.002879527	0.0441777777778	0.00322222222222
0.02077759	0.00385858	0.0359666666667	0.00363333333333
0.02877283	0.002577182	0.0480666666667	0.00183333333333
0.01772696	0.002737779	0.0470444444444	0.00265555555556
0.01558946	0.002748868	0.0263577777778	0.00262222222222
0.01394309	0.00250008	0.0276444444444	0.00295555555556
0.03122667	0.003116835	0.0420555555556	0.00344444444444
0.02571546	0.002123788	0.0470666666667	0.00123333333333
0.02974154	0.003231239	0.0457111111111	0.00298888888889
0.02884087	0.001993211	0.0436	0.0033
0.02544136	0.001328825	0.0480888888889	0.00181111111111
0.02099767	0.003036229	0.0422666666667	0.00343333333333
0.02282774	0.001976013	0.0268222222222	0.00277777777778
0.02326364	0.002056787	0.0467333333333	0.00276666666667
0.02510003	0.0037393	0.0412288888889	0.00351111111111
0.02258864	0.0039266	0.0402333333333	0.00356666666667
0.01954619	0.002100251	0.0359555555556	0.00364444444444
0.01775411	0.002885265	0.0261333333333	0.00256666666667
0.01348922	0.002698466	0.0337111111111	0.00358888888889
0.02133254	0.002032987	0.0405444444444	0.00355555555556
0.0124713	0.003537819	0.0257777777778	0.00242222222222
0.01674054	0.003486542	0.0298888888889	0.00331111111111
0.01981982	0.002420625	0.0392888888889	0.00361111111111
0.02497901	0.002063558	0.0440133333333	0.00326666666667
0.01862475	0.002934761	0.0448444444444	0.00315555555556
0.02261292	0.001983935	0.0431333333333	0.00336666666667
0.01980773	0.004008021	0.0348666666667	0.00363333333333
0.0204168	0.002709355	0.0362944444444	0.00365555555556
0.01841231	0.002325626	0.0347666666667	0.00363333333333
0.02977654	0.001094032	0.0480555555556	0.00224444444444
0.02272535	0.002038073	0.0416	0.0035
0.02375328	0.001053281	0.0424666666667	0.00343333333333
0.0230892	0.003804323	0.0448333333333	0.00316666666667
0.02527747	0.002393845	0.0432333333333	0.00336666666667
0.02378552	0.0003218883	0.0396222222222	0.000277777777778
0.01549054	0.001333384	0.0277777777778	0.00302222222222
0.01789122	0.001586883	0.0421333333333	0.00346666666667
0.01403142	0.002872108	0.0264	0.0027
0.01955949	0.001118106	0.0296888888889	0.00331111111111
0.02441607	0.001832504	0.0483111111111	0.00188888888889
0.02259415	0.002769004	0.0460222222222	0.00297777777778
0.02480207	0.002178189	0.0377333333333	0.00366666666667
0.02415584	0.002021137	0.0452888888889	0.00311111111111
0.02519493	0.001616346	0.0481666666667	0.00223333333333
0.01927302	0.003192618	0.0462666666667	0.00293333333333
0.01710459	0.002553363	0.0286222222222	0.00317777777778
0.02696496	0.001872658	0.0483333333333	0.00186666666667
0.02053643	0.004410382	0.0366222222222	0.00367777777778
0.02732863	0.002272559	0.0472	0.0027
0.02395054	0.0009955106	0.0471333333333	0.00116666666667
0.0229764	0.002175322	0.0423333333333	0.00346666666667
0.02797517	0.002754935	0.0441111111111	0.00328888888889
0.01590422	0.00283464	0.0257111111111	0.00248888888889
0.02506893	0.00345047	0.0346444444444	0.00365555555556
0.02900452	0.002688022	0.042	0.0035
0.02583094	0.002559915	0.0449111111111	0.00318888888889
0.02359041	0.002138455	0.0467555555556	0.00284444444444
0.02484023	0.003481548	0.0434222222222	0.00337777777778
0.02201575	0.002149825	0.0445555555556	0.00324444444444
0.01015888	0.001096516	0.0251111111111	0.00208888888889
0.02732158	0.0004739686	0.0478888888889	0.00141111111111
0.02439489	0.00240473	0.0438666666667	0.00333333333333
0.0171529	0.003239542	0.0403088888889	0.00361111111111
0.02523974	0.002376293	0.0484222222222	0.00177777777778
0.02513426	0.003545274	0.0406	0.0036
0.01558273	0.002095256	0.0410222222222	0.00357777777778
0.02774182	0.002345377	0.0484888888889	0.00191111111111
0.01321567	0.003259022	0.0401777777778	0.00362222222222
0.0215057	0.002220876	0.0401777777778	0.00362222222222
0.0175033	0.002300115	0.0283333333333	0.00316666666667
0.0122169	0.004967165	0.0335666666667	0.00363333333333
0.02187538	0.003966258	0.0417666666667	0.00353333333333
0.01781218	0.001900728	0.0472666666667	0.00273333333333
0.02531788	0.001545184	0.0361	0.0037
0.02577512	0.001504503	0.0458333333333	0.00306666666667
0.02647375	0.002653513	0.0389222222222	0.00367777777778
0.02011562	0.002577067	0.0368888888889	0.00371111111111
0.02374923	0.003518165	0.0448666666667	0.00323333333333
0.02378339	0.004566785	0.0299111111111	0.00338888888889
0.02566072	0.002419734	0.0459333333333	0.00306666666667
0.02825495	0.002288245	0.0461777777778	0.00302222222222
0.01761137	0.003082487	0.0300688888889	0.00341111111111
0.01359057	0.004220835	0.0445111111111	0.00328888888889
0.03258997	0.003581582	0.0485111111111	0.00168888888889
0.02340189	0.002351893	0.0426311111111	0.00348888888889
0.02149037	0.003826159	0.0390111111111	0.00368888888889
0.02431332	0.001865742	0.0486444444444	0.00195555555556
0.01983952	0.003860745	0.0380888888889	0.00371111111111
0.02022038	0.003059787	0.0433777777778	0.00342222222222
0.01859867	0.004815479	0.0303555555556	0.00344444444444
0.02549824	0.002063448	0.0436	0.0034
0.01596402	0.002841367	0.0391111111111	0.00368888888889
0.02576013	0.001474315	0.0455555555556	0.00314444444444
0.02159709	0.002522515	0.0395222222222	0.00367777777778
0.03195188	0.002510617	0.0481111111111	0.00248888888889
0.01396453	0.003165752	0.0290888888889	0.00331111111111
0.0163355	0.0009480318	0.0350888888889	0.00371111111111
0.02915252	0.003201464	0.0377777777778	0.00372222222222
0.02854673	0.0008069572	0.0476111111111	0.00268888888889
0.02843496	0.001483473	0.0486444444444	0.00175555555556
0.02748658	0.001958006	0.0482777777778	0.00242222222222
0.01982434	0.002974122	0.0470444444444	0.00285555555556
0.01189489	0.002150147	0.0271	0.003
0.0199269	0.005865872	0.0367666666667	0.00373333333333
0.01038274	0.002034492	0.0279444444444	0.00315555555556
0.009679835	0.00235505	0.0258222222222	0.00267777777778
0.02056391	0.00296255	0.0327666666667	0.00363333333333
0.02325249	0.002080065	0.0477333333333	0.00266666666667
0.02194098	0.001416315	0.0420444444444	0.00355555555556
0.02599665	0.002161392	0.0397111111111	0.00368888888889
0.02357367	0.003011596	0.0365055555556	0.00374444444444
0.02039265	0.00311508	0.0442444444444	0.00335555555556
0.0269229	0.001984185	0.0458777777778	0.00312222222222
0.02838547	0.001848306	0.0457555555556	0.00314444444444
0.03729945	0.001343091	0.0482888888889	0.00141111111111
0.01724625	0.001806597	0.0253555555556	0.00134444444444
0.02684913	0.002540301	0.0445777777778	0.00332222222222
0.01272697	0.002811498	0.0249555555556	0.00234444444444
0.02368002	0.001173727	0.0319888888889	0.00361111111111
0.02708681	0.003154102	0.0467222222222	0.00297777777778
0.02402783	0.003795855	0.0359444444444	0.00375555555556
0.0154023	0.003015007	0.0357444444444	0.00375555555556
0.02434551	0.001545502	0.0488344444444	0.00215555555556
0.02823743	0.002886928	0.0484555555556	0.00244444444444
0.02902159	0.002298605	0.0468333333333	0.00296666666667
0.02677064	0.0007900656	0.0475111111111	0.00108888888889
0.0249285	0.003235734	0.0457222222222	0.00317777777778
0.02245893	0.002694517	0.0473555555556	0.00284444444444
0.02090332	0.004380782	0.0405222222222	0.00367777777778
0.01991655	0.002450463	0.0422222222222	0.00357777777778
0.02181445	0.001635041	0.0489666666667	0.00203333333333
0.02173487	0.003757889	0.0384444444444	0.00375555555556
0.01658807	0.003603402	0.0335688888889	0.00371111111111
0.02701683	0.001992677	0.0488666666667	0.00223333333333
0.02322455	0.00169085	0.0485555555556	0.00244444444444
0.03116394	0.001587555	0.0456222222222	0.000677777777778
0.01644462	0.003518057	0.0370222222222	0.00377777777778
0.01716475	0.003176693	0.0245555555556	0.00174444444444
0.02453392	0.002679194	0.0489888888889	0.00211111111111
0.02564083	0.002782224	0.0383333333333	0.00376666666667
0.02893816	0.00284359	0.0454555555556	0.00324444444444
0.01971104	0.002205695	0.0350333333333	0.00376666666667
0.03316892	0.001455298	0.0464	0.0008
0.02090304	0.001184567	0.0416666666667	0.00363333333333
0.02795037	0.002720766	0.0489444444444	0.00165555555556
0.0203018	0.0007137985	0.037	0.0001
0.02753515	0.002152622	0.0415555555556	0.00364444444444
0.03161283	0.0007851725	0.0490444444444	0.00175555555556
0.01641758	0.00231868	0.0257222222222	0.00277777777778
0.02104045	0.004893765	0.0268444444444	0.00305555555556
0.01727462	0.003101853	0.0244	0.0021
0.02156751	0.001407724	0.0484666666667	0.00133333333333
0.01433129	0.002211459	0.0386222222222	0.00377777777778
0.02527975	0.002283318	0.0488222222222	0.00237777777778
0.01842487	0.002928402	0.0484222222222	0.00257777777778
0.01893594	0.002085545	0.0475333333333	0.00286666666667
0.01746475	0.004059641	0.0391333333333	0.00376666666667
0.02163949	0.003998106	0.0328888888889	0.00371111111111
0.02373895	0.002105157	0.0305144444444	0.00355555555556
0.01931905	0.001742199	0.0492111111111	0.00198888888889
0.0251655	0.001899043	0.0338444444444	0.00375555555556
0.03049839	0.00239066	0.0482222222222	0.00267777777778
0.01770373	0.003085829	0.0475111111111	0.00288888888889
0.02975873	0.004126379	0.0476444444444	0.00285555555556
0.02128459	0.005752041	0.0329777777778	0.00372222222222
0.01587615	0.001841809	0.0250888888889	0.00261111111111
0.02767304	0.002199811	0.0483666666667	0.00263333333333
0.03043035	0.002825314	0.0387111111111	0.00378888888889
0.0227097	0.002367271	0.0339633333333	0.00376666666667
0.02667399	0.002013909	0.0492666666667	0.00193333333333
0.02465602	0.001972329	0.0485111111111	0.00258888888889
0.02544386	0.002967737	0.0461111111111	0.00318888888889
0.01990174	0.001377435	0.0471111111111	0.000888888888889
0.03297198	0.001914041	0.0473555555556	0.00294444444444
0.01404671	0.001857757	0.0256	0.0028
0.02529198	0.003801195	0.0424888888889	0.00361111111111
0.02601104	0.002364201	0.0478888888889	0.00281111111111
0.01611875	0.002821758	0.0259888888889	0.00291111111111
0.02744987	0.001957913	0.0492	0.0022
0.02003654	0.004889733	0.0380888888889	0.00381111111111
0.02534278	0.001365832	0.0477444444444	0.00285555555556
0.02110926	0.00412682	0.0447	0.0034
0.02761175	0.002164711	0.0490555555556	0.00234444444444
0.01796576	0.001944184	0.0410888888889	0.00371111111111
0.0230137	0.004696642	0.0350888888889	0.00381111111111
0.01149411	0.003449699	0.0243333333333	0.00226666666667
0.03630577	0.001859355	0.0493222222222	0.00177777777778
0.02714953	0.00213719	0.0446888888889	0.00341111111111
0.02583783	0.004334351	0.0448	0.0034
0.01515827	0.00158271	0.0296888888889	0.00351111111111
0.02326768	0.002298603	0.0392	0.0038
0.007617399	0.00266974	0.0244888888889	0.00241111111111
0.02089445	0.002100567	0.0351777777778	0.00382222222222
0.0184591	0.00164599	0.0479777777778	0.00282222222222
0.02157632	0.002642586	0.0383777777778	0.00382222222222
0.01574533	0.001367863	0.0254888888889	0.00281111111111
0.01268359	0.001845544	0.0241111111111	0.00178888888889
0.02697149	0.00137667	0.0485555555556	0.00264444444444
0.02104459	0.003225845	0.0385777777778	0.00382222222222
0.02263201	0.001838326	0.0419222222222	0.00367777777778
0.01595759	0.002609557	0.0419222222222	0.00367777777778
0.02674665	0.002994147	0.0444444444444	0.00345555555556
0.02716791	0.0006555943	0.045	0.0005
0.03319823	0.002379663	0.0445555555556	0.00344444444444
0.01679697	0.002468817	0.0289555555556	0.00344444444444
0.01536249	0.00315376	0.0290444444444	0.00345555555556
0.03114786	0.002158454	0.0451222222222	0.00337777777778
0.02942839	0.001208368	0.0485433333333	0.00266666666667
0.01980107	0.003380031	0.0308666666667	0.00363333333333
0.02656496	0.001514761	0.0452333333333	0.00336666666667
0.01514316	0.002740105	0.0273666666667	0.00323333333333
0.0229136	0.003567888	0.0384666666667	0.00383333333333
0.02755328	0.001447893	0.0476666666667	0.00293333333333
0.02409967	0.005054828	0.0344777777778	0.00382222222222
0.01677695	0.003137691	0.0390377777778	0.00382222222222
0.02735783	0.00242567	0.0495333333333	0.00196666666667
0.01896807	0.002535008	0.0318888888889	0.00371111111111
0.02789326	0.002575522	0.0418	0.0037
0.03250322	0.00240477	0.0468888888889	0.00311111111111
0.0244517	0.002036592	0.0371444444444	0.00385555555556
0.02321889	0.001922279	0.0435333333333	0.00356666666667
0.01609972	0.001533051	0.0259333333333	0.00296666666667
0.01922603	0.00152081	0.0404222222222	0.00377777777778
0.01805089	0.0030016	0.0351555555556	0.00384444444444
0.02613664	0.002551731	0.0479111111111	0.00288888888889
0.0124993	0.002573256	0.0244888888889	0.00251111111111
0.02076112	0.003947905	0.0481777777778	0.00282222222222
0.01703802	0.001674861	0.0301111111111	0.00358888888889
0.02850984	0.002317411	0.0474488888889	0.00301111111111
0.02583388	0.003171498	0.0449777777778	0.00342222222222
0.01605043	0.004428168	0.0324444444444	0.00375555555556
0.02065952	0.002478946	0.0483111111111	0.00278888888889
0.02713249	0.003107978	0.0460222222222	0.00327777777778
0.02177664	0.001359565	0.0339777777778	0.00382222222222
0.0281702	0.002146094	0.0493555555556	0.00154444444444
0.01968551	0.001784843	0.0308444444444	0.00365555555556
0.01328903	0.00267564	0.0245333333333	0.00256666666667
0.02420003	0.002453834	0.0417777777778	0.00372222222222
0.02425567	0.002067018	0.0434	0.0036
0.01952983	0.003007771	0.0397777777778	0.00382222222222
0.02079041	0.003512253	0.0408222222222	0.00377777777778
0.02818397	0.001740906	0.0484222222222	0.00277777777778
0.0254973	0.001550916	0.0496666666667	0.00183333333333
0.02227597	0.00375608	0.0490555555556	0.00254444444444
0.02505448	0.003086941	0.0468444444444	0.00315555555556
0.02060207	0.002522178	0.0448444444444	0.00345555555556
0.02325392	0.00238799	0.0497222222222	0.00197777777778
0.02555139	0.002054246	0.0484	0.0028
0.02541144	0.001456581	0.0451777777778	0.00342222222222
0.02382559	0.001337493	0.0488444444444	0.00265555555556
0.02101862	0.003340977	0.0394355555556	0.00384444444444
0.02398581	0.002265554	0.0382222222222	0.00387777777778
0.01592019	0.002740201	0.0357111111111	0.00388888888889
0.009731752	0.0009317278	0.0248666666667	0.00113333333333
0.02918995	0.0004541528	0.0478	0.0009
0.02039836	0.002509957	0.0284666666667	0.000433333333333
0.02365483	0.003439419	0.0316555555556	0.00374444444444
0.02904434	0.001720909	0.0444777777778	0.00352222222222
0.02063269	0.001475117	0.0368	0.0039
0.02412842	0.002355673	0.0445888888889	0.00351111111111
0.01560923	0.002281976	0.037	0.0039
0.02519664	0.002088878	0.0498444444444	0.00195555555556
0.01303909	0.001716436	0.0279111111111	0.00338888888889
0.01851506	0.002232695	0.0330177777778	0.00382222222222
0.02844275	0.005064305	0.0478	0.003
0.02776128	0.001359725	0.0498666666667	0.00193333333333
0.02461548	0.002330633	0.0332666666667	0.00383333333333
0.01067821	0.0005436644	0.0258444444444	0.000855555555556
0.0215183	0.00282555	0.0441333333333	0.00356666666667
0.02403359	0.002489804	0.0424888888889	0.00371111111111
0.01802945	0.003160261	0.0494333333333	0.00246666666667
0.03006468	0.001268865	0.0490555555556	0.00124444444444
0.02322381	0.001878125	0.0450933333333	0.00346666666667
0.02113527	0.003197549	0.0382	0.0039
0.01970457	0.004051517	0.0312666666667	0.00373333333333
0.02165562	0.002281379	0.0496666666667	0.00233333333333
0.02013633	0.002320638	0.0352	0.0039
0.01442167	0.003718126	0.0374888888889	0.00391111111111
0.0190261	0.003570467	0.0254444444444	0.00295555555556
0.02517534	0.001959657	0.0472155555556	0.00314444444444
0.02042533	0.001980495	0.0403555555556	0.00384444444444
0.009409212	0.002948714	0.0297777777778	0.00362222222222
0.01728654	0.003079736	0.0482888888889	0.00291111111111
0.03095384	0.001978078	0.044	0.0036
0.02539386	0.001657242	0.0352888888889	0.00391111111111
0.02860568	0.002756652	0.0460444444444	0.00335555555556
0.02769492	0.004519892	0.049	0.0027
0.02578918	0.002124003	0.0472444444444	0.00315555555556
0.02352267	0.003028215	0.0417922222222	0.00377777777778
