root_height	pop_size	pi_net	pi_within
0.03914495	0.003135598	0.0769455555556	0.00524444444444
0.04097701	0.004283215	0.0768777777778	0.00522222222222
0.04856732	0.002644218	0.0769888888889	0.00521111111111
0.04126398	0.003277889	0.07682	0.0053
0.04387752	0.004352555	0.0774333333333	0.00526666666667
0.04819466	0.005022813	0.0767111111111	0.00528888888889
0.04057712	0.00343658	0.0768888888889	0.00531111111111
0.0416126	0.006705268	0.0765977777778	0.00522222222222
0.04019631	0.004552733	0.0772911111111	0.00518888888889
0.04686804	0.003601351	0.0770022222222	0.00517777777778
0.02720803	0.003973073	0.0769222222222	0.00517777777778
0.03954583	0.002580964	0.0772822222222	0.00517777777778
0.0401905	0.002401566	0.0766	0.0052
0.04166226	0.002377309	0.0764555555556	0.00524444444444
0.044605	0.004307055	0.0774877777778	0.00532222222222
0.03851732	0.005345657	0.0776	0.0053
0.04039387	0.003803315	0.0776666666667	0.00523333333333
0.04396927	0.004590185	0.0774222222222	0.00517777777778
0.04184677	0.004214426	0.0776766666667	0.00523333333333
0.03019421	0.00346812	0.0765	0.0052
0.03701338	0.0033448	0.0770444444444	0.00515555555556
0.04736804	0.002633371	0.0776777777778	0.00522222222222
0.05012669	0.004257943	0.0769644444444	0.00535555555556
0.0433744	0.005794644	0.0763777777778	0.00522222222222
0.04672021	0.004341634	0.0764	0.0053
0.05132203	0.004022639	0.0767444444444	0.00515555555556
0.05017898	0.003482079	0.0770333333333	0.00536666666667
0.0371555	0.002704232	0.0775333333333	0.00516666666667
0.04433143	0.002827334	0.0776122222222	0.00517777777778
0.03847642	0.003559048	0.0766444444444	0.00515555555556
0.04520114	0.003298209	0.0763	0.0052
0.04073518	0.005054572	0.0775444444444	0.00535555555556
0.03569466	0.00225635	0.0762222222222	0.00527777777778
0.04311028	0.002706962	0.07784	0.0053
0.0422361	0.002422873	0.0763111111111	0.00518888888889
0.04290758	0.004716448	0.0778777777778	0.00522222222222
0.04547943	0.002634362	0.0764155555556	0.00534444444444
0.04318147	0.002837677	0.0767222222222	0.00537777777778
0.03691627	0.002355445	0.0761666666667	0.00523333333333
0.03499879	0.004057632	0.0762	0.0053
0.03623559	0.005905598	0.0776444444444	0.00535555555556
0.04807116	0.004266866	0.0765255555556	0.00514444444444
0.03809874	0.00468278	0.07788	0.0052
0.04133266	0.003672466	0.0762	0.0052
0.04197797	0.002434482	0.0763944444444	0.00535555555556
0.03983812	0.003972425	0.0761222222222	0.00527777777778
0.04022324	0.002642809	0.0778222222222	0.00517777777778
0.03596963	0.002015536	0.0776555555556	0.00514444444444
0.03466794	0.004100669	0.07699	0.0054
0.04350874	0.003027638	0.0763444444444	0.00515555555556
0.03809721	0.002303895	0.0771288888889	0.00511111111111
0.03416873	0.00354996	0.0771888888889	0.00511111111111
0.03722719	0.003560294	0.0760433333333	0.00526666666667
0.04427203	0.004367145	0.0761	0.0052
0.04950236	0.004735401	0.0764222222222	0.00537777777778
0.03618157	0.003869316	0.0766888888889	0.00511111111111
0.03829218	0.002119782	0.0762444444444	0.00515555555556
0.03971409	0.004015	0.07692	0.0051
0.03401355	0.002214692	0.0781333333333	0.00526666666667
0.04213379	0.003357637	0.0761644444444	0.00515555555556
0.03676648	0.002125811	0.0763777777778	0.00512222222222
0.04916414	0.003945253	0.0770777777778	0.00542222222222
0.03733174	0.005674433	0.0761444444444	0.00515555555556
0.0373205	0.001435211	0.0761333333333	0.00536666666667
0.03856816	0.003862773	0.0782222222222	0.00527777777778
0.0358308	0.002572448	0.0758444444444	0.00525555555556
0.04650901	0.004139341	0.0765777777778	0.00542222222222
0.04113039	0.002855207	0.0767866666667	0.00543333333333
0.037908	0.002024022	0.0781777777778	0.00532222222222
0.0404611	0.003657531	0.0765111111111	0.00508888888889
0.05504263	0.004756501	0.0766666666667	0.00543333333333
0.04194734	0.0035867	0.0760666666667	0.00513333333333
0.03857961	0.004926515	0.0760666666667	0.00513333333333
0.0399166	0.003098075	0.0775222222222	0.00507777777778
0.04481477	0.006922312	0.0778	0.0051
0.04236766	0.002204531	0.0781444444444	0.00515555555556
0.04221531	0.004542285	0.0782222222222	0.00517777777778
0.04106426	0.002762078	0.0783333333333	0.00526666666667
0.03935815	0.004363015	0.0779777777778	0.00512222222222
0.04013937	0.002515969	0.0779777777778	0.00512222222222
0.03995112	0.003501459	0.0773333333333	0.00506666666667
0.04378282	0.003481879	0.0758	0.0052
0.03999082	0.003464142	0.07616	0.0054
0.03776172	0.002510411	0.0766555555556	0.00544444444444
0.04947565	0.004714487	0.0776222222222	0.00507777777778
0.03936423	0.003792097	0.0757222222222	0.00527777777778
0.04484102	0.003218214	0.0770444444444	0.00545555555556
0.03937262	0.003593069	0.0762	0.0051
0.03666911	0.004703238	0.0764222222222	0.00507777777778
0.04207127	0.002706094	0.0783111111111	0.00518888888889
0.02935523	0.003099101	0.0783111111111	0.00518888888889
0.04034696	0.002118524	0.0779888888889	0.00511111111111
0.04145168	0.003018689	0.0772844444444	0.00545555555556
0.0484087	0.00319855	0.0763766666667	0.00543333333333
0.03878	0.0024861	0.0762377777778	0.00542222222222
0.03927744	0.006034363	0.0756777777778	0.00522222222222
0.04320217	0.002829038	0.0784222222222	0.00527777777778
0.0568265	0.003228866	0.0774344444444	0.00505555555556
0.03671433	0.004085586	0.0766444444444	0.00545555555556
0.04341142	0.003489273	0.0764333333333	0.00506666666667
0.04602219	0.001726137	0.0779111111111	0.00508888888889
0.04401243	0.00201279	0.0760888888889	0.00541111111111
0.03625958	0.00377846	0.078	0.0051
0.04019134	0.004621831	0.0784555555556	0.00524444444444
0.02926233	0.003448226	0.0775444444444	0.00505555555556
0.03898644	0.002493001	0.0756222222222	0.00527777777778
0.03957605	0.005449646	0.0781	0.0054
0.04723022	0.003134095	0.0767555555556	0.00504444444444
0.04162203	0.00388649	0.0759111111111	0.00538888888889
0.03593306	0.004190967	0.0765044444444	0.00545555555556
0.04073089	0.003873138	0.0767333333333	0.00546666666667
0.03243997	0.003078748	0.0763333333333	0.00506666666667
0.04677806	0.003836306	0.0767155555556	0.00504444444444
0.03766483	0.004712612	0.0780888888889	0.00541111111111
0.03505525	0.004344174	0.0768222222222	0.00547777777778
0.038677	0.003625456	0.0777444444444	0.00545555555556
0.04018142	0.004211525	0.0755333333333	0.00526666666667
0.04144561	0.004569252	0.0785111111111	0.00518888888889
0.0505428	0.002751772	0.0760666666667	0.00543333333333
0.03797755	0.002186326	0.0755044444444	0.00525555555556
0.04097221	0.002229869	0.0759777777778	0.00542222222222
0.04384337	0.005060856	0.0758888888889	0.00541111111111
0.04539271	0.003692478	0.0769777777778	0.00502222222222
0.03868492	0.002252928	0.0755666666667	0.00533333333333
0.03733557	0.00404797	0.0777733333333	0.00546666666667
0.03321267	0.004471077	0.0773777777778	0.00502222222222
0.04255717	0.002826142	0.0754444444444	0.00525555555556
0.0346091	0.003465424	0.0759666666667	0.00543333333333
0.02989348	0.002353079	0.07576	0.0054
0.0489374	0.003207914	0.0754777777778	0.00532222222222
0.04331867	0.005508682	0.0754222222222	0.00527777777778
0.03573085	0.003951388	0.0755933333333	0.00536666666667
0.03825968	0.003023994	0.0783688888889	0.00511111111111
0.04633709	0.003334702	0.0784666666667	0.00513333333333
0.03682564	0.003560868	0.0758666666667	0.00543333333333
0.0400912	0.003838982	0.0755333333333	0.00536666666667
0.04005142	0.002967583	0.0753555555556	0.00524444444444
0.05183304	0.00357672	0.0763777777778	0.00502222222222
0.03802885	0.003393899	0.07658	0.0055
0.04191911	0.003421451	0.0785755555556	0.00514444444444
0.03530431	0.004699736	0.0782666666667	0.00543333333333
0.03764518	0.002589162	0.077	0.005
0.01899628	0.006578014	0.0753333333333	0.00526666666667
0.04620733	0.003101966	0.0786555555556	0.00534444444444
0.03920781	0.004389351	0.0777611111111	0.00548888888889
0.03978219	0.004098502	0.0772888888889	0.00551111111111
0.04202786	0.002343266	0.0759444444444	0.00545555555556
0.03846636	0.003146322	0.0782333333333	0.00506666666667
0.03574575	0.002147702	0.0754755555556	0.00514444444444
0.03299173	0.003657462	0.0756	0.0054
0.03848178	0.0029801	0.0784888888889	0.00511111111111
0.03607363	0.003435892	0.0786333333333	0.00536666666667
0.0373798	0.00318981	0.0756777777778	0.00542222222222
0.04585014	0.004638123	0.0782144444444	0.00545555555556
0.03703968	0.002274365	0.0752888888889	0.00521111111111
0.03523546	0.0043397	0.0759555555556	0.00504444444444
0.0398145	0.002968661	0.0752666666667	0.00523333333333
0.04569142	0.002041004	0.0771111111111	0.00498888888889
0.03455476	0.003495584	0.0768111111111	0.00498888888889
0.04717384	0.004237871	0.0783255555556	0.00544444444444
0.04890387	0.004974011	0.0752355555556	0.00524444444444
0.03304769	0.00253851	0.0779777777778	0.00502222222222
0.03815129	0.0031723	0.0783555555556	0.00544444444444
0.05517721	0.004037421	0.0788666666667	0.00523333333333
0.05023691	0.005249541	0.0787333333333	0.00536666666667
0.03489357	0.004269803	0.0782333333333	0.00546666666667
0.04881079	0.002257246	0.0770666666667	0.00553333333333
0.03460546	0.003313317	0.0771122222222	0.00497777777778
0.03541854	0.003883673	0.0765111111111	0.00498888888889
0.04101074	0.002589235	0.0772222222222	0.00497777777778
0.03552292	0.004163508	0.0754888888889	0.00541111111111
0.03600282	0.005152249	0.0788888888889	0.00531111111111
0.04228145	0.003943259	0.0752555555556	0.00534444444444
0.04107769	0.003839566	0.0787111111111	0.00538888888889
0.03672431	0.003911849	0.0759777777778	0.00502222222222
0.0356694	0.004297892	0.0782222222222	0.00547777777778
0.04040878	0.00251703	0.0753888888889	0.00511111111111
0.03875616	0.00376554	0.0775222222222	0.00497777777778
0.0433794	0.002672752	0.0789666666667	0.00523333333333
0.03440353	0.004300516	0.0781877777778	0.00502222222222
0.04806891	0.00366253	0.0784944444444	0.00545555555556
0.04115196	0.00368698	0.0774555555556	0.00554444444444
0.04285683	0.003076123	0.0750777777778	0.00522222222222
0.04873236	0.004799825	0.0770444444444	0.00555555555556
0.04146729	0.00300304	0.0789444444444	0.00535555555556
0.03971111	0.00267699	0.0751444444444	0.00515555555556
0.04705256	0.004598577	0.0784222222222	0.00547777777778
0.03758585	0.002648572	0.0767444444444	0.00495555555556
0.03619339	0.004520338	0.07884	0.0054
0.04232656	0.00252113	0.0788	0.0051
0.04623044	0.003518477	0.0756222222222	0.00547777777778
0.03545907	0.006094477	0.0787777777778	0.00542222222222
0.03956174	0.003849301	0.0760111111111	0.00498888888889
0.04676597	0.003929301	0.0775444444444	0.00555555555556
0.04784666	0.007519106	0.0751777777778	0.00512222222222
0.03628256	0.003005923	0.0749777777778	0.00522222222222
0.0416856	0.003163841	0.0752	0.0054
0.04017616	0.004643916	0.0791	0.0052
0.03645901	0.006003331	0.0790555555556	0.00534444444444
0.04156548	0.002464656	0.0790555555556	0.00534444444444
0.04001948	0.00352286	0.0790444444444	0.00535555555556
0.04549434	0.003577819	0.0757888888889	0.00551111111111
0.0400084	0.002814147	0.0763444444444	0.00495555555556
0.03993083	0.003375784	0.0753333333333	0.00506666666667
0.03261679	0.004918085	0.0791222222222	0.00517777777778
0.0261584	0.007247692	0.0755777777778	0.00502222222222
0.0361175	0.003755944	0.0754333333333	0.00546666666667
0.04217094	0.002815109	0.0791777777778	0.00522222222222
0.04344433	0.00512167	0.0776333333333	0.00556666666667
0.0433051	0.005708417	0.0755377777778	0.00502222222222
0.03859569	0.004039951	0.0781666666667	0.00553333333333
0.04432507	0.00336528	0.0790666666667	0.00513333333333
0.04431271	0.003294632	0.0750888888889	0.00511111111111
0.04221877	0.004773565	0.0750888888889	0.00511111111111
0.03840973	0.004856694	0.0784	0.005
0.03587867	0.005215867	0.0784888888889	0.00501111111111
0.04223264	0.003790591	0.0791244444444	0.00515555555556
0.03693689	0.003949351	0.0748888888889	0.00531111111111
0.03250986	0.003070238	0.0774222222222	0.00557777777778
0.04730495	0.004334585	0.0754222222222	0.00547777777778
0.04004349	0.00430253	0.0749444444444	0.00535555555556
0.03923135	0.002554136	0.0775222222222	0.00557777777778
0.03588532	0.002475269	0.0748777777778	0.00532222222222
0.04739231	0.002616844	0.0751666666667	0.00543333333333
0.0380116	0.003956252	0.0748222222222	0.00527777777778
0.03416432	0.003042756	0.0748222222222	0.00527777777778
0.04690573	0.005784639	0.0770111111111	0.00558888888889
0.04320326	0.004504511	0.0770111111111	0.00558888888889
0.03901543	0.002696961	0.0751111111111	0.00508888888889
0.04161183	0.003531201	0.0748666666667	0.00533333333333
0.02775074	0.00329754	0.0792222222222	0.00517777777778
0.04196905	0.004201118	0.0754377777778	0.00502222222222
0.02942214	0.003441228	0.0752444444444	0.00505555555556
0.03533133	0.005603923	0.0785888888889	0.00501111111111
0.04008694	0.003417298	0.0763666666667	0.00493333333333
0.04167657	0.004256505	0.0790888888889	0.00511111111111
0.04229988	0.003930932	0.0749888888889	0.00511111111111
0.05597941	0.006341449	0.0791	0.0054
0.04122211	0.003969208	0.0789555555556	0.00544444444444
0.03835853	0.002753661	0.075	0.0051
0.049442	0.003775051	0.0755	0.005
0.05344009	0.004432378	0.0772	0.0056
0.04271221	0.003058897	0.0773	0.0056
0.03565483	0.003809728	0.0792222222222	0.00537777777778
0.04565544	0.003543451	0.0777111111111	0.00558888888889
0.03723748	0.002024379	0.0774	0.0056
0.04251308	0.003477292	0.0756222222222	0.00497777777778
0.04281009	0.00278952	0.0749777777778	0.00542222222222
0.04361911	0.003506907	0.0785777777778	0.00552222222222
0.03502297	0.003541065	0.0783955555556	0.00554444444444
0.03663938	0.001714776	0.0762777777778	0.00492222222222
0.04425578	0.002267956	0.0776	0.0056
0.04989062	0.004398495	0.07939	0.0052
0.0465878	0.004475705	0.0747111111111	0.00518888888889
0.04114589	0.002007393	0.0787688888889	0.00501111111111
0.0432331	0.002782183	0.0762111111111	0.00558888888889
0.05113806	0.003508338	0.0793555555556	0.00534444444444
0.04606423	0.001319669	0.0794555555556	0.00524444444444
0.04295176	0.003206733	0.0762888888889	0.00491111111111
0.03991596	0.002667225	0.0780111111111	0.00558888888889
0.03756022	0.002025952	0.0754666666667	0.00553333333333
0.03811868	0.00806478	0.0775888888889	0.00561111111111
0.03293224	0.001882676	0.0776	0.0049
0.0425152	0.005020324	0.07644	0.0049
0.0381083	0.005180049	0.0794888888889	0.00521111111111
0.04418168	0.003787722	0.0759777777778	0.00492222222222
0.04132537	0.005158416	0.0794888888889	0.00531111111111
0.0418294	0.004669433	0.0789	0.0055
0.05011257	0.001500546	0.0789711111111	0.00548888888889
0.04374072	0.002129187	0.0745666666667	0.00523333333333
0.04080242	0.004122095	0.0746333333333	0.00516666666667
0.04627213	0.003046018	0.0766511111111	0.00488888888889
0.03826044	0.003984555	0.0762888888889	0.00561111111111
0.04592707	0.001863634	0.0747111111111	0.00538888888889
0.01906937	0.004459063	0.0745444444444	0.00525555555556
0.04259971	0.003713055	0.0794222222222	0.00537777777778
0.05184622	0.002911802	0.0770266666667	0.00563333333333
0.05600687	0.004483138	0.0783666666667	0.00493333333333
0.04556625	0.003010822	0.0792355555556	0.00544444444444
0.04064038	0.005063967	0.0759888888889	0.00491111111111
0.04276307	0.002806301	0.0758111111111	0.00558888888889
0.04360792	0.002958953	0.079	0.0055
0.04798512	0.001541523	0.0784222222222	0.00557777777778
0.03863102	0.002135557	0.0756666666667	0.00493333333333
0.03836458	0.001689258	0.0774622222222	0.00487777777778
0.04234823	0.003033301	0.0755333333333	0.00556666666667
0.03893892	0.003100722	0.0785555555556	0.00494444444444
0.04340527	0.003802787	0.0746888888889	0.00541111111111
0.04105188	0.00451263	0.0745333333333	0.00516666666667
0.04175852	0.003962113	0.0787555555556	0.00554444444444
0.04920554	0.003239654	0.0762111111111	0.00488888888889
0.03983395	0.003962172	0.0794811111111	0.00538888888889
0.04011734	0.002207267	0.079	0.005
0.0531262	0.003970148	0.0764222222222	0.00487777777778
0.03998204	0.00384753	0.0769555555556	0.00564444444444
0.03928207	0.003630814	0.0796111111111	0.00518888888889
0.04332732	0.002570836	0.0744333333333	0.00526666666667
0.04468562	0.003649096	0.0773333333333	0.00486666666667
0.03849015	0.002405103	0.0785466666667	0.00493333333333
0.0501634	0.005169739	0.0787444444444	0.00555555555556
0.03974265	0.005162574	0.0760777777778	0.00562222222222
0.04514992	0.004244845	0.0781888888889	0.00561111111111
0.03504368	0.004854882	0.0744111111111	0.00528888888889
0.04167014	0.004526746	0.0784677777778	0.00492222222222
0.04814642	0.003267023	0.0752333333333	0.00496666666667
0.05223073	0.001656119	0.0776133333333	0.00486666666667
0.03659861	0.003457046	0.075	0.005
0.04656967	0.003466009	0.0790888888889	0.00551111111111
0.0434624	0.002304356	0.0785111111111	0.00558888888889
0.04502742	0.004692246	0.0748222222222	0.00547777777778
0.03883805	0.003907384	0.0743777777778	0.00522222222222
0.0339201	0.004441101	0.0770444444444	0.00485555555556
0.0385014	0.003183151	0.0794777777778	0.00542222222222
0.03919921	0.003864346	0.0769844444444	0.00565555555556
0.04580405	0.005368116	0.0769444444444	0.00485555555556
0.0445072	0.003465545	0.0749188888889	0.00501111111111
0.04289167	0.002774047	0.0772444444444	0.00485555555556
0.03626306	0.003343255	0.0745111111111	0.00538888888889
0.05004778	0.00266992	0.0761222222222	0.00487777777778
0.04176353	0.002742113	0.0777555555556	0.00564444444444
0.05933501	0.003992935	0.0744666666667	0.00513333333333
0.04331878	0.002623627	0.0774444444444	0.00565555555556
0.03868794	0.004196274	0.0785777777778	0.00492222222222
0.04552816	0.00333808	0.0795111111111	0.00508888888889
0.04569105	0.003962912	0.0792577777778	0.00502222222222
0.0442239	0.006153672	0.0796533333333	0.00536666666667
0.04364335	0.00178391	0.0794455555556	0.00544444444444
0.04073307	0.002985917	0.0750666666667	0.00553333333333
0.0455559	0.003433686	0.0743955555556	0.00534444444444
0.03669694	0.004299384	0.0782111111111	0.00488888888889
0.04500388	0.001952879	0.0751333333333	0.00496666666667
0.04362367	0.004200397	0.0765444444444	0.00565555555556
0.03944954	0.003929634	0.0748111111111	0.00548888888889
0.0363509	0.004923734	0.0755888888889	0.00491111111111
0.04697789	0.001808946	0.0791111111111	0.00498888888889
0.0392922	0.003148654	0.0776644444444	0.00565555555556
0.04252864	0.004499195	0.0757777777778	0.00562222222222
0.03916542	0.004061146	0.0773333333333	0.00566666666667
0.04074556	0.00515921	0.0746555555556	0.00504444444444
0.0463242	0.003396414	0.0766333333333	0.00566666666667
0.0380551	0.003363986	0.0742666666667	0.00523333333333
0.0416097	0.005588722	0.0774733333333	0.00566666666667
0.05044052	0.00317395	0.0762444444444	0.00485555555556
0.03874853	0.004940847	0.0752622222222	0.00557777777778
0.03745056	0.001944121	0.0795144444444	0.00505555555556
0.03424958	0.005217297	0.0759555555556	0.00564444444444
0.02922583	0.003497685	0.0748	0.005
0.04523176	0.003584839	0.0743888888889	0.00511111111111
0.04355959	0.004187141	0.0783222222222	0.00487777777778
0.04729888	0.00251021	0.0763333333333	0.00566666666667
0.04530763	0.003588361	0.0746222222222	0.00547777777778
0.05674548	0.004178952	0.0792577777778	0.00552222222222
0.04830207	0.003406718	0.0760644444444	0.00565555555556
0.03901027	0.002195621	0.0783666666667	0.00563333333333
0.05305169	0.003582847	0.0796133333333	0.00506666666667
0.04231977	0.004212546	0.0775222222222	0.00567777777778
0.04040836	0.003252824	0.0798888888889	0.00531111111111
0.0486553	0.006096932	0.0786688888889	0.00561111111111
0.03030553	0.00324081	0.0799222222222	0.00527777777778
0.03667778	0.005069229	0.0756466666667	0.00563333333333
0.05112098	0.004217498	0.0779333333333	0.00566666666667
0.04633339	0.002598168	0.0761333333333	0.00566666666667
0.04476355	0.004011796	0.0769111111111	0.00568888888889
0.04287275	0.006591615	0.0790222222222	0.00557777777778
0.04330276	0.001962043	0.0785222222222	0.00487777777778
0.048142	0.003574366	0.0799688888889	0.00521111111111
0.04243898	0.003200464	0.0793222222222	0.00497777777778
0.03928362	0.004598182	0.0758244444444	0.00485555555556
0.03893655	0.004190818	0.0799777777778	0.00522222222222
0.04790785	0.004108122	0.0762222222222	0.00567777777778
0.04146223	0.003883586	0.0799466666667	0.00533333333333
0.03550469	0.002877359	0.0799333333333	0.00516666666667
0.03262604	0.003378284	0.07529	0.0049
0.03708701	0.003848071	0.0761666666667	0.00483333333333
0.04320496	0.001095009	0.0781333333333	0.00566666666667
0.04317381	0.002607624	0.0749333333333	0.00556666666667
0.04094099	0.006574101	0.0791555555556	0.00494444444444
0.04105613	0.003057541	0.0791555555556	0.00494444444444
0.03336587	0.003996242	0.0797333333333	0.00506666666667
0.0359822	0.003951697	0.0747222222222	0.00497777777778
0.03508905	0.006014072	0.07408	0.0053
0.03601068	0.003426376	0.0799911111111	0.00518888888889
0.04019397	0.002805899	0.0791022222222	0.00557777777778
0.04043862	0.005635699	0.0740666666667	0.00523333333333
0.03566932	0.003671619	0.0746	0.005
0.04489063	0.004973271	0.0768	0.0057
0.04112891	0.003405079	0.0740444444444	0.00525555555556
0.04908949	0.003657193	0.0794577777778	0.00552222222222
0.03642067	0.00217637	0.0796111111111	0.00548888888889
0.04291643	0.004449997	0.0758133333333	0.00566666666667
0.04956236	0.001986378	0.0789	0.0049
0.02438385	0.006679279	0.0750111111111	0.00558888888889
0.03808686	0.003863893	0.0756444444444	0.00485555555556
0.04482674	0.003633896	0.0781222222222	0.00567777777778
0.04282086	0.003700335	0.0753822222222	0.00487777777778
0.04129093	0.002742229	0.07719	0.0048
0.0402786	0.004080659	0.0772	0.0048
0.0516426	0.001542859	0.0768	0.0048
0.04291393	0.001761449	0.0796777777778	0.00502222222222
0.03827807	0.002874822	0.0801111111111	0.00528888888889
0.05011828	0.003439361	0.0801	0.0052
0.03310015	0.004335192	0.0758222222222	0.00567777777778
0.03788824	0.003721283	0.0766	0.0048
0.03573804	0.003431174	0.0791777777778	0.00492222222222
0.0334404	0.005126729	0.0759777777778	0.00482222222222
0.03772168	0.003677333	0.0739555555556	0.00524444444444
0.04244043	0.003040033	0.0778888888889	0.00481111111111
0.03665026	0.002711877	0.0761888888889	0.00481111111111
0.03264463	0.002198897	0.0799888888889	0.00511111111111
0.04432942	0.003475913	0.0743222222222	0.00547777777778
0.04179973	0.002608438	0.0740888888889	0.00511111111111
0.03221513	0.003843693	0.0753333333333	0.00486666666667
0.04230485	0.005177692	0.0761	0.0057
0.03984724	0.00235909	0.0779888888889	0.00481111111111
0.03612669	0.003529218	0.0740222222222	0.00537777777778
0.03402564	0.005465308	0.0778888888889	0.00571111111111
0.03789554	0.00187427	0.0739222222222	0.00517777777778
0.04129671	0.002254579	0.0779	0.0048
0.03639173	0.004236828	0.0739	0.0052
0.0379037	0.002499183	0.0746555555556	0.00494444444444
0.03904883	0.003487078	0.0799555555556	0.00544444444444
0.03661425	0.003437433	0.0792288888889	0.00491111111111
0.03181925	0.003799994	0.0739555555556	0.00514444444444
0.03584468	0.002269266	0.0744111111111	0.00498888888889
0.04685349	0.002616374	0.0802222222222	0.00527777777778
0.04296264	0.005435922	0.0802222222222	0.00527777777778
0.04320971	0.001379987	0.0801222222222	0.00537777777778
0.04388942	0.003262872	0.0782	0.0057
0.0432168	0.00446153	0.0785322222222	0.00567777777778
0.05713386	0.001829645	0.0801111111111	0.00538888888889
0.04379035	0.003321749	0.0738866666667	0.00533333333333
0.03957419	0.002425771	0.07586	0.0057
0.05476244	0.001949556	0.0798	0.0055
0.0433228	0.004339315	0.0800222222222	0.00507777777778
0.03678222	0.002417618	0.0748888888889	0.00561111111111
0.04072536	0.00297648	0.076	0.0048
0.04491713	0.004639045	0.0758	0.0057
0.04822754	0.004188263	0.0747888888889	0.00491111111111
0.04903403	0.005144116	0.0759888888889	0.00571111111111
0.03583216	0.003348196	0.0793777777778	0.00492222222222
0.04228627	0.003941407	0.0753555555556	0.00484444444444
0.03919764	0.002891321	0.0801	0.0051
0.03520707	0.004258723	0.0762111111111	0.00478888888889
0.04226981	0.004695997	0.0756111111111	0.00568888888889
0.04688812	0.00292893	0.0786222222222	0.00567777777778
0.0379239	0.005160174	0.0802333333333	0.00516666666667
0.04444676	0.005047713	0.0740555555556	0.00544444444444
0.03931637	0.002092095	0.0785111111111	0.00568888888889
0.04035656	0.002374197	0.0794822222222	0.00557777777778
0.03806866	0.002831006	0.0759	0.0048
0.04335975	0.002539151	0.0739777777778	0.00542222222222
0.04289636	0.003921071	0.0739777777778	0.00542222222222
0.0391142	0.002954889	0.0802555555556	0.00534444444444
0.03630251	0.00418622	0.0802444444444	0.00535555555556
0.04163685	0.002621782	0.0748	0.0049
0.03396644	0.003414869	0.0760711111111	0.00478888888889
0.04052568	0.003316289	0.0770233333333	0.00476666666667
0.04013914	0.004413185	0.0753866666667	0.00483333333333
0.03388895	0.002839735	0.0767555555556	0.00574444444444
0.04173201	0.00542985	0.0745666666667	0.00493333333333
0.04187488	0.004458786	0.07565	0.0057
0.03604671	0.004199635	0.0800444444444	0.00505555555556
0.04513987	0.003722727	0.0747	0.0056
0.04693657	0.004824814	0.0737777777778	0.00532222222222
0.04064625	0.003002801	0.0781111111111	0.00478888888889
0.04793166	0.004026961	0.0749222222222	0.00487777777778
0.04480682	0.004412609	0.0756	0.0057
0.03799721	0.003487559	0.0784888888889	0.00481111111111
0.04375799	0.003881621	0.0787666666667	0.00483333333333
0.0434807	0.002816986	0.0785	0.0057
0.04579396	0.004313827	0.0765055555556	0.00574444444444
0.04132495	0.003331026	0.0744555555556	0.00494444444444
0.04151677	0.004152523	0.0803666666667	0.00523333333333
0.03564534	0.003517942	0.0740666666667	0.00503333333333
0.04456665	0.002652576	0.0758777777778	0.00572222222222
0.02859561	0.002727809	0.0784	0.0048
0.04946037	0.00461896	0.0792222222222	0.00487777777778
0.04074124	0.003225332	0.0744333333333	0.00556666666667
0.03457743	0.002912044	0.0737111111111	0.00528888888889
0.04392606	0.003274746	0.0753777777778	0.00482222222222
0.04373107	0.003658089	0.0753777777778	0.00482222222222
0.03845394	0.002531929	0.0777555555556	0.00574444444444
0.04751596	0.0027454	0.0791555555556	0.00564444444444
0.0431273	0.00236102	0.0767944444444	0.00475555555556
0.04432229	0.001989079	0.0788666666667	0.00483333333333
0.04945653	0.002702795	0.0748222222222	0.00487777777778
0.04527627	0.00499846	0.0748955555556	0.00564444444444
0.03447353	0.005171006	0.0759222222222	0.00477777777778
0.03667645	0.004756729	0.0736555555556	0.00524444444444
0.0416357	0.002751576	0.0798333333333	0.00496666666667
0.03929497	0.003216488	0.0744222222222	0.00557777777778
0.03370887	0.002659824	0.0796666666667	0.00493333333333
0.04775895	0.005610742	0.0776444444444	0.00575555555556
0.04049413	0.002617787	0.0764444444444	0.00475555555556
0.0399863	0.004938057	0.0749444444444	0.00485555555556
0.04264119	0.002665573	0.0746777777778	0.00562222222222
0.04390853	0.004222187	0.0800777777778	0.00502222222222
0.03289069	0.004168731	0.0742333333333	0.00496666666667
0.04430356	0.003619514	0.0742844444444	0.00555555555556
0.03009587	0.005821937	0.0737888888889	0.00541111111111
0.03657918	0.003074651	0.0796966666667	0.00493333333333
0.04062832	0.0041996	0.0795	0.0049
0.03500625	0.005681419	0.07876	0.0057
0.04757898	0.002841214	0.0784777777778	0.00572222222222
0.03450928	0.004560041	0.0773933333333	0.00576666666667
0.03597905	0.003067072	0.0778444444444	0.00575555555556
0.04110782	0.005000916	0.0757666666667	0.00573333333333
0.03266438	0.003980224	0.0742444444444	0.00495555555556
0.0423674	0.002640535	0.0793866666667	0.00563333333333
0.03605873	0.002234699	0.0755777777778	0.00572222222222
0.04389115	0.003293621	0.074	0.0055
0.04777885	0.003938487	0.0792444444444	0.00485555555556
0.04243953	0.004468569	0.0747555555556	0.00564444444444
0.0467944	0.005785582	0.0797666666667	0.00493333333333
0.0307301	0.003075016	0.0735777777778	0.00522222222222
0.04742217	0.00465291	0.0735888888889	0.00531111111111
0.03988552	0.003787795	0.0805	0.0052
0.04215009	0.003749528	0.0741555555556	0.00554444444444
0.0339625	0.00386296	0.0743511111111	0.00558888888889
0.04118852	0.002731326	0.0768666666667	0.00473333333333
0.03328528	0.001694733	0.0789	0.0057
0.03602106	0.008055876	0.0749666666667	0.00483333333333
0.03407315	0.002936813	0.0738666666667	0.00503333333333
0.04836006	0.003827041	0.0787888888889	0.00571111111111
0.04158169	0.00487107	0.0774066666667	0.00473333333333
0.03999649	0.002879316	0.0736222222222	0.00537777777778
0.0441151	0.002410377	0.0743111111111	0.00558888888889
0.02972558	0.00199237	0.0747444444444	0.00565555555556
0.03756732	0.002560602	0.0738777777778	0.00502222222222
0.04047172	0.002721203	0.0785466666667	0.00573333333333
0.03492905	0.002333203	0.0746555555556	0.00564444444444
0.04643571	0.00256315	0.0785666666667	0.00573333333333
0.04071516	0.003017546	0.0804111111111	0.00508888888889
0.04213578	0.004711037	0.0804111111111	0.00508888888889
0.05160521	0.002647854	0.0805888888889	0.00521111111111
0.04278385	0.0024904	0.0735333333333	0.00516666666667
0.03929327	0.002465294	0.0752	0.0048
0.04810572	0.004880946	0.0760333333333	0.00576666666667
0.05493496	0.003707714	0.0795666666667	0.00563333333333
0.04189239	0.004379614	0.0795666666667	0.00563333333333
0.03809914	0.002769483	0.0806	0.0052
0.03924269	0.002993483	0.0736	0.0054
0.04949998	0.003464156	0.0773111111111	0.00578888888889
0.04077837	0.002763035	0.0735777777778	0.00512222222222
0.04247484	0.002916559	0.0783244444444	0.00575555555556
0.03201263	0.004113625	0.0754222222222	0.00477777777778
0.04113503	0.004383603	0.0766777777778	0.00472222222222
0.02962573	0.003869612	0.0734555555556	0.00524444444444
0.04305062	0.00380141	0.0762222222222	0.00577777777778
0.04209823	0.003215801	0.0798	0.0056
0.04224094	0.003068904	0.0774711111111	0.00578888888889
0.04013665	0.004106286	0.0785333333333	0.00476666666667
0.04575353	0.002806301	0.0749111111111	0.00568888888889
0.0396806	0.002632203	0.0775311111111	0.00578888888889
0.0402053	0.004993485	0.0755333333333	0.00476666666667
0.04126775	0.003205365	0.0753766666667	0.00573333333333
0.0339578	0.001879028	0.0740444444444	0.00495555555556
0.0448299	0.00410067	0.0744666666667	0.00563333333333
0.0328232	0.002639605	0.0745333333333	0.00486666666667
0.03973325	0.002508546	0.0795555555556	0.00564444444444
0.04580635	0.002232554	0.0735166666667	0.00513333333333
0.04058423	0.002832451	0.0806666666667	0.00523333333333
0.03682176	0.003653612	0.0756444444444	0.00475555555556
0.04231484	0.003842107	0.0806333333333	0.00516666666667
0.03941011	0.006223632	0.0751777777778	0.00572222222222
0.03773183	0.005763692	0.0806777777778	0.00522222222222
0.04038783	0.002288313	0.0760222222222	0.00577777777778
0.04172911	0.005558318	0.0748377777778	0.00482222222222
0.0390496	0.002159162	0.0801333333333	0.00496666666667
0.04233288	0.002838963	0.0798088888889	0.00561111111111
0.04113379	0.005188773	0.0759666666667	0.00473333333333
0.04904262	0.00284516	0.0759666666667	0.00473333333333
0.03668474	0.004408029	0.0747222222222	0.00567777777778
0.03197621	0.003719236	0.0746333333333	0.00566666666667
0.04095267	0.004772207	0.07738	0.0058
0.03095806	0.005981694	0.0733844444444	0.00525555555556
0.03444123	0.00665117	0.07668	0.0058
0.03509829	0.003537721	0.0795444444444	0.00565555555556
0.05093154	0.005316033	0.0807	0.0053
0.03544465	0.002190841	0.0807	0.0053
0.03497241	0.00456864	0.0807111111111	0.00528888888889
0.04816791	0.002875647	0.0733888888889	0.00531111111111
0.04395528	0.004486578	0.0807222222222	0.00527777777778
0.04603262	0.002751268	0.0737111111111	0.00548888888889
0.04280905	0.004659808	0.0806	0.0054
0.04528794	0.004371101	0.0790111111111	0.00478888888889
0.04554723	0.005633297	0.0733777777778	0.00532222222222
0.03314673	0.005894516	0.0736911111111	0.00548888888889
0.03061502	0.003448845	0.0734888888889	0.00541111111111
0.03684587	0.002092383	0.0805877777778	0.00542222222222
0.03900405	0.004040581	0.0770888888889	0.00581111111111
0.04297239	0.004617789	0.0770888888889	0.00581111111111
0.03883642	0.003617295	0.0746222222222	0.00567777777778
0.02638782	0.00401048	0.0748	0.0057
0.04742735	0.002099432	0.0783666666667	0.00473333333333
0.03956282	0.003572166	0.0799888888889	0.00491111111111
0.03703349	0.004611114	0.0807777777778	0.00522222222222
0.038934	0.004183162	0.0734111111111	0.00538888888889
0.04420471	0.003934351	0.0743555555556	0.00564444444444
0.0347046	0.003026939	0.0797333333333	0.00486666666667
0.03862459	0.002964189	0.0735444444444	0.00505555555556
0.04922044	0.004110679	0.0784222222222	0.00577777777778
0.03945975	0.003177711	0.0775888888889	0.00581111111111
0.0441989	0.005235567	0.08039	0.005
0.04229611	0.004137143	0.0733333333333	0.00516666666667
0.03555981	0.004335114	0.0750666666667	0.00573333333333
0.03592283	0.004212264	0.0807333333333	0.00536666666667
0.03490735	0.002055229	0.0748	0.0048
0.0417943	0.003010745	0.0748	0.0048
0.04141346	0.002968989	0.0793888888889	0.00481111111111
0.04731842	0.003905876	0.076	0.0058
0.04135505	0.00333761	0.0780888888889	0.00471111111111
0.03562749	0.004089693	0.0740888888889	0.00561111111111
0.0455072	0.003356347	0.0739222222222	0.00557777777778
0.04201165	0.004836034	0.0808444444444	0.00525555555556
0.04822673	0.005510484	0.0773977777778	0.00582222222222
0.04154971	0.002165115	0.0758888888889	0.00471111111111
0.03794237	0.003415483	0.0735222222222	0.00547777777778
0.04706193	0.003703841	0.0734333333333	0.00506666666667
0.0443313	0.00599144	0.0741666666667	0.00563333333333
0.03829339	0.00335701	0.0807111111111	0.00508888888889
0.04092497	0.004372266	0.0790455555556	0.00574444444444
0.05107893	0.005260155	0.0779888888889	0.00581111111111
0.04269396	0.003561951	0.0734133333333	0.00506666666667
0.043106	0.004335099	0.0763777777778	0.00582222222222
0.04811651	0.004575311	0.07949	0.0057
0.05043039	0.003674084	0.0801388888889	0.00491111111111
0.03873955	0.00377362	0.0752555555556	0.00474444444444
0.03872966	0.001468012	0.0770222222222	0.00467777777778
0.05262246	0.002039336	0.0809	0.0053
0.03810198	0.003979572	0.0768666666667	0.00583333333333
0.03336307	0.001497244	0.0731888888889	0.00531111111111
0.0407772	0.002770595	0.0806222222222	0.00547777777778
0.05171753	0.003797143	0.0802666666667	0.00493333333333
0.03902808	0.002919807	0.0806555555556	0.00504444444444
0.04054395	0.003980641	0.0808	0.0054
0.04399228	0.004207918	0.0774666666667	0.00583333333333
0.03551063	0.004154328	0.0809111111111	0.00518888888889
0.03990291	0.003115994	0.0733111111111	0.00508888888889
0.03450963	0.00207099	0.0807777777778	0.00542222222222
0.04862172	0.005320558	0.0758688888889	0.00581111111111
0.04524706	0.003138336	0.0740111111111	0.00488888888889
0.04821513	0.00315839	0.0799555555556	0.00564444444444
0.04665613	0.005617419	0.0808666666667	0.00513333333333
0.03559172	0.003087185	0.0733333333333	0.00506666666667
0.03690697	0.001651101	0.0744888888889	0.00481111111111
0.03903701	0.003097635	0.0747666666667	0.00573333333333
0.03095652	0.004776957	0.0808677777778	0.00512222222222
0.0396431	0.003922908	0.0793266666667	0.00573333333333
0.0392771	0.003607103	0.0731555555556	0.00534444444444
0.03433644	0.002972802	0.0732111111111	0.00538888888889
0.04356124	0.002135091	0.0809244444444	0.00515555555556
0.03821452	0.003817799	0.0809777777778	0.00522222222222
0.05097176	0.00339022	0.0799444444444	0.00485555555556
0.04482083	0.001881755	0.0759477777778	0.00582222222222
0.03972497	0.004151321	0.0762222222222	0.00467777777778
0.03835148	0.003547527	0.0731	0.0053
0.04153113	0.002653728	0.0774133333333	0.00466666666667
0.03734442	0.006225395	0.0808222222222	0.00507777777778
0.03826414	0.002725205	0.0742666666667	0.00483333333333
0.0396508	0.002409553	0.0800333333333	0.00486666666667
0.04024379	0.00322586	0.0801611111111	0.00488888888889
0.03807983	0.002882662	0.0731777777778	0.00512222222222
0.04287637	0.003536026	0.0730888888889	0.00531111111111
0.04191961	0.003983447	0.0809	0.0054
0.04168709	0.002514687	0.0730666666667	0.00523333333333
0.04138874	0.00547035	0.08102	0.0053
0.04400933	0.003042043	0.0789666666667	0.00473333333333
0.0510036	0.004825264	0.0784888888889	0.00581111111111
0.04660522	0.002843882	0.0805333333333	0.00496666666667
0.04507597	0.00371622	0.0777333333333	0.00466666666667
0.02228356	0.005608377	0.0777555555556	0.00584444444444
0.0439865	0.003043102	0.0730333333333	0.00526666666667
0.03667369	0.003039754	0.0788777777778	0.00472222222222
0.04712684	0.002819008	0.0771444444444	0.00585555555556
0.03382861	0.003831189	0.0801666666667	0.00563333333333
0.0562314	0.002125851	0.0778333333333	0.00466666666667
0.04432464	0.002591956	0.0768444444444	0.00465555555556
0.04184987	0.003059131	0.0800444444444	0.00485555555556
0.04810227	0.004673967	0.0784011111111	0.00468888888889
0.02248783	0.00399107	0.0732444444444	0.00545555555556
0.04781958	0.003758332	0.0803	0.0049
0.03948391	0.00314566	0.0799222222222	0.00567777777778
0.04088557	0.004695951	0.0750222222222	0.00577777777778
0.03508311	0.00506326	0.0775144444444	0.00585555555556
0.03285407	0.003353	0.0807777777778	0.00502222222222
0.0413174	0.004643919	0.0760655555556	0.00584444444444
0.04275085	0.003442258	0.0735555555556	0.00494444444444
0.0407618	0.002343858	0.0732333333333	0.00546666666667
0.04778332	0.005791364	0.0791222222222	0.00577777777778
0.0306673	0.005553538	0.0729888888889	0.00531111111111
0.03834531	0.002723737	0.0740333333333	0.00566666666667
0.03588938	0.003259013	0.0769333333333	0.00586666666667
0.04423317	0.004141759	0.0811111111111	0.00518888888889
0.03403502	0.001691185	0.0740133333333	0.00566666666667
0.04747332	0.002411245	0.0768555555556	0.00464444444444
0.04118612	0.00254957	0.0753	0.0047
0.03809436	0.005880508	0.0782155555556	0.00584444444444
0.03633606	0.002710463	0.0747555555556	0.00474444444444
0.04778792	0.003550554	0.0756266666667	0.00583333333333
0.03393334	0.004067613	0.0810111111111	0.00508888888889
0.0459436	0.003351316	0.0795555555556	0.00574444444444
0.04089273	0.003187348	0.0805666666667	0.00493333333333
0.04777357	0.003563975	0.0802555555556	0.00564444444444
0.03964292	0.003611425	0.0755666666667	0.00583333333333
0.03863534	0.003171343	0.0746044444444	0.00475555555556
0.04405454	0.003247979	0.0783333333333	0.00466666666667
0.05020444	0.0042091	0.0797777777778	0.00572222222222
0.04001066	0.005035895	0.0811555555556	0.00534444444444
0.03568052	0.002438851	0.0729444444444	0.00515555555556
0.04434844	0.004142009	0.0811666666667	0.00533333333333
0.04273796	0.002802471	0.073	0.0054
0.04192798	0.00494931	0.0781444444444	0.00585555555556
0.03576078	0.004960865	0.0781444444444	0.00585555555556
0.04896982	0.003989044	0.0770666666667	0.00463333333333
0.04716891	0.002965197	0.0810577777778	0.00542222222222
0.03253624	0.003457889	0.0787777777778	0.00582222222222
0.03930712	0.003185998	0.0768222222222	0.00587777777778
0.0383102	0.002355396	0.0731777777778	0.00502222222222
0.03105854	0.004765705	0.0728888888889	0.00531111111111
0.04951459	0.003547293	0.0812	0.0052
0.04137906	0.005123481	0.0756555555556	0.00584444444444
0.04386897	0.002806875	0.0805777777778	0.00492222222222
0.03398455	0.003373292	0.0788111111111	0.00468888888889
0.04565404	0.004190997	0.0774666666667	0.00463333333333
0.04400024	0.003895353	0.0779555555556	0.00464444444444
0.0513419	0.004628122	0.0775222222222	0.00587777777778
0.04551981	0.003907874	0.0784755555556	0.00584444444444
0.04079514	0.00364925	0.0754222222222	0.00467777777778
0.04381368	0.00410287	0.0780333333333	0.00586666666667
0.03485296	0.002330817	0.0760555555556	0.00464444444444
0.05185707	0.003827478	0.0731888888889	0.00551111111111
0.04204044	0.00351216	0.0783444444444	0.00585555555556
0.0386239	0.00306346	0.0763222222222	0.00587777777778
0.03686972	0.005169325	0.0811777777778	0.00512222222222
0.03717745	0.003310097	0.0812333333333	0.00516666666667
0.04531957	0.003727731	0.0781333333333	0.00586666666667
0.04148702	0.003241776	0.0743555555556	0.00574444444444
0.04348267	0.003840016	0.0806	0.0056
0.04755651	0.00347179	0.0781555555556	0.00464444444444
0.03785833	0.005211014	0.07488	0.0058
0.04582058	0.00326269	0.0799888888889	0.00571111111111
0.0423258	0.003948331	0.0771111111111	0.00588888888889
0.04745842	0.003216889	0.08056	0.0049
0.03786979	0.002008877	0.0808666666667	0.00553333333333
0.04802809	0.002005036	0.0773777777778	0.00462222222222
0.03397074	0.006685461	0.0728222222222	0.00517777777778
0.03301136	0.003088364	0.0728222222222	0.00517777777778
0.03140102	0.005459184	0.0736222222222	0.00487777777778
0.04691844	0.002073123	0.0728	0.0053
0.03892752	0.00266678	0.0812222222222	0.00537777777778
0.05207824	0.002694862	0.0812222222222	0.00537777777778
0.04291115	0.003248264	0.0774777777778	0.00462222222222
0.04200828	0.004066512	0.0797955555556	0.00574444444444
0.0375292	0.00427708	0.0794111111111	0.00578888888889
0.04413375	0.003328565	0.0745666666667	0.00473333333333
0.05288603	0.004040586	0.0788922222222	0.00467777777778
0.03098822	0.004566916	0.0802666666667	0.00483333333333
0.04073275	0.002950611	0.0736333333333	0.00486666666667
0.05062802	0.005582988	0.0812666666667	0.00513333333333
0.03960376	0.003177789	0.0763111111111	0.00588888888889
0.04162331	0.00193374	0.0805777777778	0.00562222222222
0.04216708	0.004318652	0.0796555555556	0.00474444444444
0.03806906	0.002671314	0.0770888888889	0.00461111111111
0.0518951	0.005567746	0.0729444444444	0.00545555555556
0.03922617	0.004505164	0.0729444444444	0.00505555555556
0.03574899	0.002676378	0.0742333333333	0.00476666666667
0.03352076	0.004598721	0.0773888888889	0.00461111111111
0.03812894	0.003078709	0.0782222222222	0.00587777777778
0.04688985	0.002457771	0.0752555555556	0.00584444444444
0.03479334	0.003358149	0.0801888888889	0.00481111111111
0.03372236	0.003646991	0.0796022222222	0.00577777777778
0.04946082	0.004497477	0.0793888888889	0.00471111111111
0.0444143	0.002408812	0.0793888888889	0.00471111111111
0.04498579	0.00469255	0.0788555555556	0.00584444444444
0.03296076	0.003161799	0.0752333333333	0.00466666666667
0.0440894	0.002583338	0.0794	0.0058
0.03914754	0.002318539	0.0734611111111	0.00488888888889
0.04408836	0.002788384	0.0731555555556	0.00554444444444
0.05148507	0.003919115	0.0795211111111	0.00578888888889
0.03577347	0.003298509	0.0765	0.0059
0.05104208	0.002302338	0.0749111111111	0.00468888888889
0.04893833	0.005372222	0.0809044444444	0.00555555555556
0.04943144	0.003568447	0.0813888888889	0.00521111111111
0.04017057	0.001783248	0.0811111111111	0.00548888888889
0.04306499	0.00356958	0.0787444444444	0.00585555555556
0.04811778	0.002992283	0.0746488888889	0.00471111111111
0.04029842	0.002420158	0.0763888888889	0.00461111111111
0.03964804	0.002499897	0.0742444444444	0.00475555555556
0.04798044	0.002785109	0.0783666666667	0.00463333333333
0.03768256	0.002477604	0.0744222222222	0.00577777777778
0.0382081	0.005419336	0.0740666666667	0.00573333333333
0.042795	0.003966469	0.0727333333333	0.00536666666667
0.02159801	0.005528928	0.0763	0.0059
0.04258087	0.00388473	0.0812777777778	0.00542222222222
0.04161195	0.00267992	0.0806222222222	0.00487777777778
0.03615286	0.003422685	0.0731444444444	0.00495555555556
0.03853839	0.003056589	0.0732222222222	0.00557777777778
0.04552571	0.004705097	0.0771888888889	0.00591111111111
0.03904361	0.004358165	0.0769	0.0046
0.04187248	0.00399315	0.0791222222222	0.00467777777778
0.02976388	0.00345126	0.0726444444444	0.00525555555556
0.04215768	0.002406289	0.0726466666667	0.00523333333333
0.042506	0.004971156	0.0792777777778	0.00582222222222
0.03722438	0.003231008	0.0774	0.0046
0.04730166	0.002468686	0.0802888888889	0.00481111111111
0.03267819	0.003730766	0.0728755555556	0.00504444444444
0.03929229	0.003947383	0.0732888888889	0.00491111111111
0.03406554	0.002077502	0.0731555555556	0.00494444444444
0.05091214	0.002300144	0.0798333333333	0.00576666666667
0.04878997	0.004303969	0.078	0.0059
0.0345852	0.004083724	0.0734222222222	0.00487777777778
0.04367195	0.00263074	0.0785222222222	0.00587777777778
0.045402	0.002673598	0.0812333333333	0.00546666666667
0.04407702	0.004598991	0.0798555555556	0.00474444444444
0.03879617	0.004058804	0.0753333333333	0.00586666666667
0.04648731	0.003913076	0.0734555555556	0.00564444444444
0.04105464	0.004308576	0.0808777777778	0.00492222222222
0.0505149	0.003864407	0.0807888888889	0.00561111111111
0.03212196	0.003136474	0.0759688888889	0.00461111111111
0.04121566	0.00339311	0.0812844444444	0.00545555555556
0.03669165	0.003168306	0.0763	0.0046
0.04171796	0.00237407	0.0744888888889	0.00471111111111
0.05231636	0.00538974	0.0801422222222	0.00477777777778
0.04638247	0.003124601	0.0793777777778	0.00582222222222
0.04033332	0.004069716	0.0784111111111	0.00588888888889
0.04104736	0.003289617	0.0803	0.0048
0.04052029	0.001915725	0.0735333333333	0.00566666666667
0.0402577	0.005492725	0.0770111111111	0.00458888888889
0.02800774	0.00239766	0.0742666666667	0.00473333333333
0.02708493	0.004051353	0.0778788888889	0.00591111111111
0.03914906	0.005198888	0.0812	0.0055
0.03908215	0.00853968	0.0801666666667	0.00573333333333
0.04090955	0.003874311	0.0749333333333	0.00466666666667
0.03482926	0.003726347	0.0773777777778	0.00592222222222
0.02713469	0.003390476	0.0810444444444	0.00495555555556
0.03480615	0.003061561	0.0730344444444	0.00495555555556
0.04910107	0.003903228	0.0750444444444	0.00585555555556
0.05241354	0.002839955	0.0765377777778	0.00592222222222
0.0460829	0.003425063	0.0812	0.005
0.03518144	0.004432327	0.0743111111111	0.00578888888889
0.04525489	0.006013716	0.0742166666667	0.00473333333333
0.04226675	0.002679546	0.0726222222222	0.00537777777778
0.04644273	0.004641138	0.0810333333333	0.00556666666667
0.03839977	0.004454789	0.0789333333333	0.00586666666667
0.03855579	0.006011416	0.0793666666667	0.00583333333333
0.03921074	0.004176594	0.0805666666667	0.00483333333333
0.04394797	0.003619722	0.0809777777778	0.00492222222222
0.03961007	0.003077592	0.0729555555556	0.00554444444444
0.02609187	0.005151606	0.0762777777778	0.00592222222222
0.04237932	0.002946845	0.0752666666667	0.00463333333333
0.04581285	0.00349817	0.0809	0.0049
0.03969945	0.002048852	0.0767966666667	0.00593333333333
0.04206766	0.00166645	0.0740555555556	0.00474444444444
0.03641529	0.003479592	0.0729333333333	0.00496666666667
0.03637653	0.004246549	0.0813111111111	0.00548888888889
0.0439297	0.0036954	0.0773222222222	0.00457777777778
0.04667123	0.004480258	0.0773666666667	0.00593333333333
0.04622353	0.004450714	0.0750555555556	0.00464444444444
0.03254646	0.003130017	0.0726	0.0054
0.03653433	0.002891186	0.0724933333333	0.00526666666667
0.0497569	0.003328699	0.0815888888889	0.00521111111111
0.02389674	0.004494838	0.0766222222222	0.00457777777778
0.03515254	0.001657936	0.0766222222222	0.00457777777778
0.0359424	0.004870557	0.0766222222222	0.00457777777778
0.0404276	0.003192843	0.0742111111111	0.00578888888889
0.03684822	0.00609003	0.0724888888889	0.00521111111111
0.03820963	0.001693027	0.0802333333333	0.00476666666667
0.03804207	0.004245319	0.0726111111111	0.00508888888889
0.04728898	0.004370944	0.0764266666667	0.00593333333333
0.04528372	0.003170791	0.0731777777778	0.00562222222222
0.03849715	0.003118024	0.0742688888889	0.00471111111111
0.04129528	0.004097661	0.0726855555556	0.00504444444444
0.04880486	0.002973866	0.0814555555556	0.00544444444444
0.04433963	0.003292013	0.0816333333333	0.00526666666667
0.02456388	0.005670888	0.0739733333333	0.00576666666667
0.04099673	0.00509742	0.0778222222222	0.00457777777778
0.0443113	0.003146312	0.0781777777778	0.00592222222222
0.05115599	0.005017113	0.0750666666667	0.00463333333333
0.04502248	0.003720038	0.0812355555556	0.00554444444444
0.0382213	0.003411519	0.0745222222222	0.00467777777778
0.04577801	0.005959519	0.0752111111111	0.00588888888889
0.03715906	0.003584816	0.0767555555556	0.00594444444444
0.0449292	0.003237412	0.0767555555556	0.00594444444444
0.03971033	0.003037934	0.0742	0.0058
0.04423879	0.004843325	0.0793444444444	0.00465555555556
0.0454359	0.003298978	0.0747444444444	0.00465555555556
0.04130225	0.003982243	0.0809222222222	0.00487777777778
0.04187509	0.004213086	0.0812555555556	0.00554444444444
0.03322594	0.003044388	0.0806	0.0057
0.04037221	0.004496999	0.0743777777778	0.00582222222222
0.03501848	0.004307882	0.0740777777778	0.00472222222222
0.04106843	0.003808661	0.0816444444444	0.00535555555556
0.04661502	0.002123762	0.0804222222222	0.00477777777778
0.04627116	0.005068979	0.0737333333333	0.00476666666667
0.03140829	0.002552417	0.0816777777778	0.00532222222222
0.03472961	0.002317276	0.073	0.0056
0.05031226	0.002965048	0.0783777777778	0.00592222222222
0.03725957	0.002335273	0.0757111111111	0.00458888888889
0.04406555	0.003952567	0.0781222222222	0.00457777777778
0.04239921	0.004392849	0.0815333333333	0.00506666666667
0.04583845	0.004343832	0.0807666666667	0.00483333333333
0.04975024	0.002533787	0.0797777777778	0.00582222222222
0.04640147	0.002282699	0.0816411111111	0.00538888888889
0.04171934	0.002975875	0.0725333333333	0.00506666666667
0.05101354	0.003664316	0.0782222222222	0.00457777777778
0.04734761	0.004473485	0.0782222222222	0.00457777777778
0.05050787	0.005194101	0.0723555555556	0.00524444444444
0.04304477	0.003966849	0.0773444444444	0.00595555555556
0.03939099	0.004075851	0.0782666666667	0.00593333333333
0.03805799	0.003498538	0.0726111111111	0.00548888888889
0.04324007	0.00397481	0.0766444444444	0.00455555555556
0.03852646	0.003245029	0.0743666666667	0.00583333333333
0.03174055	0.004264783	0.0723333333333	0.00526666666667
0.04029932	0.002637451	0.0733888888889	0.00481111111111
0.0463026	0.005458438	0.0816866666667	0.00513333333333
0.03667945	0.002205385	0.0753188888889	0.00591111111111
0.04489414	0.005832238	0.0760555555556	0.00594444444444
0.04629845	0.002217047	0.0815222222222	0.00547777777778
0.0458271	0.00419144	0.0810777777778	0.00562222222222
0.03931974	0.003837566	0.0776444444444	0.00455555555556
0.03882927	0.00335042	0.0815555555556	0.00504444444444
0.04005284	0.004558107	0.0731444444444	0.00485555555556
0.04018972	0.002350591	0.0784222222222	0.00457777777778
0.04614075	0.004233399	0.0812666666667	0.00493333333333
0.03356627	0.006404569	0.0781555555556	0.00594444444444
0.04664113	0.003066126	0.0729	0.0056
0.04085654	0.002760847	0.0727444444444	0.00495555555556
0.03961732	0.004228321	0.0800888888889	0.00471111111111
0.03750849	0.001903583	0.0817111111111	0.00538888888889
0.04898512	0.004617699	0.0801	0.0058
0.03685575	0.002433102	0.0769555555556	0.00454444444444
0.03345467	0.002856229	0.0810333333333	0.00486666666667
0.04110083	0.002811995	0.0804444444444	0.00575555555556
0.04817134	0.005331762	0.0802111111111	0.00578888888889
0.03840396	0.005162687	0.075	0.0059
0.04476753	0.00532958	0.0807288888889	0.00571111111111
0.04514746	0.002715176	0.0743333333333	0.00466666666667
0.03841681	0.001816359	0.0755222222222	0.00457777777778
0.04261301	0.002994985	0.0728111111111	0.00558888888889
0.03969262	0.002675069	0.0798666666667	0.00583333333333
0.03111013	0.00375729	0.0780444444444	0.00455555555556
0.04006265	0.003386068	0.0727666666667	0.00493333333333
0.03680587	0.00421184	0.0737666666667	0.00473333333333
0.03029139	0.001849736	0.0737622222222	0.00577777777778
0.04274397	0.003129035	0.0794222222222	0.00587777777778
0.03154852	0.00452671	0.0794222222222	0.00587777777778
0.04597149	0.00350537	0.0815777777778	0.00502222222222
0.04019567	0.002821573	0.0734666666667	0.00573333333333
0.03818596	0.004080439	0.07236	0.0051
0.03265974	0.002972818	0.0722444444444	0.00525555555556
0.04448916	0.003325956	0.0786222222222	0.00457777777778
0.03655238	0.003158655	0.0793111111111	0.00588888888889
0.04185399	0.003518146	0.0777333333333	0.00596666666667
0.04244437	0.002060661	0.0726333333333	0.00496666666667
0.04424843	0.003902674	0.0722222222222	0.00527777777778
0.04101379	0.002565658	0.0723666666667	0.00543333333333
0.04740723	0.005722675	0.0812888888889	0.00491111111111
0.04672211	0.006177288	0.0817266666667	0.00543333333333
0.04379019	0.003627309	0.0803822222222	0.00577777777778
0.04090623	0.003086672	0.0770222222222	0.00597777777778
0.03928226	0.004549135	0.0771222222222	0.00597777777778
0.04565868	0.002294205	0.0724888888889	0.00501111111111
0.04020585	0.00387693	0.0761555555556	0.00454444444444
0.05610716	0.00429792	0.0818444444444	0.00535555555556
0.04336344	0.004823567	0.0818555555556	0.00534444444444
0.03606447	0.003382246	0.0766422222222	0.00597777777778
0.0545379	0.002738677	0.0780333333333	0.00596666666667
0.03733253	0.003511325	0.0780333333333	0.00596666666667
0.04036858	0.003597348	0.0789777777778	0.00592222222222
0.04642309	0.002116711	0.0764666666667	0.00453333333333
0.03992715	0.002501574	0.0764622222222	0.00597777777778
0.04746516	0.003176734	0.0739	0.0047
0.04037295	0.003353149	0.0786333333333	0.00456666666667
0.04265954	0.003775145	0.0740666666667	0.00583333333333
0.04799186	0.004274541	0.0819222222222	0.00527777777778
0.05433959	0.002020713	0.0819222222222	0.00527777777778
0.04369484	0.005241946	0.0763222222222	0.00597777777778
0.04041045	0.003151335	0.07244	0.0055
0.05108607	0.004613949	0.0804666666667	0.00473333333333
0.0379297	0.006242457	0.0808111111111	0.00478888888889
0.03746656	0.003225256	0.0752066666667	0.00593333333333
0.02866241	0.007328834	0.0798444444444	0.00585555555556
0.03844142	0.002831458	0.0742444444444	0.00585555555556
0.04132567	0.002424665	0.0742444444444	0.00585555555556
0.04062682	0.003642232	0.0811444444444	0.00565555555556
0.04276772	0.001954438	0.0744666666667	0.00463333333333
0.04191667	0.003073631	0.0799555555556	0.00584444444444
0.03633773	0.002188708	0.0784844444444	0.00455555555556
0.04550949	0.002570115	0.0750111111111	0.00458888888889
0.04367097	0.004052707	0.0815555555556	0.00554444444444
0.03359497	0.005032228	0.0751666666667	0.00593333333333
0.04128498	0.004198366	0.0771711111111	0.00598888888889
0.04301208	0.004960335	0.0753555555556	0.00594444444444
0.04876238	0.003166404	0.0787333333333	0.00456666666667
0.02630913	0.003973498	0.0794	0.0059
0.02885088	0.003773714	0.0740066666667	0.00583333333333
0.03584889	0.002560389	0.0727	0.0056
0.04309239	0.002912624	0.0813888888889	0.00491111111111
0.02676157	0.003897397	0.0746788888889	0.00461111111111
