root_height	pop_size	pi_net	pi_within
0.08385493	0.005075347	0.118304444444	0.0102555555556
0.07302521	0.004598017	0.118397777778	0.0102222222222
0.0660532	0.005065748	0.118007777778	0.0102222222222
0.05311029	0.005378296	0.1179	0.0102
0.06716239	0.005787266	0.118522222222	0.0101777777778
0.07378383	0.005411939	0.118213333333	0.0101666666667
0.07356062	0.005773899	0.117684444444	0.0102555555556
0.07320308	0.005431777	0.118911111111	0.0102888888889
0.07550639	0.003985534	0.118644444444	0.0101555555556
0.05229821	0.005903584	0.118962222222	0.0102777777778
0.06648748	0.006571242	0.118045555556	0.0101444444444
0.07011292	0.003840104	0.119044444444	0.0102555555556
0.05915941	0.002574545	0.118655555556	0.0101444444444
0.06888232	0.004800418	0.118695555556	0.0101444444444
0.06777663	0.003569069	0.118377777778	0.0101222222222
0.07271858	0.005737819	0.117704444444	0.0101555555556
0.05091454	0.004302935	0.118855555556	0.0103444444444
0.07807118	0.004794421	0.118188888889	0.0101111111111
0.06710503	0.003789228	0.118884444444	0.0103555555556
0.07173999	0.003203406	0.117372222222	0.0102777777778
0.07003976	0.006816501	0.117306666667	0.0102333333333
0.05903085	0.005543186	0.11732	0.0102
0.06994797	0.004448445	0.119177777778	0.0103222222222
0.06427677	0.003184292	0.117255555556	0.0102444444444
0.06622303	0.005058885	0.1187	0.0101
0.06075599	0.005332651	0.11867	0.0104
0.06882518	0.004733597	0.117711111111	0.0103888888889
0.06476409	0.003662039	0.118891111111	0.0100888888889
0.06222582	0.004026796	0.1175	0.0101
0.06114927	0.006084431	0.119344444444	0.0103555555556
0.07052499	0.004989058	0.119581111111	0.0101888888889
0.06699533	0.005212206	0.118355555556	0.0100444444444
0.06670765	0.005367982	0.118065555556	0.0100444444444
0.06547618	0.003863038	0.117633333333	0.0100666666667
0.05917812	0.005220421	0.118555555556	0.0100444444444
0.06195347	0.004937147	0.117075555556	0.0101444444444
0.04112123	0.005271041	0.117003333333	0.0101666666667
0.05853047	0.006269914	0.1193	0.0101
0.03042446	0.007556704	0.117855555556	0.0100444444444
0.07221662	0.006378457	0.117855555556	0.0100444444444
0.06620787	0.006558368	0.117055555556	0.0103444444444
0.07734082	0.006041791	0.11726	0.0101
0.07138116	0.004487152	0.117388888889	0.0104111111111
0.0637358	0.005689141	0.116855555556	0.0102444444444
0.06951182	0.005464758	0.1172	0.0101
0.06009035	0.007433484	0.119757777778	0.0102222222222
0.06367979	0.003975618	0.116966666667	0.0101333333333
0.06265298	0.0061527	0.119257777778	0.0104222222222
0.06569288	0.004665973	0.116944444444	0.0103555555556
0.07151627	0.003672423	0.117022222222	0.0103777777778
0.05934483	0.005417902	0.117837777778	0.0100222222222
0.07971419	0.006094058	0.116888888889	0.0101111111111
0.06168391	0.004586604	0.116662222222	0.0101777777778
0.07571497	0.006297876	0.11664	0.0103
0.05332114	0.00685307	0.117622222222	0.0104777777778
0.05546257	0.0033843	0.117344444444	0.0104555555556
0.06103665	0.005365057	0.117821111111	0.0104888888889
0.07228471	0.003705209	0.116622222222	0.0101777777778
0.06336618	0.003929723	0.118	0.0105
0.06899457	0.008411266	0.118611111111	0.00998888888889
0.05895577	0.006775032	0.1197	0.0104
0.06416842	0.004496066	0.119802222222	0.0103777777778
0.06214504	0.004439495	0.119088888889	0.0100111111111
0.04570681	0.00682345	0.119445555556	0.0104444444444
0.06077924	0.006004713	0.116851111111	0.0100888888889
0.07043614	0.006332732	0.119811111111	0.0103888888889
0.07341056	0.004496994	0.120111111111	0.0101888888889
0.06328457	0.00533405	0.1192	0.01
0.0583264	0.007394573	0.118988888889	0.0105111111111
0.06214006	0.00450621	0.116433333333	0.0101666666667
0.05191739	0.00442923	0.118166666667	0.0105333333333
0.06190915	0.005392646	0.120233333333	0.0102666666667
0.0675634	0.00457131	0.119705555556	0.0104444444444
0.0641086	0.006897967	0.117033333333	0.0104666666667
0.05700043	0.00483242	0.117088888889	0.0100111111111
0.07055834	0.004261729	0.120284444444	0.0102555555556
0.0618031	0.00756504	0.120296666667	0.0102333333333
0.07246477	0.006032819	0.117533333333	0.00996666666667
0.05733446	0.006341175	0.118435555556	0.00994444444444
0.0585002	0.004953158	0.118515555556	0.00994444444444
0.0650843	0.002472649	0.116877777778	0.0100222222222
0.07433906	0.005017559	0.120233333333	0.0103666666667
0.05553193	0.003746801	0.117031111111	0.00998888888889
0.07006391	0.004055382	0.120335555556	0.0101444444444
0.0472264	0.004604942	0.117455555556	0.0105444444444
0.06496728	0.002775652	0.119155555556	0.00994444444444
0.05836686	0.007063592	0.117913333333	0.0105666666667
0.05396932	0.006131222	0.118697777778	0.00992222222222
0.06913833	0.007550482	0.120395555556	0.0103444444444
0.06064742	0.004687418	0.119255555556	0.0105444444444
0.05900072	0.004409561	0.11975	0.0105
0.06206725	0.007930111	0.117968888889	0.00991111111111
0.06558253	0.004927725	0.11674	0.01
0.05847736	0.006346042	0.119524444444	0.00995555555556
0.06185926	0.004694195	0.116476666667	0.0100333333333
0.06378812	0.002899179	0.12057	0.0103
0.05386346	0.006328782	0.118922222222	0.0105777777778
0.06951851	0.003590106	0.119455555556	0.0105444444444
0.07078305	0.005565361	0.119346666667	0.00993333333333
0.06541115	0.006705274	0.118771111111	0.0105888888889
0.05946443	0.008945401	0.116457777778	0.0100222222222
0.06677726	0.004254876	0.118211111111	0.00988888888889
0.06901792	0.006736099	0.118471111111	0.00988888888889
0.06986918	0.005480411	0.116531111111	0.0104888888889
0.07272593	0.006055788	0.117177777778	0.00992222222222
0.05850587	0.006801272	0.120722222222	0.0102777777778
0.0714394	0.004875245	0.120677777778	0.0103222222222
0.05824143	0.005382226	0.117288888889	0.00991111111111
0.06553613	0.005121273	0.117288888889	0.00991111111111
0.06300186	0.006631473	0.115983333333	0.0103666666667
0.05271007	0.007344953	0.117922222222	0.00987777777778
0.06979641	0.004763731	0.119388888889	0.00991111111111
0.06751345	0.003907267	0.120786666667	0.0102333333333
0.06284992	0.00930918	0.117822222222	0.00987777777778
0.06110112	0.004324496	0.116401111111	0.0104888888889
0.06637208	0.004669128	0.116263333333	0.0104666666667
0.06085852	0.006345374	0.116032222222	0.0100777777778
0.07230571	0.007377191	0.120755555556	0.0103444444444
0.0653487	0.00818229	0.1194	0.0099
0.05965656	0.004593988	0.11732	0.0106
0.05346492	0.006179011	0.117777777778	0.0106222222222
0.05249871	0.006408517	0.119122222222	0.00987777777778
0.07777335	0.005212652	0.120113333333	0.00996666666667
0.04083337	0.006299787	0.116188888889	0.0100111111111
0.06988871	0.005915269	0.120633333333	0.0100666666667
0.06719103	0.006301428	0.120911111111	0.0102888888889
0.06098101	0.004203878	0.115677777778	0.0103222222222
0.05867834	0.005795259	0.115733333333	0.0103666666667
0.07274412	0.004600477	0.120961111111	0.0101888888889
0.05961361	0.005886475	0.115945555556	0.0104444444444
0.06017394	0.009980885	0.119711111111	0.0105888888889
0.04822021	0.005647698	0.115586666667	0.0102333333333
0.0613527	0.004470346	0.115966666667	0.0100333333333
0.06281314	0.006254705	0.119977777778	0.00992222222222
0.07342833	0.006758474	0.117655555556	0.0106444444444
0.07141634	0.01352576	0.117645555556	0.00984444444444
0.07146401	0.006858923	0.119397777778	0.0106222222222
0.07600559	0.004203578	0.120922222222	0.0103777777778
0.07007515	0.006835458	0.120766666667	0.0104333333333
0.05705358	0.005639049	0.115648888889	0.0101111111111
0.07761991	0.005686967	0.115767777778	0.0104222222222
0.07150075	0.00677891	0.115766666667	0.0104333333333
0.07087213	0.005556114	0.121088888889	0.0103111111111
0.066989	0.004816586	0.118477777778	0.00982222222222
0.07422794	0.006729215	0.120234444444	0.0105555555556
0.04911104	0.00394859	0.117947777778	0.00982222222222
0.05801396	0.00537893	0.119742222222	0.00987777777778
0.08511644	0.002485483	0.115814444444	0.0104555555556
0.05422396	0.006410388	0.115487777778	0.0103222222222
0.07047361	0.005833468	0.120203333333	0.0105666666667
0.05914089	0.005222325	0.121177777778	0.0102222222222
0.06204604	0.006775244	0.117366666667	0.00983333333333
0.07186432	0.003573465	0.115433333333	0.0101666666667
0.05676798	0.003955579	0.118028888889	0.00981111111111
0.05000722	0.005448612	0.116722222222	0.00987777777778
0.06326587	0.005164277	0.119888888889	0.0106111111111
0.05877121	0.005116178	0.115344444444	0.0102555555556
0.06448246	0.005933753	0.115593333333	0.0100666666667
0.06193115	0.008298528	0.115377777778	0.0103222222222
0.06332448	0.003485774	0.120248888889	0.00991111111111
0.06035009	0.00664873	0.121262222222	0.0102777777778
0.06310429	0.00598906	0.119744444444	0.00985555555556
0.03916762	0.003699604	0.115353333333	0.0101666666667
0.07263996	0.003647121	0.121014444444	0.0100555555556
0.06337546	0.006376318	0.12076	0.0105
0.05958731	0.006164086	0.119655555556	0.00984444444444
0.05378676	0.002799277	0.120555555556	0.0105444444444
0.06283339	0.00362314	0.11579	0.0105
0.07141888	0.005454351	0.11765	0.0098
0.05981732	0.007279481	0.117157777778	0.00982222222222
0.05096818	0.004718369	0.121308888889	0.0103111111111
0.0777921	0.006000962	0.121222222222	0.0103777777778
0.04533386	0.006964108	0.118001111111	0.00978888888889
0.06446291	0.004347614	0.116044444444	0.0105555555556
0.06816309	0.00664522	0.118711111111	0.00978888888889
0.06538191	0.006893676	0.116775555556	0.00984444444444
0.06538545	0.002653532	0.115231111111	0.0102888888889
0.06409065	0.003441436	0.121172222222	0.0100777777778
0.06768739	0.00762898	0.119368888889	0.00981111111111
0.06052894	0.005829469	0.121315555556	0.0103444444444
0.05413915	0.002824028	0.116311111111	0.00988888888889
0.06590779	0.004894985	0.119201111111	0.0106888888889
0.06397824	0.003312151	0.11535	0.0104
0.07009836	0.004746265	0.115202222222	0.0101777777778
0.07205515	0.004673894	0.12041	0.0099
0.06660777	0.004888208	0.118088888889	0.0107111111111
0.0622761	0.00438043	0.11928	0.0098
0.07022048	0.004054391	0.117251111111	0.0106888888889
0.05682657	0.003244102	0.117822222222	0.00977777777778
0.07556033	0.003386802	0.121042222222	0.0104777777778
0.0527939	0.0082678	0.117812222222	0.00977777777778
0.06834439	0.008892775	0.116877777778	0.00982222222222
0.0660308	0.00287166	0.115126666667	0.0102333333333
0.06398171	0.002991049	0.120055555556	0.00984444444444
0.0463391	0.007634883	0.118733333333	0.00976666666667
0.06314917	0.005954837	0.116713333333	0.0106666666667
0.06254566	0.003776145	0.118234444444	0.00975555555556
0.07513516	0.004542606	0.115766666667	0.00993333333333
0.06597728	0.006174479	0.117966666667	0.0107333333333
0.0640895	0.004902375	0.121266666667	0.0100333333333
0.05765909	0.003618484	0.114995555556	0.0102444444444
0.06182811	0.003658464	0.118806666667	0.0107333333333
0.05979915	0.003743037	0.120955555556	0.00994444444444
0.05439652	0.003727494	0.118255555556	0.00974444444444
0.0470849	0.005373759	0.121644444444	0.0102555555556
0.06131172	0.005647154	0.117424444444	0.00975555555556
0.04981499	0.004272531	0.11588	0.0106
0.06707077	0.006464674	0.1208	0.0099
0.054989	0.003943818	0.116013333333	0.00986666666667
0.07022248	0.00413552	0.119244444444	0.00975555555556
0.04398004	0.008189656	0.121055555556	0.00994444444444
0.03994696	0.005242017	0.115184444444	0.0104555555556
0.06632407	0.005014559	0.115242222222	0.0104777777778
0.0640904	0.004901447	0.119911111111	0.00978888888889
0.04677068	0.007264391	0.115177777778	0.0100222222222
0.07290285	0.003688779	0.121485555556	0.0104444444444
0.06744945	0.005103677	0.118824444444	0.0107555555556
0.05423234	0.005289842	0.114862222222	0.0101777777778
0.07188605	0.004706634	0.114895555556	0.0101444444444
0.06793719	0.01116969	0.121526666667	0.0104333333333
0.06714769	0.004915779	0.114938888889	0.0101111111111
0.04625456	0.00854617	0.116933333333	0.00976666666667
0.06864169	0.008162972	0.1209	0.0099
0.0675824	0.006587796	0.120762222222	0.00987777777778
0.03641002	0.007397433	0.120011111111	0.00978888888889
0.06273025	0.008061794	0.118453333333	0.0107666666667
0.07112624	0.007077032	0.116451111111	0.0106888888889
0.07547453	0.004431129	0.119335555556	0.0107444444444
0.06908995	0.005305188	0.121688888889	0.0101111111111
0.06343556	0.007606365	0.119355555556	0.0107444444444
0.06907655	0.005072674	0.115466666667	0.00993333333333
0.0659894	0.003703483	0.121477777778	0.0100222222222
0.07587351	0.006046143	0.121483333333	0.0104666666667
0.06436015	0.001878271	0.120504444444	0.0106555555556
0.06443337	0.006275139	0.119166666667	0.00973333333333
0.06616716	0.005173182	0.115827777778	0.0106222222222
0.06780339	0.006403419	0.121733333333	0.0103666666667
0.04503691	0.004213828	0.117366666667	0.00973333333333
0.06199482	0.004242649	0.115077777778	0.0100222222222
0.05735743	0.006932496	0.121225555556	0.0105444444444
0.05537989	0.007027223	0.115866666667	0.0106333333333
0.04313644	0.004515231	0.115708888889	0.0106111111111
0.07011176	0.004864591	0.116866666667	0.0107333333333
0.073252	0.003938209	0.115844444444	0.00985555555556
0.06828958	0.004419512	0.115033333333	0.0104666666667
0.05935547	0.006022781	0.114934444444	0.0100555555556
0.06810299	0.004485008	0.118728888889	0.00971111111111
0.06300194	0.003739243	0.121846666667	0.0103333333333
0.07132201	0.006364651	0.115336666667	0.00993333333333
0.07520689	0.006548373	0.117662222222	0.0107777777778
0.06751018	0.005668118	0.121644444444	0.0104555555556
0.06800384	0.003751704	0.121111111111	0.0105888888889
0.08014526	0.00691122	0.121121111111	0.0105888888889
0.06900218	0.005765026	0.121811111111	0.0100888888889
0.0635921	0.005799126	0.116795555556	0.0107444444444
0.07535045	0.006878014	0.121622222222	0.0104777777778
0.0629346	0.00510958	0.120288888889	0.0107111111111
0.07197001	0.007016852	0.115877777778	0.00982222222222
0.06244304	0.004756126	0.121966666667	0.0103333333333
0.0637633	0.002184573	0.117511111111	0.0107888888889
0.07177914	0.004587997	0.122023333333	0.0102666666667
0.05931394	0.006112068	0.121833333333	0.0100666666667
0.06239326	0.004465155	0.121533333333	0.00996666666667
0.06145604	0.007615846	0.121911111111	0.0103888888889
0.05688547	0.006228798	0.114584444444	0.0101555555556
0.06268223	0.004965049	0.120777777778	0.00982222222222
0.05809418	0.007278364	0.114613333333	0.0103666666667
0.06517525	0.004606432	0.114858888889	0.0100111111111
0.04375456	0.006053865	0.115014444444	0.00995555555556
0.0540586	0.004069406	0.119853333333	0.0107666666667
0.06814802	0.004707242	0.122033333333	0.0103666666667
0.0505475	0.00311453	0.11924	0.0108
0.05763765	0.007528865	0.115168888889	0.00991111111111
0.06876991	0.005021857	0.117	0.0097
0.05564268	0.006674242	0.114588888889	0.0104111111111
0.06841781	0.002652958	0.122166666667	0.0102333333333
0.05736437	0.007030712	0.119092222222	0.00967777777778
0.05900586	0.005887344	0.115722222222	0.0106777777778
0.0798846	0.006111284	0.119651111111	0.0107888888889
0.06351011	0.005394529	0.114388888889	0.0102111111111
0.06142418	0.004876939	0.115922222222	0.00977777777778
0.0633079	0.003689577	0.119322222222	0.00967777777778
0.06271822	0.00635843	0.117547777778	0.0108222222222
0.07170753	0.002905339	0.119611111111	0.00968888888889
0.05334213	0.006917774	0.121922222222	0.0104777777778
0.07464779	0.00345263	0.121957777778	0.0100222222222
0.06140778	0.004629529	0.117473333333	0.00966666666667
0.04499066	0.007813581	0.1209	0.0098
0.05198438	0.007824102	0.116588888889	0.00971111111111
0.06926791	0.005950724	0.115365555556	0.0106444444444
0.06477745	0.007953874	0.121977777778	0.0100222222222
0.05671802	0.002305418	0.117766666667	0.0108333333333
0.07296317	0.005467031	0.115355555556	0.0106444444444
0.05817918	0.002643454	0.116488888889	0.00971111111111
0.07773144	0.005916002	0.121988888889	0.0100111111111
0.05459238	0.007784031	0.115011111111	0.0105888888889
0.05699149	0.004152359	0.118275555556	0.0108444444444
0.06243606	0.007747304	0.120733333333	0.00976666666667
0.06197642	0.006827942	0.118535555556	0.0108444444444
0.06613719	0.002959522	0.122311111111	0.0102888888889
0.06357778	0.006460934	0.115285555556	0.0106444444444
0.06454823	0.005356907	0.116731111111	0.00968888888889
0.06802553	0.005591005	0.119176666667	0.0108333333333
0.05132524	0.005357922	0.12006	0.0097
0.06664846	0.005314159	0.114388888889	0.0104111111111
0.0734347	0.007255517	0.121355555556	0.00984444444444
0.07175887	0.003532149	0.115367777778	0.00982222222222
0.06258549	0.007127937	0.122366666667	0.0102333333333
0.05379542	0.00464538	0.117244444444	0.00965555555556
0.07517807	0.006901715	0.114663333333	0.00996666666667
0.06885071	0.006396793	0.115846666667	0.0107333333333
0.07492771	0.003504419	0.118144444444	0.0108555555556
0.06452086	0.004105602	0.120546666667	0.00973333333333
0.05904979	0.007050915	0.114266666667	0.0101333333333
0.06419696	0.006753695	0.119687777778	0.0108222222222
0.06950969	0.004293733	0.115622222222	0.00977777777778
0.05516331	0.004219664	0.1202	0.0097
0.07587284	0.005059256	0.117866666667	0.00963333333333
0.06327305	0.005955621	0.117766666667	0.00963333333333
0.05041546	0.004633111	0.117355555556	0.00964444444444
0.05525086	0.005870778	0.119922222222	0.00967777777778
0.05247327	0.003257181	0.114322222222	0.0100777777778
0.06095413	0.004337981	0.116807777778	0.0108222222222
0.06146717	0.005860196	0.11487	0.0106
0.03999374	0.005265007	0.117155555556	0.0108444444444
0.06094601	0.004506388	0.114908888889	0.0106111111111
0.04820906	0.004585468	0.115431111111	0.00978888888889
0.06633743	0.002586983	0.121584444444	0.00985555555556
0.06027622	0.00554882	0.122495555556	0.0102444444444
0.06580492	0.005532994	0.114188888889	0.0101111111111
0.05936763	0.004875768	0.115177777778	0.00982222222222
0.06143908	0.00888367	0.122444444444	0.0103555555556
0.06040122	0.005881251	0.119326666667	0.00963333333333
0.07125583	0.005640255	0.122437777778	0.0101222222222
0.06061328	0.006513604	0.116766666667	0.0108333333333
0.06328301	0.004918205	0.119077777778	0.00962222222222
0.06057063	0.006473714	0.117788888889	0.00961111111111
0.07640921	0.005805449	0.122386666667	0.0104333333333
0.07879242	0.004359286	0.120173333333	0.00966666666667
0.06372228	0.005337974	0.122563333333	0.0101666666667
0.08720163	0.005903426	0.116755555556	0.00964444444444
0.04959333	0.00336003	0.114711111111	0.00988888888889
0.05751538	0.005587931	0.1206	0.0097
0.06224281	0.004158587	0.122462222222	0.0100777777778
0.06872992	0.00386359	0.120611111111	0.0107888888889
0.05606018	0.005623679	0.118511111111	0.0108888888889
0.0704603	0.006469509	0.119895555556	0.00964444444444
0.05806192	0.004274979	0.1141	0.0104
0.06488916	0.006196946	0.117392222222	0.0108777777778
0.07340829	0.004597972	0.115828888889	0.00971111111111
0.05757595	0.003846876	0.117073333333	0.0108666666667
0.0722723	0.003395756	0.119248888889	0.00961111111111
0.06828237	0.006854485	0.120297777778	0.0108222222222
0.07256003	0.004734384	0.1189	0.0096
0.05630801	0.007045266	0.120472222222	0.00967777777778
0.0724522	0.006786608	0.115981111111	0.00968888888889
0.05965379	0.006900122	0.115546666667	0.00973333333333
0.06058992	0.0056887	0.116877777778	0.00962222222222
0.07296576	0.003485957	0.122088888889	0.00991111111111
0.05566403	0.003888242	0.121066666667	0.00973333333333
0.07171462	0.006947621	0.117911111111	0.00958888888889
0.06327433	0.004346106	0.1179	0.0109
0.06888609	0.004962291	0.122666666667	0.0103333333333
0.06503106	0.005213255	0.1158	0.0097
0.06488833	0.006042773	0.115091111111	0.00978888888889
0.06416811	0.006500911	0.117022222222	0.0108777777778
0.07962186	0.006027278	0.121638888889	0.00981111111111
0.06983824	0.004577448	0.119588888889	0.00961111111111
0.05875164	0.005025418	0.117631111111	0.00958888888889
0.06401736	0.003634196	0.117211111111	0.0108888888889
0.0680785	0.006905738	0.114222222222	0.00997777777778
0.06618077	0.002953369	0.120741111111	0.00968888888889
0.04350082	0.006665969	0.114676666667	0.0106333333333
0.06224091	0.007587667	0.114006666667	0.0104333333333
0.05781667	0.005751789	0.114373333333	0.0105666666667
0.0609953	0.004010938	0.118688888889	0.0109111111111
0.06490044	0.004813932	0.116788888889	0.00961111111111
0.0567127	0.005855211	0.120466666667	0.0108333333333
0.05765206	0.005418608	0.113966666667	0.0104333333333
0.05132027	0.005126936	0.114777777778	0.00982222222222
0.06356241	0.005569873	0.114557777778	0.0106222222222
0.04235816	0.006806334	0.115344444444	0.0107555555556
0.06322115	0.006895549	0.122615555556	0.0100444444444
0.0617681	0.005866796	0.114533333333	0.00986666666667
0.05859683	0.006545897	0.117488888889	0.0109111111111
0.06309606	0.003375032	0.120544444444	0.00965555555556
0.05366522	0.006039263	0.118437777778	0.0109222222222
0.07017608	0.006582264	0.118013333333	0.00956666666667
0.05766561	0.006253219	0.121108888889	0.00971111111111
0.07591037	0.003878468	0.116155555556	0.0108444444444
0.06974123	0.005139944	0.121314444444	0.0107555555556
0.04126789	0.005651471	0.114351111111	0.0105888888889
0.0775253	0.006490687	0.122646666667	0.0100333333333
0.06689808	0.00972114	0.122005555556	0.0106444444444
0.03710966	0.007978345	0.121344444444	0.0107555555556
0.07424649	0.004092494	0.120366666667	0.00963333333333
0.06230243	0.005807434	0.122168888889	0.0106111111111
0.08181785	0.006921117	0.122844444444	0.0101555555556
0.05958032	0.004818089	0.118993333333	0.00956666666667
0.05765548	0.006941328	0.1148	0.0098
0.06839069	0.00411098	0.122347777778	0.00992222222222
0.06972075	0.004020368	0.116333333333	0.0108666666667
0.06473471	0.005368657	0.120555555556	0.00964444444444
0.0721656	0.007256086	0.119177777778	0.0109222222222
0.07306309	0.005134369	0.117944444444	0.00955555555556
0.05325287	0.004917735	0.118654444444	0.00955555555556
0.06973319	0.004711138	0.117926666667	0.0109333333333
0.0587062	0.00548857	0.12232	0.0099
0.06876648	0.008506282	0.119811111111	0.00958888888889
0.06431653	0.003623223	0.117744444444	0.00955555555556
0.06246019	0.006234953	0.115322222222	0.0107777777778
0.06242262	0.003258743	0.113686666667	0.0103333333333
0.06148194	0.005659222	0.115217777778	0.00972222222222
0.06930353	0.006129731	0.1219	0.0098
0.07129623	0.00468251	0.113888888889	0.0100111111111
0.06441991	0.005074323	0.116671111111	0.00958888888889
0.05632707	0.005462085	0.113731111111	0.0100888888889
0.07622882	0.004383782	0.122766666667	0.0100333333333
0.05392637	0.005762856	0.114055555556	0.0105444444444
0.05455515	0.005086097	0.122966666667	0.0103333333333
0.0850594	0.00379107	0.122077777778	0.00982222222222
0.07201235	0.008080497	0.123012222222	0.0102777777778
0.05411946	0.005687542	0.122668888889	0.0105111111111
0.07301764	0.00358043	0.122672222222	0.00997777777778
0.06711514	0.004850976	0.114955555556	0.00974444444444
0.04197155	0.008858305	0.117635555556	0.00954444444444
0.06369697	0.006440842	0.120071111111	0.00958888888889
0.06056427	0.0085106	0.115271111111	0.0107888888889
0.06261807	0.004298525	0.116511111111	0.00958888888889
0.06778975	0.006051683	0.1142	0.0106
0.07436253	0.006197217	0.122644444444	0.00995555555556
0.06889508	0.00757803	0.120964444444	0.00965555555556
0.07497063	0.004955967	0.122088888889	0.00981111111111
0.06152545	0.006866011	0.119797777778	0.0109222222222
0.06768316	0.003724833	0.122635555556	0.0105444444444
0.0765567	0.005074891	0.121311111111	0.00968888888889
0.06722868	0.004980797	0.119833333333	0.00956666666667
0.04952443	0.008375834	0.12307	0.0103
0.06419535	0.005111774	0.115433333333	0.00966666666667
0.06169357	0.003810049	0.122733333333	0.00996666666667
0.08114067	0.004996915	0.123092222222	0.0101777777778
0.06208172	0.005498744	0.121968888889	0.0107111111111
0.07452345	0.004394759	0.122256666667	0.00983333333333
0.06496474	0.004314821	0.118333333333	0.0109666666667
0.07263337	0.00782312	0.118393333333	0.0109666666667
0.06958015	0.003565785	0.1161	0.0096
0.06762616	0.004814655	0.115486666667	0.0108333333333
0.05740492	0.005895519	0.115022222222	0.0107777777778
0.06594392	0.002696703	0.121213333333	0.00966666666667
0.05937935	0.005440273	0.113477777778	0.0103222222222
0.06792125	0.006081883	0.121411111111	0.00968888888889
0.06493086	0.005192415	0.119555555556	0.00954444444444
0.05848327	0.006593927	0.122777777778	0.0105222222222
0.06250633	0.007741675	0.113606666667	0.0104333333333
0.04880293	0.00679823	0.120797777778	0.00962222222222
0.06947776	0.003810651	0.114235555556	0.0106444444444
0.06365106	0.005428344	0.113933333333	0.0105666666667
0.07130801	0.005477954	0.12316	0.0102
0.07654573	0.006304219	0.123088888889	0.0101111111111
0.07722224	0.005947575	0.119366666667	0.00953333333333
0.05482476	0.005561822	0.113428888889	0.0103111111111
0.06540436	0.004203764	0.119695555556	0.00954444444444
0.05914347	0.003944548	0.113637777778	0.0100222222222
0.0589025	0.005093109	0.122082222222	0.00977777777778
0.07025849	0.003487505	0.116606666667	0.0109333333333
0.05279377	0.004368328	0.114614444444	0.00975555555556
0.05303087	0.004498022	0.11338	0.0103
0.06950433	0.005077254	0.121266666667	0.0108333333333
0.04981977	0.005961015	0.123176666667	0.0101333333333
0.06074205	0.004102751	0.123152222222	0.0103777777778
0.05578212	0.00303373	0.116333333333	0.00956666666667
0.06889015	0.008480565	0.113337777778	0.0102222222222
0.0651466	0.002518498	0.114044444444	0.00985555555556
0.07345703	0.003920644	0.121788888889	0.00971111111111
0.03185407	0.006408977	0.117931111111	0.0109888888889
0.04167063	0.005115633	0.116555555556	0.0109444444444
0.06744581	0.002810822	0.123288888889	0.0102111111111
0.06102847	0.009392054	0.117851111111	0.0109888888889
0.0805275	0.004827699	0.121477777778	0.0108222222222
0.06970122	0.005403154	0.113773333333	0.0105666666667
0.06565042	0.005758235	0.120447777778	0.0109222222222
0.05104481	0.006819863	0.122555555556	0.0106444444444
0.07198616	0.005877807	0.116893333333	0.0109666666667
0.05364776	0.005318821	0.121133333333	0.0108666666667
0.05960878	0.006192011	0.120155555556	0.0109444444444
0.06831087	0.004107324	0.119468888889	0.00951111111111
0.05577965	0.005492841	0.113923333333	0.00986666666667
0.06571385	0.005583374	0.120523333333	0.00956666666667
0.04970463	0.004506225	0.113331111111	0.0103888888889
0.06297653	0.004916031	0.11845	0.011
0.06570183	0.006128875	0.123333333333	0.0101666666667
0.07067211	0.005458516	0.113357777778	0.0104222222222
0.06901344	0.004743257	0.113924444444	0.00985555555556
0.08620594	0.006042913	0.121922222222	0.0107777777778
0.05935501	0.003324759	0.113233333333	0.0101666666667
0.07043452	0.00492087	0.113311111111	0.0100888888889
0.06356138	0.006217584	0.113245555556	0.0101444444444
0.07567075	0.003826453	0.1233	0.0101
0.05763277	0.007024963	0.113708888889	0.00991111111111
0.05066817	0.007020717	0.12096	0.0109
0.05129109	0.006414908	0.118462222222	0.00947777777778
0.06611204	0.003739611	0.1211	0.0096
0.07290984	0.005921542	0.120455555556	0.00954444444444
0.06531685	0.004647778	0.121456666667	0.00963333333333
0.05536575	0.005734679	0.1169	0.0095
0.04915582	0.003927344	0.113211111111	0.0103888888889
0.0536606	0.005689362	0.116638888889	0.00951111111111
0.07075702	0.005830504	0.120366666667	0.00953333333333
0.05948985	0.005312431	0.11409	0.0107
0.06309489	0.004181956	0.11682	0.0095
0.0675281	0.003162689	0.123455555556	0.0101444444444
0.07668769	0.005571757	0.114132222222	0.00977777777778
0.05099235	0.003117407	0.114364444444	0.0107555555556
0.06472139	0.004770795	0.119208888889	0.0110111111111
0.06145528	0.004552611	0.115844444444	0.00955555555556
0.05664054	0.008706615	0.114482222222	0.0107777777778
0.05243682	0.004143366	0.114935555556	0.0108444444444
0.07291435	0.002165151	0.121744444444	0.00965555555556
0.06447896	0.003798708	0.113368888889	0.0105111111111
0.05136985	0.004705967	0.116066666667	0.00953333333333
0.06178293	0.005026566	0.121685555556	0.00964444444444
0.05738504	0.004486704	0.122011111111	0.00968888888889
0.04284125	0.00897883	0.123155555556	0.00994444444444
0.05392984	0.003497176	0.113195555556	0.0104444444444
0.06272087	0.007487904	0.114622222222	0.00967777777778
0.06048866	0.00643481	0.113055555556	0.0101444444444
0.07908219	0.003238359	0.113122222222	0.0100777777778
0.06319371	0.003835981	0.117313333333	0.00946666666667
0.08140968	0.006528079	0.1201	0.0095
0.07136567	0.005521185	0.122777777778	0.00982222222222
0.0723487	0.005704408	0.11532	0.0109
0.06863974	0.003800399	0.117233333333	0.00946666666667
0.06856783	0.004651333	0.114053333333	0.00976666666667
0.0591123	0.003753626	0.114993333333	0.0108666666667
0.05760113	0.004002922	0.118914444444	0.00945555555556
0.0697861	0.006239541	0.121188888889	0.0109111111111
0.05977407	0.00616852	0.11529	0.0109
0.06918113	0.006294049	0.123403333333	0.0104666666667
0.08151147	0.009702188	0.122313333333	0.0107666666667
0.05926446	0.005805192	0.116033333333	0.0109666666667
0.07425473	0.005369869	0.122691111111	0.00978888888889
0.06324785	0.004934304	0.113491111111	0.00988888888889
0.07278369	0.005337662	0.121044444444	0.00955555555556
0.06235539	0.003775539	0.113977777778	0.0107222222222
0.06673407	0.008846052	0.115794444444	0.0109555555556
0.06898437	0.003637804	0.123602222222	0.0103777777778
0.05530231	0.005724774	0.113713333333	0.0106666666667
0.06803434	0.005686447	0.117725555556	0.0110444444444
0.06252599	0.004799917	0.120677777778	0.00952222222222
0.06271634	0.003766703	0.113615555556	0.0106444444444
0.04784697	0.00446343	0.113605555556	0.00984444444444
0.05714903	0.002796519	0.1143	0.0097
0.05299007	0.005940948	0.123377777778	0.0105222222222
0.06147682	0.005098609	0.123674444444	0.0101555555556
0.05732281	0.004790622	0.1223	0.0097
0.06594232	0.004998491	0.113966666667	0.0107333333333
0.07345739	0.00529462	0.118426666667	0.00943333333333
0.06542144	0.004996477	0.123066666667	0.0106333333333
0.06401983	0.003577539	0.116723333333	0.00946666666667
0.0673168	0.0046653	0.117944444444	0.0110555555556
0.04652156	0.004987633	0.113131111111	0.00998888888889
0.05916131	0.002740288	0.114544444444	0.00965555555556
0.07059399	0.007385015	0.116251111111	0.00948888888889
0.03567696	0.007086815	0.113584444444	0.0106555555556
0.06585904	0.004509968	0.115148888889	0.0109111111111
0.08168537	0.006575693	0.117666666667	0.00943333333333
0.05661942	0.004433076	0.121468888889	0.0109111111111
0.06859075	0.004363438	0.115098888889	0.0109111111111
0.07661577	0.004400911	0.11331	0.0099
0.05903096	0.003066512	0.118177777778	0.00942222222222
0.05591737	0.00466575	0.112815555556	0.0101444444444
0.06896069	0.004960211	0.114282222222	0.00967777777778
0.06825132	0.008663346	0.122166666667	0.0108333333333
0.05435207	0.007741926	0.11605	0.011
0.06311803	0.005398274	0.113166666667	0.00993333333333
0.05091872	0.004386991	0.121366666667	0.0109333333333
0.07726475	0.003312953	0.123833333333	0.0102666666667
0.06197527	0.003885233	0.112877777778	0.0104222222222
0.06315236	0.004577148	0.123666666667	0.0100333333333
0.07307534	0.004821924	0.123855555556	0.0102444444444
0.05309514	0.005334499	0.114972222222	0.00957777777778
0.06360907	0.00634647	0.112857777778	0.0104222222222
0.06855044	0.008423124	0.113188888889	0.00991111111111
0.0527478	0.006756302	0.112755555556	0.0103444444444
0.06019349	0.004802633	0.112711111111	0.0102888888889
0.04428028	0.007862351	0.118722222222	0.0110777777778
0.06463259	0.004365519	0.1159	0.011
0.06594346	0.002618016	0.121244444444	0.0109555555556
0.06603573	0.005178605	0.123855555556	0.0101444444444
0.06626333	0.002575708	0.114466666667	0.00963333333333
0.06666237	0.006011945	0.1141	0.0108
0.075781	0.007652602	0.123	0.0107
0.06153391	0.006148253	0.114444444444	0.0108555555556
0.06058017	0.006723548	0.113433333333	0.0106666666667
0.07594099	0.005177186	0.120244444444	0.00945555555556
0.04482917	0.005761207	0.112983333333	0.00996666666667
0.07268154	0.003059584	0.123472222222	0.0105777777778
0.08313829	0.00614822	0.119866666667	0.00943333333333
0.06673249	0.008266439	0.119268888889	0.00941111111111
0.04245669	0.007057817	0.113057777778	0.00992222222222
0.05866055	0.004299023	0.120722222222	0.00947777777778
0.07343105	0.004721922	0.123913333333	0.0103666666667
0.06594076	0.004005441	0.1146	0.0096
0.0753491	0.005683069	0.120577777778	0.0110222222222
0.06403741	0.003457693	0.121634444444	0.00955555555556
0.07105408	0.005568494	0.119011111111	0.0110888888889
0.08157662	0.007626291	0.123666666667	0.0105333333333
0.0666766	0.003753276	0.121222222222	0.0109777777778
0.06099203	0.00638334	0.115758888889	0.0110111111111
0.06264181	0.004210513	0.123433333333	0.00986666666667
0.07825741	0.01292857	0.118571111111	0.00938888888889
0.0542046	0.007171153	0.1179	0.0111
0.06156405	0.006802161	0.116036666667	0.0110333333333
0.0625848	0.003609306	0.123588888889	0.00991111111111
0.05875672	0.004453681	0.114337777778	0.00962222222222
0.05974804	0.003814615	0.113733333333	0.0107666666667
0.06043208	0.005334809	0.116617777778	0.00942222222222
0.05657426	0.006537584	0.122622222222	0.00967777777778
0.05363969	0.004129747	0.120757777778	0.0110222222222
0.06338198	0.003815972	0.114844444444	0.00955555555556
0.06271194	0.00526675	0.122277777778	0.00962222222222
0.07114999	0.004636976	0.121544444444	0.0109555555556
0.06617439	0.005652542	0.121544444444	0.0109555555556
0.06956543	0.004084072	0.123477777778	0.0106222222222
0.05917954	0.006602997	0.123044444444	0.00975555555556
0.06753055	0.008229991	0.113068888889	0.0106111111111
0.06425258	0.006506579	0.119858888889	0.00941111111111
0.06399716	0.003096608	0.116477777778	0.00942222222222
0.07547427	0.00423384	0.123513333333	0.00986666666667
0.05249333	0.008017993	0.120998888889	0.0110111111111
0.06789663	0.004284367	0.1196	0.0094
0.06416628	0.004838001	0.118228888889	0.0111111111111
0.07388529	0.004259212	0.124092222222	0.0102777777778
0.06104522	0.003997785	0.116055555556	0.00944444444444
0.05674107	0.005086734	0.112558888889	0.0101111111111
0.07402737	0.005999814	0.115192222222	0.0109777777778
0.0589091	0.007487053	0.115311111111	0.0109888888889
0.05879087	0.007088859	0.1193	0.0111
0.06034956	0.004325137	0.122022222222	0.00957777777778
0.06343521	0.004554766	0.115562222222	0.00947777777778
0.0593533	0.006827463	0.114075555556	0.0108444444444
0.05840845	0.004761786	0.1127	0.01
0.06787894	0.004263977	0.124108888889	0.0103111111111
0.07037824	0.004247722	0.124107777778	0.0103222222222
0.05803124	0.005823249	0.116333333333	0.0110666666667
0.06682508	0.008196372	0.115633333333	0.00946666666667
0.07352297	0.003423706	0.123766666667	0.00993333333333
0.07642996	0.003786202	0.123577777778	0.0106222222222
0.05613108	0.005445928	0.112451111111	0.0101888888889
0.06430623	0.004134513	0.114173333333	0.0108666666667
0.04435854	0.007455023	0.116488888889	0.00941111111111
0.06465207	0.01029344	0.124164444444	0.0102555555556
0.06709988	0.004011308	0.112413333333	0.0102666666667
0.06307061	0.004757477	0.124014444444	0.0104555555556
0.05210774	0.005279043	0.11428	0.0096
0.07117806	0.002203327	0.123555555556	0.00984444444444
0.05903535	0.005855233	0.11434	0.0109
0.06729696	0.004408506	0.124183333333	0.0101666666667
0.04985884	0.003881467	0.116322222222	0.0110777777778
0.07304054	0.005692568	0.123711111111	0.00988888888889
0.05350419	0.005326586	0.113466666667	0.00973333333333
0.05702509	0.007519905	0.122507777778	0.00962222222222
0.04893731	0.009429146	0.121834444444	0.0109555555556
0.06527042	0.004406744	0.114473333333	0.00956666666667
0.04969572	0.007102451	0.1132	0.0107
0.07209369	0.006155187	0.124204444444	0.0101555555556
0.0740072	0.007255869	0.121026666667	0.0110333333333
0.07296387	0.0038056	0.112944444444	0.00985555555556
0.05695475	0.005821684	0.113088888889	0.00981111111111
0.06835672	0.008343186	0.113944444444	0.0108555555556
0.0640651	0.007202419	0.122502222222	0.0108777777778
0.05680929	0.004865688	0.112955555556	0.00984444444444
0.0565337	0.003343323	0.1131	0.0098
0.07102703	0.006657962	0.121833333333	0.0109666666667
0.05250764	0.005354677	0.123655555556	0.0106444444444
0.06270763	0.007190172	0.122942222222	0.00967777777778
0.0621778	0.00488419	0.123377777778	0.0107222222222
0.06210589	0.005004057	0.121873333333	0.0109666666667
0.06098419	0.007415609	0.123788888889	0.0106111111111
0.04949296	0.006994235	0.122358888889	0.0109111111111
0.06822748	0.004643004	0.113177777778	0.0107222222222
0.0659436	0.005540034	0.123366666667	0.0107333333333
0.07282107	0.004849845	0.120787777778	0.00942222222222
0.0725147	0.00602085	0.117244444444	0.00935555555556
0.0691412	0.008665149	0.113122222222	0.00977777777778
0.04684435	0.004070695	0.112244444444	0.0102555555556
0.06843025	0.003812196	0.122766666667	0.00963333333333
0.06581947	0.006825219	0.119035555556	0.0111444444444
0.06941552	0.00533381	0.123453333333	0.00976666666667
0.0518605	0.009342418	0.113617777778	0.0108222222222
0.05182386	0.005722706	0.121433333333	0.00946666666667
0.07068952	0.003729085	0.112613333333	0.0105666666667
0.06721126	0.003761399	0.119115555556	0.0111444444444
0.0583493	0.005618964	0.115266666667	0.0110333333333
0.05720323	0.007747656	0.112245555556	0.0101444444444
0.06443948	0.007539499	0.114306666667	0.0109333333333
0.06947379	0.006507466	0.124084444444	0.00995555555556
0.06834947	0.00724386	0.118704444444	0.0111555555556
0.05780657	0.006559795	0.115484444444	0.0110555555556
0.0779581	0.007162279	0.112534444444	0.0105555555556
0.06583305	0.003757546	0.113655555556	0.00964444444444
0.05802459	0.004127229	0.112177777778	0.0103222222222
0.07576689	0.00703467	0.123866666667	0.0106333333333
0.07692298	0.007578008	0.115702222222	0.0110777777778
0.07157316	0.004609436	0.124371111111	0.0100888888889
0.05435818	0.006539176	0.112513333333	0.0105666666667
0.06672013	0.005961288	0.122133333333	0.0109666666667
0.05675461	0.007000812	0.11598	0.0111
0.05242564	0.003627008	0.113733333333	0.0108666666667
0.0585014	0.004516499	0.118677777778	0.00932222222222
0.06640104	0.006101273	0.116148888889	0.0111111111111
0.05372574	0.004029501	0.116885555556	0.0111444444444
0.0374847	0.004721583	0.112123333333	0.0101666666667
0.0821524	0.004332235	0.124155555556	0.00994444444444
0.05924542	0.005481539	0.113222222222	0.0107777777778
0.07173631	0.004772918	0.120303333333	0.00936666666667
0.05359641	0.008620768	0.118997777778	0.00932222222222
0.06320451	0.005674111	0.114482222222	0.0109777777778
0.06707656	0.005779704	0.112115555556	0.0101444444444
0.07950398	0.00347012	0.121455555556	0.00944444444444
0.06787276	0.003530121	0.122638888889	0.0109111111111
0.06084848	0.009949661	0.112366666667	0.0105333333333
0.06490217	0.002906606	0.112122222222	0.0103777777778
0.05978819	0.00405934	0.116655555556	0.00934444444444
0.03943841	0.006611189	0.124153333333	0.0105666666667
0.06780741	0.006811707	0.118448888889	0.00931111111111
0.07057691	0.004191194	0.124481111111	0.0103888888889
0.05635432	0.006808249	0.116336666667	0.0111333333333
0.07509929	0.002489659	0.121148888889	0.00941111111111
0.0657344	0.007308388	0.123926666667	0.00983333333333
0.05705237	0.005978781	0.116834444444	0.0111555555556
0.07774053	0.002727738	0.124564444444	0.0102555555556
0.06469129	0.004557681	0.117588888889	0.00931111111111
0.08481744	0.005386808	0.123666666667	0.0107333333333
0.06367634	0.003719467	0.124555555556	0.0103444444444
0.0638333	0.006215037	0.112377777778	0.00992222222222
0.05785079	0.00785093	0.115511111111	0.0110888888889
0.04723706	0.006093951	0.116696666667	0.00933333333333
0.0634491	0.00324192	0.11368	0.0096
0.07459159	0.003257603	0.115322222222	0.0110777777778
0.0860794	0.006251135	0.120812222222	0.00937777777778
0.06793913	0.004026273	0.115177777778	0.00942222222222
0.07265715	0.003668573	0.120444444444	0.00935555555556
0.06318767	0.004276225	0.113228888889	0.0108111111111
0.04635263	0.005582849	0.112222222222	0.00997777777778
0.07318043	0.006502183	0.112266666667	0.0105333333333
0.06352237	0.004094451	0.1244	0.0105
0.07042952	0.00308129	0.113711111111	0.00958888888889
0.08295986	0.004150464	0.11772	0.0093
0.05499198	0.004407718	0.111933333333	0.0102666666667
0.06994347	0.003872938	0.11906	0.0093
0.07689018	0.003094538	0.122911111111	0.00958888888889
0.05710961	0.004839951	0.112544444444	0.0106555555556
0.06692581	0.006451954	0.111922222222	0.0102777777778
0.06265324	0.005967807	0.122544444444	0.0109555555556
0.05744683	0.006191149	0.121111111111	0.00938888888889
0.06624084	0.009344676	0.115793333333	0.00936666666667
0.04414506	0.006165034	0.1143	0.0095
0.08271112	0.007042214	0.124622222222	0.0103777777778
0.06909821	0.004521886	0.124313333333	0.0105666666667
0.06652658	0.007033369	0.115037777778	0.00942222222222
0.06951166	0.006562666	0.123344444444	0.00965555555556
0.03642499	0.008953793	0.121448888889	0.00941111111111
0.04191882	0.005728586	0.11778	0.0112
0.0617091	0.006924428	0.124648888889	0.0101111111111
0.06620378	0.006691098	0.11188	0.0102
0.06620846	0.00334479	0.115693333333	0.00936666666667
0.06550217	0.005161115	0.1126	0.0098
0.0727426	0.004669653	0.114422222222	0.00947777777778
0.07248411	0.004507087	0.124722222222	0.0102777777778
0.06161792	0.005316934	0.112445555556	0.0106444444444
0.05328914	0.00705235	0.112342222222	0.00987777777778
0.04662583	0.00797765	0.111911111111	0.0103888888889
0.05252717	0.008782049	0.112446666667	0.00983333333333
0.06986517	0.005430517	0.120444444444	0.0111555555556
0.06555655	0.004981419	0.122755555556	0.0109444444444
0.07455739	0.004521758	0.124288888889	0.0106111111111
0.0707843	0.003625842	0.119711111111	0.0111888888889
0.06184377	0.004118775	0.1236	0.0108
0.05030298	0.006051966	0.113333333333	0.0108666666667
0.06339976	0.004598925	0.123493333333	0.00966666666667
0.06228766	0.004307143	0.11722	0.0112
0.06946825	0.003943789	0.12433	0.0106
0.06956569	0.008376638	0.122933333333	0.00956666666667
0.05608761	0.003673626	0.112282222222	0.00987777777778
0.08130169	0.006026305	0.124781111111	0.0101888888889
0.0715827	0.004523772	0.12137	0.0111
0.07104066	0.007555175	0.12368	0.0097
0.06108935	0.003721646	0.112633333333	0.00976666666667
0.0579482	0.003963277	0.119002222222	0.00927777777778
0.07280898	0.007563034	0.119511111111	0.00928888888889
0.05916536	0.00537761	0.119511111111	0.00928888888889
0.06180282	0.005985884	0.113106666667	0.0108333333333
0.06717733	0.004134882	0.117422222222	0.00927777777778
0.06524412	0.003028718	0.122144444444	0.00945555555556
0.06374055	0.006012066	0.115433333333	0.00936666666667
0.06792632	0.003990541	0.115433333333	0.00936666666667
0.07028918	0.005262394	0.113257777778	0.00962222222222
0.0649976	0.004570741	0.124822222222	0.0101777777778
0.060952	0.005278103	0.118177777778	0.0112222222222
0.06261179	0.005430804	0.115566666667	0.0111333333333
0.07520838	0.007315456	0.118633333333	0.00926666666667
0.04476377	0.005240163	0.112055555556	0.0105444444444
0.06826332	0.004396701	0.116551111111	0.0111888888889
0.07772223	0.005489596	0.12478	0.0101
0.05335002	0.005384316	0.113044444444	0.00965555555556
0.05189913	0.008479133	0.113766666667	0.00953333333333
0.05815094	0.004382347	0.11214	0.0099
0.06740712	0.003633002	0.122511111111	0.00948888888889
0.06338837	0.00651593	0.113586666667	0.0109333333333
0.06643435	0.004724681	0.112488888889	0.0107111111111
0.06380941	0.002974078	0.122783333333	0.0109666666667
0.07129115	0.005952685	0.121711111111	0.0110888888889
0.07672245	0.005178725	0.124366666667	0.0106333333333
0.05759903	0.004861552	0.124242222222	0.0106777777778
0.07015564	0.003288452	0.123555555556	0.0108444444444
0.06553548	0.005219748	0.116888888889	0.0112111111111
0.06377259	0.003919944	0.124911111111	0.0102888888889
0.06231538	0.01030562	0.119357777778	0.0112222222222
0.07005175	0.003168053	0.118844444444	0.00925555555556
0.06167874	0.004760158	0.124922222222	0.0101777777778
0.06954614	0.005931107	0.119822222222	0.00927777777778
0.06455628	0.00426652	0.123015555556	0.0109444444444
0.06403506	0.00856184	0.124906666667	0.0101333333333
0.06785132	0.003925545	0.117606666667	0.0112333333333
0.04392617	0.007552935	0.117566666667	0.0112333333333
0.06615198	0.003272921	0.124952222222	0.0102777777778
0.0720037	0.004511881	0.112535555556	0.0107444444444
0.0631747	0.005346635	0.114881111111	0.00938888888889
0.07135825	0.004253023	0.121155555556	0.00934444444444
0.06522021	0.003804915	0.116993333333	0.00926666666667
0.06089595	0.002821119	0.1132	0.0096
0.07010502	0.008144892	0.120221111111	0.00928888888889
0.0731962	0.005887601	0.115566666667	0.00933333333333
0.06647862	0.006279302	0.120231111111	0.00928888888889
0.07106385	0.002922506	0.112955555556	0.00964444444444
0.06256545	0.004107461	0.117364444444	0.00925555555556
0.06896576	0.007046208	0.117344444444	0.00925555555556
0.05409735	0.009719747	0.115908888889	0.00931111111111
0.06419795	0.00305181	0.113004444444	0.0108555555556
0.06004837	0.005246907	0.123757777778	0.0108222222222
0.06685073	0.006363128	0.124551111111	0.00988888888889
0.04022148	0.008032242	0.118455555556	0.0112444444444
0.05258812	0.002912017	0.112126666667	0.0106333333333
0.06202609	0.006651813	0.111596666667	0.0102333333333
0.05730599	0.005273319	0.112671111111	0.0107888888889
0.04696802	0.006357008	0.114562222222	0.0110777777778
0.06433899	0.004942896	0.122444444444	0.00945555555556
0.06676734	0.00442721	0.118855555556	0.00924444444444
0.0477661	0.00470521	0.116488888889	0.0112111111111
0.06009049	0.005557654	0.116773333333	0.00926666666667
0.05702349	0.006591518	0.112	0.0106
0.04374505	0.007276311	0.113455555556	0.00954444444444
0.06889563	0.008041369	0.113455555556	0.0109444444444
0.0785421	0.00619348	0.122577777778	0.0110222222222
0.06703014	0.005928855	0.119125555556	0.00924444444444
0.06432698	0.00236036	0.117435555556	0.00924444444444
0.06177996	0.003398312	0.122504444444	0.00945555555556
0.06484673	0.002579918	0.117395555556	0.0112444444444
0.06054675	0.005842342	0.115722222222	0.0111777777778
0.07040374	0.005070744	0.124904444444	0.0104555555556
0.05640984	0.004026735	0.11458	0.0094
0.06130335	0.004514254	0.1205	0.0112
0.05496425	0.006550397	0.113277777778	0.0109222222222
0.07295729	0.004464214	0.122722222222	0.00947777777778
0.05502283	0.002607641	0.124146666667	0.00973333333333
0.06465806	0.003624659	0.118734444444	0.0112555555556
0.06478002	0.005962573	0.113182222222	0.00957777777778
0.06085996	0.005295891	0.111836666667	0.00993333333333
0.07182958	0.005339679	0.121566666667	0.0111333333333
0.05076419	0.008007004	0.111742222222	0.00997777777778
0.06492989	0.005177051	0.116453333333	0.00926666666667
0.06302252	0.005997655	0.111498888889	0.0102111111111
0.06878009	0.005150814	0.124722222222	0.0105777777778
0.06606647	0.005320175	0.119044444444	0.0112555555556
0.06761216	0.005158857	0.115562222222	0.0111777777778
0.05740344	0.006917242	0.119944444444	0.00925555555556
0.06955831	0.004507708	0.121072222222	0.0111777777778
0.06496402	0.004404112	0.1209	0.0093
0.04853986	0.003746769	0.114924444444	0.00935555555556
0.07324364	0.0055184	0.121535555556	0.00934444444444
0.07799957	0.006516908	0.120287777778	0.0112222222222
0.06480436	0.004435081	0.124877777778	0.0105222222222
0.04701823	0.004205884	0.116277777778	0.0112222222222
0.06470766	0.005958062	0.113433333333	0.0109666666667
0.06234596	0.003876011	0.112633333333	0.00966666666667
0.07040091	0.004841266	0.125036666667	0.0104333333333
0.05715341	0.007053541	0.112902222222	0.0108777777778
0.05776738	0.004590552	0.112111111111	0.0106888888889
0.06205349	0.001660447	0.114288888889	0.00941111111111
0.07326484	0.004390675	0.115988888889	0.0112111111111
0.05743801	0.004609466	0.1156	0.0093
0.05701409	0.006425126	0.111433333333	0.0101666666667
0.06577779	0.003161288	0.111588888889	0.0100111111111
0.06209918	0.006472797	0.121635555556	0.0111444444444
0.06429752	0.0045426	0.116966666667	0.00923333333333
0.05710519	0.004054138	0.111488888889	0.0104111111111
0.06195531	0.005414888	0.11434	0.0094
0.073684	0.003782099	0.1209	0.0112
0.06440035	0.004643454	0.1121	0.0107
0.07457381	0.004713086	0.123866666667	0.00963333333333
0.0705253	0.00501062	0.119734444444	0.0112555555556
0.071653	0.003369503	0.118488888889	0.00921111111111
0.04731403	0.004834765	0.111392222222	0.0101777777778
0.06424592	0.004354409	0.118592222222	0.0112777777778
0.06850848	0.006628363	0.121715555556	0.00934444444444
0.06719746	0.003594658	0.111561111111	0.0104888888889
0.06510529	0.003063025	0.113175555556	0.00954444444444
0.05717003	0.005031986	0.123277777778	0.00952222222222
0.05702625	0.005805957	0.125222222222	0.0101777777778
0.06556129	0.004248028	0.124637777778	0.00982222222222
0.0647988	0.006423098	0.121755555556	0.00934444444444
0.04606313	0.005481994	0.124773333333	0.00986666666667
0.05565605	0.004644195	0.121031111111	0.00928888888889
0.05599489	0.006882848	0.123632222222	0.00957777777778
0.06018476	0.007721894	0.111357777778	0.0103222222222
0.07022861	0.003016373	0.117488888889	0.00921111111111
0.05407183	0.00869264	0.1114	0.0101
0.05896888	0.004611155	0.114795555556	0.0111444444444
0.04674123	0.004699915	0.111444444444	0.0100555555556
0.06680424	0.005244711	0.125248888889	0.0103111111111
0.0675027	0.008056178	0.12507	0.01
0.0393674	0.004199321	0.111615555556	0.00994444444444
0.05777598	0.004860796	0.111322222222	0.0102777777778
0.05568146	0.009002868	0.123475555556	0.0109444444444
0.06546899	0.005132192	0.116056666667	0.0112333333333
0.06296593	0.007180854	0.121706666667	0.00933333333333
0.06057458	0.003877834	0.118341111111	0.0112888888889
0.05070424	0.004702778	0.111344444444	0.0103555555556
0.06907784	0.005577081	0.112422222222	0.00967777777778
0.06791305	0.005364597	0.118111111111	0.0112888888889
0.08096458	0.004845815	0.125144444444	0.0104555555556
0.05913052	0.005720966	0.121855555556	0.00934444444444
0.05537056	0.007898646	0.121865555556	0.0111444444444
0.06309789	0.005739814	0.121028888889	0.0112111111111
0.04707731	0.006429304	0.113577777778	0.0110222222222
0.06190495	0.004543927	0.119011111111	0.0112888888889
0.06748486	0.006261799	0.114933333333	0.0111666666667
0.05664337	0.004914467	0.113411111111	0.00948888888889
0.05646367	0.007824638	0.114008888889	0.00941111111111
0.07443572	0.005257915	0.112417777778	0.0108222222222
0.05662676	0.004121	0.119111111111	0.0112888888889
0.0621177	0.005517236	0.114655555556	0.0111444444444
0.05276287	0.005791847	0.112144444444	0.0107555555556
0.05935805	0.002711615	0.111255555556	0.0102444444444
0.0633743	0.005818346	0.111911111111	0.0106888888889
0.07552786	0.00448772	0.12515	0.01
0.06807745	0.006252809	0.125151111111	0.0104888888889
0.06475905	0.005860896	0.124378888889	0.00971111111111
0.05787956	0.002821852	0.1133	0.0095
0.07520904	0.007931856	0.123646666667	0.0109333333333
0.06940858	0.00451273	0.125188888889	0.0100111111111
0.06218544	0.004595589	0.116246666667	0.00923333333333
0.04898049	0.006874852	0.111494444444	0.00995555555556
0.05881693	0.003721425	0.124777777778	0.00982222222222
0.06457084	0.003006346	0.1239	0.0096
0.07465614	0.007460016	0.124066666667	0.00963333333333
0.05368265	0.004932016	0.111377777778	0.0100222222222
0.06330718	0.005905228	0.125022222222	0.0105777777778
0.0664521	0.009545733	0.114327777778	0.0111222222222
0.07079122	0.00506315	0.111344444444	0.0104555555556
0.06856306	0.004587061	0.120177777778	0.00922222222222
0.04270964	0.006128065	0.124633333333	0.00976666666667
0.05789334	0.008318107	0.112772222222	0.00957777777778
0.05471034	0.003208269	0.112588888889	0.00961111111111
0.05290623	0.004747589	0.115513333333	0.00926666666667
0.06225144	0.00562209	0.111767777778	0.00982222222222
0.05661848	0.005460724	0.125322222222	0.0100777777778
0.06088728	0.003822147	0.114277777778	0.0111222222222
0.0432609	0.004565834	0.119988888889	0.00921111111111
0.06280161	0.003173377	0.114273333333	0.00936666666667
0.06781468	0.005555112	0.124544444444	0.0107555555556
0.07339444	0.007877248	0.122833333333	0.0110666666667
0.06895553	0.003967564	0.116522222222	0.0112777777778
0.05440203	0.004902707	0.120606666667	0.00923333333333
0.0559887	0.007057223	0.111284444444	0.0104555555556
0.06796275	0.005056373	0.11944	0.0113
0.06152124	0.007626468	0.115966666667	0.00923333333333
0.04145583	0.00677175	0.115228888889	0.0112111111111
0.04259198	0.003753511	0.111177777778	0.0101222222222
0.08529013	0.005287905	0.111811111111	0.00978888888889
0.05103565	0.007774427	0.111255555556	0.0104444444444
0.05122003	0.009832217	0.120875555556	0.0112444444444
0.06900507	0.002998624	0.111348888889	0.0105111111111
0.05428786	0.005939196	0.111144444444	0.0101555555556
0.06260084	0.00419666	0.124304444444	0.00965555555556
0.05085058	0.008178457	0.116302222222	0.0112777777778
0.07324895	0.007326667	0.125337777778	0.0100222222222
0.06672892	0.005842979	0.116911111111	0.00918888888889
0.04136914	0.004734187	0.112953333333	0.0109666666667
0.06635783	0.004586856	0.117258888889	0.0113111111111
0.07435629	0.008195597	0.125026666667	0.0106333333333
0.07085185	0.002042445	0.111533333333	0.00986666666667
0.06838825	0.006387717	0.118717777778	0.0113222222222
0.05483363	0.006044785	0.111711111111	0.0106888888889
0.06658339	0.01063593	0.118837777778	0.0113222222222
0.06788833	0.006535313	0.123988888889	0.0109111111111
0.0457377	0.007592914	0.113051111111	0.0109888888889
0.05919164	0.007503095	0.122811111111	0.0110888888889
0.04847854	0.003345777	0.11638	0.0092
