root_height	pop_size	pi_net	pi_within
0.03565415	0.01036898	0.0846755555556	0.0276444444444
0.04973987	0.01375065	0.0857966666667	0.0277333333333
0.03267805	0.01070644	0.08519	0.0276
0.04753416	0.007669396	0.0858866666667	0.0276333333333
0.05497978	0.01506977	0.0853855555556	0.0281444444444
0.05819491	0.006558071	0.0847722222222	0.0281777777778
0.04471941	0.007384668	0.0835333333333	0.0281666666667
0.04855379	0.006436238	0.08444	0.0282
0.05359229	0.006226944	0.08531	0.0282
0.04551047	0.009605602	0.0819088888889	0.0278111111111
0.06125364	0.01517821	0.0823288888889	0.0276111111111
0.05558894	0.009546994	0.0870833333333	0.0280666666667
0.05836909	0.007022456	0.0820088888889	0.0281111111111
0.04746879	0.01416271	0.0879266666667	0.0278333333333
0.05745301	0.006646721	0.0824255555556	0.0274444444444
0.05965681	0.007849494	0.0879633333333	0.0278666666667
0.05844767	0.009911438	0.0857933333333	0.0273666666667
0.05443468	0.008769886	0.0823666666667	0.0274333333333
0.07076184	0.009471518	0.0882688888889	0.0279111111111
0.05739768	0.007074264	0.0883788888889	0.0278111111111
0.05121249	0.009291177	0.0884488888889	0.0277111111111
0.04458806	0.01087103	0.08624	0.0284
0.05481211	0.007525733	0.0807988888889	0.0281111111111
0.05220941	0.01400813	0.0867322222222	0.0283777777778
0.04374023	0.01451793	0.0817877777778	0.0283222222222
0.0664729	0.007794116	0.0826433333333	0.0272666666667
0.0411423	0.006221544	0.08132	0.0274
0.05822469	0.006703223	0.0844577777778	0.0285222222222
0.05639704	0.009736434	0.0799111111111	0.0278888888889
0.04542893	0.008837016	0.0861711111111	0.0271888888889
0.05350274	0.009907313	0.0880377777778	0.0283222222222
0.04291381	0.01344307	0.0800722222222	0.0275777777778
0.05907255	0.009720578	0.0894555555556	0.0277444444444
0.05250852	0.01379552	0.0815888888889	0.0272111111111
0.04090379	0.01201568	0.0877822222222	0.0284777777778
0.03412706	0.008525073	0.0830288888889	0.0286111111111
0.04130141	0.006929827	0.0796755555556	0.0282444444444
0.05201784	0.01135242	0.0878833333333	0.0271666666667
0.04847891	0.007669088	0.0793711111111	0.0274888888889
0.05437766	0.004933976	0.0800722222222	0.0283777777778
0.05220427	0.007081019	0.0810433333333	0.0271666666667
0.05418581	0.007032377	0.0885544444444	0.0284555555556
0.0576765	0.009372628	0.0882188888889	0.0285111111111
0.06240801	0.01029497	0.07941	0.0274
0.06224334	0.01271891	0.0829622222222	0.0269777777778
0.05482651	0.005276245	0.0846044444444	0.0287555555556
0.04012919	0.01761458	0.0874655555556	0.0270444444444
0.05009572	0.00792059	0.08084	0.0271
0.05211102	0.014222	0.0784888888889	0.0276111111111
0.04238884	0.01620015	0.09003	0.0283
0.04766228	0.01064631	0.0884888888889	0.0271111111111
0.04880847	0.007350924	0.0872511111111	0.0269888888889
0.06560187	0.01229708	0.08484	0.0288
0.04353208	0.006983493	0.0905588888889	0.0275111111111
0.02499273	0.01404157	0.0848722222222	0.0268777777778
0.05512629	0.00975671	0.0859811111111	0.0287888888889
0.04841069	0.01427436	0.0781266666667	0.0276333333333
0.05119093	0.01397846	0.0817966666667	0.0269333333333
0.05292316	0.006546769	0.0911622222222	0.0276777777778
0.05277506	0.01003423	0.0784977777778	0.0283222222222
0.05521886	0.00894867	0.0902355555556	0.0284444444444
0.04539151	0.007876665	0.0857622222222	0.0288777777778
0.04843035	0.01092545	0.0810777777778	0.0269222222222
0.05845334	0.006228896	0.0874077777778	0.0288222222222
0.03024015	0.01132862	0.0826988888889	0.0268111111111
0.04612528	0.009039082	0.0779666666667	0.0273333333333
0.05786783	0.007191308	0.0863266666667	0.0289333333333
0.05096819	0.00749049	0.0907611111111	0.0284888888889
0.06256357	0.006852748	0.0901422222222	0.0270777777778
0.05586727	0.007259304	0.0770622222222	0.0280777777778
0.04774554	0.009499367	0.0791044444444	0.0286555555556
0.0479394	0.007650103	0.0853511111111	0.0289888888889
0.05023458	0.005732676	0.0808266666667	0.0268333333333
0.04483826	0.01572718	0.08898	0.0269
0.04370352	0.007772072	0.0804755555556	0.0288444444444
0.05719565	0.00787134	0.08294	0.029
0.04953461	0.01234908	0.0879622222222	0.0267777777778
0.04491751	0.01811992	0.0802955555556	0.0268444444444
0.04994724	0.004673646	0.0765822222222	0.0277777777778
0.06005544	0.01308383	0.0898366666667	0.0287333333333
0.04636983	0.01016727	0.0808411111111	0.0267888888889
0.0652067	0.01311017	0.0917077777778	0.0273222222222
0.05656974	0.007861826	0.0844955555556	0.0266444444444
0.04799458	0.007418432	0.0845955555556	0.0266444444444
0.03929672	0.00881173	0.0807111111111	0.0267888888889
0.05595575	0.01322271	0.0911255555556	0.0285444444444
0.05904182	0.007974552	0.0890844444444	0.0288555555556
0.05355505	0.01372813	0.0872111111111	0.0266888888889
0.05013394	0.01467785	0.08169	0.029
0.04593242	0.008975522	0.0927722222222	0.0277777777778
0.07248494	0.0106753	0.0893333333333	0.0288666666667
0.05694467	0.009669988	0.0923133333333	0.0273666666667
0.06394679	0.009309841	0.0928822222222	0.0276777777778
0.05813046	0.007907741	0.0895177777778	0.0268222222222
0.05811887	0.009856228	0.0929166666667	0.0276333333333
0.06151831	0.01347155	0.0928611111111	0.0275888888889
0.04217766	0.01752128	0.0880822222222	0.0266777777778
0.04900687	0.006125884	0.0776522222222	0.0270777777778
0.05942455	0.01036458	0.0863011111111	0.0265888888889
0.05991776	0.007436829	0.0768855555556	0.0284444444444
0.05117452	0.008792263	0.0808466666667	0.0290333333333
0.05257926	0.01393907	0.0803722222222	0.0266777777778
0.05027248	0.006997769	0.0757555555556	0.0280444444444
0.05145308	0.01593603	0.0802988888889	0.0290111111111
0.03518769	0.009289977	0.0908688888889	0.0269111111111
0.04645831	0.008850901	0.0767611111111	0.0271888888889
0.05552901	0.01224249	0.0779155555556	0.0287444444444
0.05380353	0.005105112	0.0909788888889	0.0269111111111
0.05417752	0.006929858	0.0826266666667	0.0265333333333
0.03189523	0.0142146	0.0914144444444	0.0287555555556
0.06319535	0.005983777	0.09345	0.0282
0.05076242	0.00748326	0.08071	0.0291
0.04607778	0.006640313	0.0794888888889	0.0290111111111
0.05942796	0.008301223	0.0775533333333	0.0287666666667
0.03931697	0.009675218	0.0768655555556	0.0270444444444
0.04896299	0.010627	0.0751777777778	0.0278222222222
0.05204432	0.006666598	0.0822111111111	0.0264888888889
0.05287865	0.009727464	0.0752266666667	0.0280333333333
0.05783499	0.00729544	0.0905577777778	0.0289222222222
0.03598466	0.005537077	0.0834355555556	0.0292444444444
0.06118023	0.005674262	0.0940944444444	0.0278555555556
0.05466709	0.01619636	0.0867844444444	0.0264555555556
0.03237056	0.008250576	0.08915	0.0291
0.05703125	0.00751031	0.0780922222222	0.0267777777778
0.06255638	0.01413347	0.0901822222222	0.0266777777778
0.04585623	0.008250056	0.0914955555556	0.0288444444444
0.03575755	0.01777088	0.0920955555556	0.0287444444444
0.06210399	0.01309196	0.0942144444444	0.0278555555556
0.05818384	0.01311236	0.0921555555556	0.0269444444444
0.04340588	0.01179313	0.0748444444444	0.0279555555556
0.0565302	0.008157078	0.0939488888889	0.0282111111111
0.06247487	0.008935948	0.0919511111111	0.0268888888889
0.03864616	0.01324952	0.0940322222222	0.0274777777778
0.06044545	0.01572828	0.0917155555556	0.0288444444444
0.05898703	0.008513745	0.09251	0.0287
0.05015477	0.0105336	0.0921422222222	0.0268777777778
0.04788742	0.01490077	0.0887311111111	0.0264888888889
0.05045565	0.009559351	0.0943677777778	0.0281222222222
0.05385065	0.009629617	0.0810977777778	0.0264222222222
0.05759688	0.01170795	0.0824244444444	0.0263555555556
0.06474906	0.006889861	0.0935666666667	0.0271333333333
0.05478035	0.01228449	0.0902422222222	0.0265777777778
0.04922733	0.009627229	0.0758666666667	0.0270333333333
0.04218008	0.005940506	0.0898966666667	0.0265333333333
0.05529068	0.009140591	0.0743088888889	0.0276111111111
0.0528531	0.006874596	0.0743533333333	0.0275666666667
0.06094182	0.01322379	0.0944311111111	0.0273888888889
0.04904663	0.01601789	0.0767811111111	0.0288888888889
0.0689462	0.006948864	0.0870133333333	0.0293666666667
0.05620012	0.01081018	0.07743	0.029
0.04699628	0.007599238	0.0770988888889	0.0267111111111
0.06028504	0.008831246	0.0937555555556	0.0270444444444
0.04783727	0.01097042	0.0949422222222	0.0274777777778
0.04973072	0.005873715	0.0835555555556	0.0262444444444
0.0527618	0.01260466	0.0847966666667	0.0262333333333
0.04904352	0.006614361	0.0790266666667	0.0292333333333
0.06546596	0.01466982	0.09515	0.0275
0.04628038	0.01339833	0.0926144444444	0.0267555555556
0.04337794	0.005459445	0.0744622222222	0.0284777777778
0.06172669	0.006900716	0.0950266666667	0.0273333333333
0.04564534	0.008727945	0.0848711111111	0.0261888888889
0.05506782	0.01002325	0.0862	0.0262
0.04914224	0.007027813	0.0828911111111	0.0261888888889
0.05716871	0.008392565	0.0792633333333	0.0263666666667
0.04551818	0.009096048	0.0737311111111	0.0273888888889
0.04860022	0.01195313	0.0845133333333	0.0261666666667
0.03238872	0.01077352	0.0744188888889	0.0271111111111
0.03796831	0.01431762	0.0861488888889	0.0295111111111
0.04757723	0.008937757	0.0737933333333	0.0283666666667
0.04999454	0.007399997	0.0860733333333	0.0261666666667
0.05403515	0.007081943	0.0754777777778	0.0268222222222
0.04384995	0.008677851	0.0886066666667	0.0294333333333
0.06445489	0.007407656	0.0959122222222	0.0279777777778
0.05714638	0.01015904	0.0952666666667	0.0284333333333
0.05838716	0.01118456	0.0916111111111	0.0264888888889
0.0455418	0.01285433	0.0766522222222	0.0265777777778
0.03779362	0.01275964	0.0777666666667	0.0264333333333
0.05803006	0.01268422	0.0941377777778	0.0288222222222
0.05266611	0.008928474	0.08832	0.0262
0.03861448	0.006627405	0.0753288888889	0.0289111111111
0.05380337	0.01326188	0.0822944444444	0.0295555555556
0.06106298	0.005500921	0.0886111111111	0.0294888888889
0.03974397	0.01002686	0.0732855555556	0.0273444444444
0.04212443	0.01229846	0.0931455555556	0.0266444444444
0.04550981	0.01368446	0.0943433333333	0.0268666666667
0.03907251	0.008387267	0.0904777777778	0.0263222222222
0.04224021	0.01565031	0.0791322222222	0.0262777777778
0.05492177	0.009332795	0.0794855555556	0.0262444444444
0.04141764	0.01294872	0.0747455555556	0.0288444444444
0.06756288	0.01118027	0.09301	0.0266
0.04855916	0.006296654	0.0744811111111	0.0268888888889
0.04277119	0.009244631	0.0789533333333	0.0262666666667
0.0560816	0.01462452	0.07269	0.0281
0.03676105	0.01419648	0.0803433333333	0.0261666666667
0.05025359	0.008154263	0.0933222222222	0.0290777777778
0.05927141	0.009756889	0.0799422222222	0.0261777777778
0.05287058	0.007043525	0.0927333333333	0.0291666666667
0.05265153	0.005747963	0.0743877777778	0.0288222222222
0.04152018	0.01032129	0.07303	0.0284
0.03949658	0.009599216	0.0858444444444	0.0296555555556
0.05491038	0.007961764	0.0799755555556	0.0261444444444
0.01989383	0.01259067	0.0759566666667	0.0265333333333
0.04958589	0.006269331	0.0766966666667	0.0264333333333
0.06143845	0.005180521	0.0835888888889	0.0260111111111
0.05679968	0.006438488	0.0837711111111	0.0296888888889
0.04791577	0.01053463	0.0902	0.0262
0.06267608	0.01062066	0.0949655555556	0.0268444444444
0.05554878	0.007973873	0.0909444444444	0.0262555555556
0.03478116	0.008662209	0.0941144444444	0.0266555555556
0.03505268	0.00652629	0.0744977777778	0.0267222222222
0.04817406	0.01334826	0.0779555555556	0.0294444444444
0.05491302	0.007452476	0.0924222222222	0.0263777777778
0.04220342	0.009849675	0.08184	0.026
0.05732284	0.009500793	0.0866433333333	0.0259666666667
0.0366099	0.009184383	0.0729844444444	0.0286555555556
0.05952439	0.007605593	0.0957677777778	0.0269222222222
0.04760684	0.005976708	0.0756033333333	0.0264666666667
0.05296399	0.01004054	0.0946444444444	0.0266555555556
0.04802988	0.005728013	0.0741388888889	0.0267111111111
0.04862568	0.01294951	0.0841133333333	0.0297666666667
0.05632261	0.01145394	0.0771577777778	0.0294222222222
0.04647113	0.007500649	0.0734566666667	0.0288333333333
0.04157534	0.01140218	0.0890866666667	0.0260333333333
0.07506086	0.005025831	0.0886788888889	0.0260111111111
0.03011445	0.01575646	0.0756366666667	0.0264333333333
0.0547289	0.009288616	0.0833222222222	0.0297777777778
0.05400141	0.01461164	0.08415	0.0259
0.04105397	0.00812193	0.0923422222222	0.0262777777778
0.05600515	0.006482103	0.0818377777778	0.0259222222222
0.05600991	0.007773799	0.0832111111111	0.0258888888889
0.0401661	0.007836588	0.0724944444444	0.0286555555556
0.06848987	0.007413077	0.0975844444444	0.0281555555556
0.05320137	0.01261792	0.0791677777778	0.0260222222222
0.0527504	0.009355298	0.0725966666667	0.0269333333333
0.06318709	0.00465553	0.0961866666667	0.0268333333333
0.04870401	0.01031955	0.0969355555556	0.0270444444444
0.04223428	0.01185542	0.0717211111111	0.0284888888889
0.04938466	0.008012816	0.0736555555556	0.0266444444444
0.04797872	0.01467727	0.0712066666667	0.0282333333333
0.04556244	0.008181111	0.0793533333333	0.0259666666667
0.05579317	0.00608013	0.0978611111111	0.0273888888889
0.0555093	0.01336188	0.0780055555556	0.0296444444444
0.05835317	0.009368493	0.08368	0.0258
0.05784082	0.008199246	0.0823177777778	0.0258222222222
0.04933856	0.01661794	0.0971233333333	0.0286666666667
0.03434407	0.006636953	0.0848111111111	0.0257888888889
0.05952762	0.01029106	0.0707355555556	0.0277444444444
0.05213696	0.01072882	0.0744433333333	0.0292666666667
0.05298853	0.008840168	0.0773477777778	0.0296222222222
0.05963418	0.006887744	0.09775	0.0272
0.05020425	0.005808951	0.0706611111111	0.0279888888889
0.05407021	0.009342849	0.0758377777778	0.0262222222222
0.04757366	0.01454466	0.0853033333333	0.0257666666667
0.04195889	0.009044183	0.0727533333333	0.0289666666667
0.04817806	0.006967778	0.0718966666667	0.0269333333333
0.04295805	0.008447701	0.0707022222222	0.0274777777778
0.05805646	0.007792282	0.0916444444444	0.0296555555556
0.04107869	0.01281569	0.0845955555556	0.0257444444444
0.06347442	0.009320125	0.0768011111111	0.0260888888889
0.05092492	0.007856831	0.0817822222222	0.0257777777778
0.05379896	0.01282062	0.0704333333333	0.0277666666667
0.05809172	0.009277951	0.0985688888889	0.0276111111111
0.05237476	0.008375045	0.0739933333333	0.0292666666667
0.05665745	0.007389931	0.0946644444444	0.0263555555556
0.04297147	0.008550265	0.0784677777778	0.0259222222222
0.05234962	0.00760188	0.0728366666667	0.0266333333333
0.03787807	0.009213403	0.07026	0.0278
0.04498958	0.009161524	0.0965711111111	0.0266888888889
0.04229874	0.004187249	0.0775522222222	0.0259777777778
0.03967808	0.005676234	0.0981333333333	0.0271666666667
0.05280418	0.008685361	0.0849	0.0257
0.06337556	0.009734973	0.09743	0.0288
0.05288512	0.008052527	0.09875	0.0282
0.05330195	0.007577403	0.08471	0.03
0.0396876	0.00590453	0.0810155555556	0.0257444444444
0.05273143	0.01027513	0.0706911111111	0.0284888888889
0.04964505	0.00807604	0.0763444444444	0.0260555555556
0.06457489	0.006409634	0.0950155555556	0.0263444444444
0.04575634	0.006506752	0.0806266666667	0.0299333333333
0.05101224	0.0091273	0.08226	0.0257
0.06125579	0.01184269	0.0890522222222	0.0257777777778
0.03875667	0.009348884	0.0716244444444	0.0288555555556
0.05917152	0.006287317	0.0964222222222	0.0265777777778
0.05534461	0.007654221	0.0971755555556	0.0267444444444
0.0432742	0.007486803	0.09913	0.028
0.02202311	0.009622619	0.0700688888889	0.0275111111111
0.05300176	0.007067762	0.0862577777778	0.0300222222222
0.04568138	0.01256385	0.0822588888889	0.0300111111111
0.03249719	0.006913685	0.0914822222222	0.0297777777778
0.05303038	0.00523261	0.0745366666667	0.0262333333333
0.07023269	0.008583216	0.0988977777778	0.0283222222222
0.05876546	0.005783774	0.0983611111111	0.0270888888889
0.0525239	0.0107833	0.0932077777778	0.0296222222222
0.0399928	0.008845825	0.0715511111111	0.0288888888889
0.05560481	0.005985033	0.0942811111111	0.0261888888889
0.05770266	0.01441541	0.0946955555556	0.0262444444444
0.05237081	0.009254199	0.0710144444444	0.0269555555556
0.04204892	0.009562835	0.0726988888889	0.0265111111111
0.03627236	0.01729952	0.0699733333333	0.0282666666667
0.03752697	0.007658063	0.0966577777778	0.0291222222222
0.08212983	0.005067404	0.0922355555556	0.0259444444444
0.06107496	0.009685249	0.0969188888889	0.0266111111111
0.04178825	0.009145653	0.0767255555556	0.0259444444444
0.05578535	0.007698375	0.0721811111111	0.0265888888889
0.03926173	0.009606195	0.0815844444444	0.0256555555556
0.04134608	0.008385839	0.0734355555556	0.0293444444444
0.03162607	0.01199066	0.0704777777778	0.0286222222222
0.03570573	0.008980228	0.0820544444444	0.0300555555556
0.05717222	0.008072954	0.0972755555556	0.0266444444444
0.03596256	0.006104327	0.0697322222222	0.0282777777778
0.06115937	0.005828016	0.0693888888889	0.0279111111111
0.0429727	0.008391432	0.0772566666667	0.0298333333333
0.04269234	0.01614453	0.0717988888889	0.0266111111111
0.05410696	0.008915618	0.0693566666667	0.0280333333333
0.0438427	0.004957926	0.0807366666667	0.0256333333333
0.04272537	0.007441483	0.0719655555556	0.0265444444444
0.04024384	0.009452299	0.0692422222222	0.0277777777778
0.04274653	0.01595115	0.0805444444444	0.0300555555556
0.03262531	0.01517738	0.0768033333333	0.0258666666667
0.05345979	0.009701579	0.0691888888889	0.0281111111111
0.05247595	0.01161623	0.0984755555556	0.0268444444444
0.04329823	0.006497495	0.0690888888889	0.0277111111111
0.02242618	0.01531605	0.0728733333333	0.0293666666667
0.05975364	0.006752755	0.0946222222222	0.0260777777778
0.04694988	0.006967073	0.0689422222222	0.0278777777778
0.04542702	0.008806448	0.0710033333333	0.0266666666667
0.06239999	0.01649386	0.0925866666667	0.0258333333333
0.04763002	0.006865886	0.0794177777778	0.0256222222222
0.05981628	0.009445473	0.0806433333333	0.0255666666667
0.05109528	0.01290693	0.0756911111111	0.0258888888889
0.04877213	0.00636544	0.0714822222222	0.0291777777778
0.05907196	0.007878014	0.100358888889	0.0279111111111
0.07364438	0.01079758	0.100374444444	0.0277555555556
0.04938292	0.005616391	0.0713266666667	0.0265333333333
0.05735539	0.01259887	0.100166666667	0.0274333333333
0.03762519	0.01228003	0.0758266666667	0.0298333333333
0.05659666	0.006228126	0.0942933333333	0.0259666666667
0.05939761	0.008561279	0.0993244444444	0.0269555555556
0.0439948	0.0179171	0.0918333333333	0.0299666666667
0.0400675	0.0104472	0.0943166666667	0.0297333333333
0.04297211	0.01417291	0.0686322222222	0.0275777777778
0.05867439	0.009773864	0.0756366666667	0.0298333333333
0.0441436	0.00778887	0.0700822222222	0.0288777777778
0.05705883	0.009319545	0.0847555555556	0.0254444444444
0.05619368	0.008079167	0.0909955555556	0.0256444444444
0.04385593	0.00667899	0.0782266666667	0.0256333333333
0.0451978	0.008948023	0.0686444444444	0.0274555555556
0.03139878	0.008552252	0.0704422222222	0.0266777777778
0.05252101	0.007129683	0.0740288888889	0.0260111111111
0.05152457	0.007362237	0.0910266666667	0.0256333333333
0.05278644	0.01169022	0.0982477777778	0.0291222222222
0.04566028	0.01459101	0.0731266666667	0.0261333333333
0.06020692	0.006422872	0.0970722222222	0.0293777777778
0.06311438	0.006771649	0.0962333333333	0.0261666666667
0.05298303	0.009909311	0.100742222222	0.0279777777778
0.05015116	0.007029243	0.0777766666667	0.0256333333333
0.05589588	0.007702515	0.0906211111111	0.0255888888889
0.06800354	0.01306361	0.0983444444444	0.0265555555556
0.05692623	0.006107042	0.0847888888889	0.0254111111111
0.06275572	0.007071293	0.0989933333333	0.0289666666667
0.04274616	0.01024023	0.0687988888889	0.0272111111111
0.05173418	0.008647839	0.0896077777778	0.0255222222222
0.06489088	0.009905836	0.0987855555556	0.0266444444444
0.07397389	0.009105205	0.100868888889	0.0277111111111
0.04597825	0.008916126	0.0682988888889	0.0275111111111
0.05510118	0.008458691	0.0802422222222	0.0254777777778
0.0462957	0.01323413	0.0706777777778	0.0265222222222
0.03316672	0.01257229	0.0813566666667	0.0254333333333
0.03835253	0.0105063	0.0758266666667	0.0299333333333
0.05942707	0.01399636	0.0949666666667	0.0259333333333
0.07067504	0.01301493	0.100376666667	0.0271333333333
0.03593605	0.009012228	0.0765422222222	0.0256777777778
0.0456054	0.005796712	0.0681066666667	0.0282333333333
0.0518873	0.008479276	0.0941522222222	0.0298777777778
0.05716123	0.01006648	0.0727422222222	0.0260777777778
0.04207106	0.01236179	0.0764544444444	0.0256555555556
0.05548282	0.00633405	0.0798155555556	0.0302444444444
0.02645735	0.007527944	0.0679777777778	0.0282222222222
0.0471071	0.00708666	0.0725711111111	0.0260888888889
0.04938532	0.007733118	0.0813822222222	0.0253777777778
0.05857169	0.009712607	0.0967122222222	0.0295777777778
0.04363758	0.005732717	0.0697555555556	0.0266444444444
0.03945173	0.005418606	0.0701766666667	0.0265333333333
0.07881651	0.009068814	0.100747777778	0.0285222222222
0.04508941	0.01237782	0.0820544444444	0.0253555555556
0.05902993	0.009646525	0.0950822222222	0.0258777777778
0.03674649	0.0183258	0.0691811111111	0.0288888888889
0.04319921	0.01467489	0.0711322222222	0.0293777777778
0.04557611	0.005866658	0.0841977777778	0.0253222222222
0.05181889	0.008264787	0.0978411111111	0.0262888888889
0.05512337	0.007332379	0.0997844444444	0.0267555555556
0.06000917	0.006043037	0.0794866666667	0.0254333333333
0.06101407	0.006840163	0.0871555555556	0.0303444444444
0.06038849	0.008003764	0.101435555556	0.0280444444444
0.03224408	0.008366923	0.0698388888889	0.0291111111111
0.03818645	0.007041397	0.100887777778	0.0285222222222
0.0519693	0.0068975	0.0961211111111	0.0259888888889
0.05645329	0.007896514	0.0998455555556	0.0267444444444
0.04168395	0.006649682	0.0912288888889	0.0255111111111
0.06115393	0.00761254	0.0999911111111	0.0267888888889
0.05470457	0.007381887	0.0685288888889	0.0287111111111
0.05791508	0.006327594	0.0788055555556	0.0254444444444
0.05599318	0.0158671	0.0787855555556	0.0254444444444
0.06733986	0.007868151	0.0967244444444	0.0260555555556
0.07664087	0.006046268	0.100891111111	0.0270888888889
0.06411101	0.01057532	0.08651	0.0253
0.05003003	0.008051869	0.10142	0.0274
0.05448063	0.009585719	0.0676777777778	0.0283222222222
0.04393477	0.01231855	0.0859611111111	0.0252888888889
0.05922786	0.006804568	0.100538888889	0.0269111111111
0.04785846	0.01475117	0.0777822222222	0.0254777777778
0.03612424	0.0139119	0.0751311111111	0.0256888888889
0.03805857	0.01245594	0.0673155555556	0.0279444444444
0.06587327	0.01334438	0.0955977777778	0.0298222222222
0.05313506	0.007607494	0.0881577777778	0.0253222222222
0.05617969	0.01309873	0.0783744444444	0.0302555555556
0.04882816	0.01614169	0.0948033333333	0.0257666666667
0.06554766	0.01456512	0.0772511111111	0.0301888888889
0.04356637	0.007732709	0.0689044444444	0.0289555555556
0.05850039	0.008815866	0.0686488888889	0.0268111111111
0.05484551	0.005870864	0.0894444444444	0.0253555555556
0.05796922	0.008543812	0.0814311111111	0.0252888888889
0.04800747	0.01346709	0.06833	0.0269
0.05767022	0.008415859	0.0878711111111	0.0252888888889
0.04225436	0.01294044	0.0670911111111	0.0277888888889
0.05352802	0.01034487	0.101512222222	0.0271777777778
0.06536674	0.00788387	0.100155555556	0.0266444444444
0.04214595	0.007286243	0.06989	0.0293
0.04294056	0.006075602	0.0669233333333	0.0278666666667
0.05019069	0.01083964	0.0898344444444	0.0303555555556
0.05943198	0.009638707	0.0894088888889	0.0253111111111
0.05305535	0.01236552	0.0825577777778	0.0252222222222
0.0311673	0.01318467	0.0672388888889	0.0273111111111
0.03769537	0.007412885	0.0668422222222	0.0278777777778
0.07084116	0.006479921	0.100015555556	0.0291444444444
0.04355445	0.009666133	0.0797111111111	0.0252888888889
0.05133843	0.009063556	0.0842011111111	0.0251888888889
0.05159264	0.01008444	0.0862	0.0252
0.05604971	0.007695553	0.0794	0.0253
0.06484203	0.006782749	0.101881111111	0.0284888888889
0.04668586	0.01260877	0.0684111111111	0.0266888888889
0.04155046	0.01550589	0.0684322222222	0.0266777777778
0.0600054	0.01237694	0.0932922222222	0.0301777777778
0.06954528	0.00717684	0.0976477777778	0.0260222222222
0.06583615	0.01227821	0.0860388888889	0.0305111111111
0.05236375	0.008590669	0.0935644444444	0.0301555555556
0.06643769	0.008288188	0.100772222222	0.0289777777778
0.04109581	0.009205088	0.06666	0.0276
0.04504217	0.007123094	0.0901	0.0304
0.03616598	0.01328021	0.0678877777778	0.0268222222222
0.05654938	0.007616663	0.0805177777778	0.0252222222222
0.05332195	0.01190109	0.100428888889	0.0291111111111
0.05751443	0.007633744	0.0972366666667	0.0259333333333
0.05305902	0.01700878	0.0904311111111	0.0252888888889
0.04059824	0.008912817	0.0685022222222	0.0265777777778
0.06098958	0.006837319	0.0839666666667	0.0251333333333
0.02909387	0.0132325	0.0934188888889	0.0302111111111
0.03879869	0.009928324	0.100691111111	0.0290888888889
0.07246207	0.008409982	0.102222222222	0.0284777777778
0.05923413	0.0106479	0.0772066666667	0.0303333333333
0.04203228	0.007666732	0.0754411111111	0.0254888888889
0.0520725	0.008552732	0.0964511111111	0.0257888888889
0.05025238	0.01288272	0.0847477777778	0.0251222222222
0.06148281	0.01412558	0.101361111111	0.0288888888889
0.05538231	0.0120199	0.0785133333333	0.0252666666667
0.04153184	0.008263711	0.0752311111111	0.0254888888889
0.04179245	0.00534478	0.0719644444444	0.0258555555556
0.05463571	0.004687672	0.0952177777778	0.0256222222222
0.05413784	0.008480506	0.0666688888889	0.0272111111111
0.04217271	0.009348255	0.0766133333333	0.0253666666667
0.04439666	0.007478582	0.0836611111111	0.0305888888889
0.04284574	0.01271707	0.0697422222222	0.0294777777778
0.04636035	0.007508186	0.0683244444444	0.0291555555556
0.05869495	0.005096862	0.0838211111111	0.0250888888889
0.04613126	0.00524077	0.0819588888889	0.0251111111111
0.05507353	0.01073953	0.100322222222	0.0292777777778
0.04190622	0.00609431	0.0723633333333	0.0257666666667
0.04891466	0.009938062	0.06766	0.0267
0.05599443	0.007582879	0.102868888889	0.0274111111111
0.04566732	0.008470441	0.0687944444444	0.0263555555556
0.05650026	0.006361147	0.0885277777778	0.0251222222222
0.03761947	0.01210891	0.0666133333333	0.0270666666667
0.04511304	0.006807042	0.0700311111111	0.0260888888889
0.04457766	0.00938932	0.0874411111111	0.0250888888889
0.05525207	0.007880546	0.0821222222222	0.0250777777778
0.0598359	0.009335377	0.0834366666667	0.0306333333333
0.05402571	0.009164165	0.102493333333	0.0270666666667
0.04788495	0.005604164	0.0813311111111	0.0250888888889
0.046054	0.01007209	0.0802233333333	0.0305666666667
0.06391916	0.009879797	0.1019	0.0289
0.05581695	0.01347513	0.0695266666667	0.0295333333333
0.06314383	0.01369366	0.101681111111	0.0266888888889
0.03820005	0.0115217	0.0690255555556	0.0262444444444
0.04975809	0.01023017	0.0912888888889	0.0252111111111
0.04424237	0.01462521	0.0921344444444	0.0252555555556
0.05239627	0.01013805	0.0758166666667	0.0253333333333
0.06759194	0.01094687	0.0908822222222	0.0251777777778
0.05017167	0.007568317	0.06562	0.028
0.06456804	0.008020399	0.0969411111111	0.0299888888889
0.04133758	0.008798399	0.0675833333333	0.0265666666667
0.03957128	0.008688282	0.0719233333333	0.0299666666667
0.05706297	0.01020777	0.103333333333	0.0282666666667
0.05328909	0.007714117	0.0897888888889	0.0251111111111
0.04107419	0.01545393	0.0914611111111	0.0251888888889
0.04994577	0.01044263	0.0799422222222	0.0250777777778
0.04266938	0.005963671	0.0682444444444	0.0263555555556
0.05340351	0.008830689	0.0979688888889	0.0258111111111
0.06314258	0.01071248	0.102768888889	0.0287111111111
0.05804095	0.009052173	0.0967955555556	0.0256444444444
0.03702588	0.01122339	0.0725288888889	0.0256111111111
0.05109866	0.01343933	0.0795422222222	0.0250777777778
0.06918227	0.00545799	0.0970033333333	0.0256666666667
0.0346621	0.008427572	0.0900911111111	0.0305888888889
0.04586343	0.006824976	0.0853522222222	0.0249777777778
0.03468977	0.009160935	0.0658944444444	0.0271555555556
0.04652697	0.0103157	0.0802855555556	0.0250444444444
0.03843691	0.008500431	0.0720944444444	0.0256555555556
0.05057354	0.009537187	0.0866611111111	0.0249888888889
0.0394628	0.009072809	0.0702788888889	0.0259111111111
0.06735086	0.008037904	0.103077777778	0.0286222222222
0.03918262	0.006742826	0.0669533333333	0.0266666666667
0.0565895	0.008515733	0.0751033333333	0.0303666666667
0.04586125	0.00559907	0.0679444444444	0.0263555555556
0.05402729	0.006169988	0.0966377777778	0.0301222222222
0.0498901	0.01044127	0.0704644444444	0.0298555555556
0.06976043	0.01620631	0.10182	0.0265
0.0630463	0.009545129	0.0869155555556	0.0307444444444
0.04721828	0.01517755	0.0650766666667	0.0275333333333
0.04452483	0.008252271	0.0651588888889	0.0274111111111
0.05230435	0.006675559	0.0784844444444	0.0250555555556
0.06104876	0.0123542	0.0879044444444	0.0249555555556
0.05266661	0.006651744	0.0825177777778	0.0249222222222
0.05808912	0.00629224	0.0865688888889	0.0249111111111
0.04101642	0.007619636	0.0700255555556	0.0258444444444
0.07490831	0.008941595	0.101792222222	0.0292777777778
0.05804767	0.01153911	0.0995677777778	0.0259222222222
0.04953766	0.005507801	0.0688355555556	0.0260444444444
0.04445399	0.008578169	0.0723711111111	0.0301888888889
0.03431851	0.01341308	0.0704344444444	0.0257555555556
0.04364872	0.005776699	0.0654422222222	0.0286777777778
0.06419362	0.01394148	0.09032	0.025
0.05214578	0.00855269	0.0784688888889	0.0250111111111
0.04053429	0.008958618	0.0956822222222	0.0253777777778
0.04622358	0.01087522	0.07428	0.0304
0.04689235	0.007405419	0.06614	0.029
0.05026497	0.006439454	0.0651588888889	0.0271111111111
0.04243179	0.01064074	0.0645722222222	0.0276777777778
0.05833447	0.01305469	0.0813788888889	0.0308111111111
0.02755691	0.01409159	0.0673733333333	0.0262666666667
0.03918243	0.01424073	0.0745533333333	0.0304666666667
0.06745752	0.008808293	0.0999911111111	0.0297888888889
0.04493563	0.01753669	0.0650744444444	0.0286555555556
0.06449392	0.01019663	0.104553333333	0.0282666666667
0.03794964	0.009308799	0.0663722222222	0.0291777777778
0.07864466	0.008741987	0.0976955555556	0.0301444444444
0.04648736	0.01523526	0.102175555556	0.0293444444444
0.05269132	0.01358262	0.07251	0.0254
0.07972786	0.008754227	0.101836666667	0.0294333333333
0.04741955	0.007996036	0.0693066666667	0.0258333333333
0.05783169	0.01089798	0.100964444444	0.0260555555556
0.0626532	0.01243999	0.0908644444444	0.0249555555556
0.06084097	0.007426733	0.0998555555556	0.0258444444444
0.06599135	0.009265418	0.0906555555556	0.0249444444444
0.06435922	0.006718461	0.104848888889	0.0281111111111
0.05017319	0.008968159	0.0643488888889	0.0274111111111
0.0548878	0.007094896	0.0730077777778	0.0253222222222
0.0574776	0.01590243	0.0903388888889	0.0249111111111
0.03384069	0.00651383	0.0751633333333	0.0305666666667
0.06160391	0.008682439	0.09021	0.0249
0.06545979	0.0138305	0.09854	0.0256
0.04449646	0.00677285	0.0659155555556	0.0265444444444
0.05171382	0.008967061	0.0889755555556	0.0248444444444
0.04385612	0.007422672	0.0659588888889	0.0265111111111
0.05464154	0.01157864	0.101725555556	0.0295444444444
0.03697497	0.005382389	0.07194	0.0254
0.0576399	0.009448034	0.10197	0.0295
0.054817	0.006920258	0.0697411111111	0.0256888888889
0.04108886	0.01053219	0.0645233333333	0.0270666666667
0.0455827	0.01358186	0.0798366666667	0.0248333333333
0.0461131	0.005839146	0.0694877777778	0.0257222222222
0.04621551	0.006091229	0.0899244444444	0.0248555555556
0.06448264	0.007789998	0.102655555556	0.0293444444444
0.03894417	0.01106422	0.0648777777778	0.0288222222222
0.03129469	0.008563346	0.0908111111111	0.0248888888889
0.04109535	0.007335733	0.0706744444444	0.0301555555556
0.06546756	0.01229478	0.0891022222222	0.0308777777778
0.02550957	0.008863944	0.0702222222222	0.0255777777778
0.04956929	0.007343804	0.0650155555556	0.0267444444444
0.03987906	0.01161516	0.0994833333333	0.0256666666667
0.03889294	0.01447624	0.0668788888889	0.0295111111111
0.04940397	0.005801027	0.0810433333333	0.0247666666667
0.04967502	0.008721258	0.0649755555556	0.0289444444444
0.03113285	0.01564712	0.0737533333333	0.0251666666667
0.03821093	0.008105488	0.0682822222222	0.0258777777778
0.06123301	0.007300088	0.0859077777778	0.0247222222222
0.05343429	0.006369265	0.0831577777778	0.0247222222222
0.04895974	0.008419928	0.0860433333333	0.0309666666667
0.06291212	0.0130365	0.0796511111111	0.0308888888889
0.06667259	0.008802372	0.0910333333333	0.0248666666667
0.0630311	0.01247602	0.105386666667	0.0282333333333
0.05299373	0.006721775	0.0923377777778	0.0249222222222
0.06331304	0.006563649	0.105435555556	0.0274444444444
0.04004587	0.01361251	0.10004	0.0257
0.03339501	0.01582929	0.0653788888889	0.0265111111111
0.05304435	0.008084739	0.0878433333333	0.0309666666667
0.0586029	0.00500997	0.0880188888889	0.0247111111111
0.04624812	0.004871714	0.0646277777778	0.0267222222222
0.03645019	0.009297795	0.0804377777778	0.0247222222222
0.04408682	0.008991834	0.0733866666667	0.0251333333333
0.04734788	0.008113507	0.0791133333333	0.0247666666667
0.05894965	0.009155871	0.10577	0.0281
0.04589045	0.00924676	0.07366	0.0251
0.0685359	0.009246222	0.101685555556	0.0297444444444
0.03226261	0.00948926	0.0731155555556	0.0251444444444
0.05378028	0.008432702	0.0957677777778	0.0251222222222
0.03882315	0.009663025	0.101971111111	0.0259888888889
0.06390223	0.01313949	0.102451111111	0.0260888888889
0.05985497	0.01244718	0.0983611111111	0.0253888888889
0.03983029	0.009072827	0.0635466666667	0.0285333333333
0.05621145	0.007886446	0.0900066666667	0.0247333333333
0.04265178	0.01284963	0.09462	0.025
0.03511456	0.01099403	0.0633377777778	0.0284222222222
0.04125767	0.006241003	0.0707633333333	0.0253666666667
0.03061043	0.008614945	0.0805822222222	0.0246777777778
0.05182399	0.007456318	0.100011111111	0.0300888888889
0.04501945	0.007525722	0.0890111111111	0.0246888888889
0.04314923	0.012819	0.0662777777778	0.0261222222222
0.06805104	0.00606167	0.0873555555556	0.0246444444444
0.06163497	0.009481005	0.0921333333333	0.0308666666667
0.06302878	0.01366321	0.102847777778	0.0261222222222
0.05297242	0.009453529	0.0656177777778	0.0294222222222
0.03712016	0.01365054	0.0809955555556	0.0310444444444
0.05456072	0.01581665	0.0913977777778	0.0309222222222
0.04348947	0.008592321	0.08973	0.031
0.04116906	0.01113882	0.106115555556	0.0274444444444
0.04133227	0.0097582	0.1043	0.0292
0.05064459	0.01258376	0.0704477777778	0.0303222222222
0.0501614	0.005939283	0.0949711111111	0.0249888888889
0.04603485	0.006211915	0.0846511111111	0.0245888888889
0.04967112	0.01864388	0.0896622222222	0.0246777777778
0.04899533	0.008844483	0.0667555555556	0.0259444444444
0.05732826	0.008941569	0.0778066666667	0.0247333333333
0.04812137	0.007909987	0.0711266666667	0.0304333333333
0.04255239	0.01560953	0.0647977777778	0.0264222222222
0.04989475	0.01287052	0.0968266666667	0.0251333333333
0.06351021	0.005760337	0.105833333333	0.0270666666667
0.05071853	0.009349913	0.0885577777778	0.0246222222222
0.04450503	0.009366824	0.0626222222222	0.0276777777778
0.05768889	0.00675198	0.0865222222222	0.0245777777778
0.05307348	0.00650376	0.0746988888889	0.0249111111111
0.05191789	0.008424606	0.0903122222222	0.0246777777778
0.04650054	0.009573436	0.0754244444444	0.0248555555556
0.06017278	0.006825881	0.0928	0.0248
0.06140687	0.0141929	0.105618888889	0.0269111111111
0.06285811	0.01027076	0.0835666666667	0.0311333333333
0.04801974	0.0060785	0.08829	0.0246
0.07311231	0.00936093	0.104553333333	0.0264666666667
0.06538872	0.008977278	0.0967311111111	0.0305888888889
0.04405265	0.006648134	0.06351	0.0268
0.05719054	0.006794636	0.0785344444444	0.0246555555556
0.05471332	0.007390034	0.0865155555556	0.0245444444444
0.05448815	0.00789515	0.102666666667	0.0259333333333
0.03474211	0.008084484	0.06278	0.0285
0.03092106	0.009365495	0.0631977777778	0.0269222222222
0.05208072	0.005495495	0.07727	0.0247
0.04141805	0.008978512	0.0869844444444	0.0311555555556
0.03416133	0.005199202	0.0653866666667	0.0261333333333
0.07200572	0.006728966	0.101826666667	0.0257333333333
0.04287089	0.005672949	0.0947588888889	0.0308111111111
0.0595796	0.01690596	0.0979888888889	0.0305111111111
0.06775064	0.006278211	0.10404	0.0262
0.04193066	0.004293102	0.0705144444444	0.0304555555556
0.04201978	0.006654333	0.106078888889	0.0269111111111
0.04559958	0.01246246	0.0630955555556	0.0288444444444
0.04099168	0.01144236	0.0621577777778	0.0275222222222
0.06191117	0.005060979	0.0879777777778	0.0245222222222
0.0396459	0.01402875	0.07164	0.0306
0.04006715	0.008877625	0.0801855555556	0.0245444444444
0.06259791	0.01399641	0.105264444444	0.0291555555556
0.05953814	0.01227685	0.0899722222222	0.0245777777778
0.05980233	0.00686907	0.103575555556	0.0260444444444
0.06594687	0.01115253	0.10638	0.027
0.02954722	0.008724384	0.0694344444444	0.0303555555556
0.03348711	0.01328929	0.0675033333333	0.0300666666667
0.04161086	0.0118311	0.06381	0.0292
0.04673236	0.005509814	0.0769244444444	0.0246555555556
0.06125687	0.015378	0.09782	0.0251
0.04066378	0.008279792	0.0619466666667	0.0275333333333
0.04615059	0.008803965	0.0831044444444	0.0244555555556
0.04999762	0.008196738	0.10403	0.0261
0.03814766	0.01423588	0.107241111111	0.0276888888889
0.0570432	0.005325876	0.0788855555556	0.0245444444444
0.05202396	0.01437195	0.0987222222222	0.0251777777778
0.04262558	0.007935239	0.0618055555556	0.0275444444444
0.0713974	0.005926946	0.10329	0.0259
0.04937702	0.01284829	0.0743311111111	0.0247888888889
0.05249048	0.009850516	0.0884022222222	0.0244777777778
0.04391123	0.01142041	0.101917777778	0.0256222222222
0.04936519	0.006086181	0.0725366666667	0.0249333333333
0.04061727	0.009547204	0.0632833333333	0.0265666666667
0.03187007	0.004231475	0.0722044444444	0.0249555555556
0.03741186	0.006797291	0.0806277777778	0.0312222222222
0.04942024	0.007582241	0.0659055555556	0.0258444444444
0.06044543	0.006696685	0.0925966666667	0.0246333333333
0.05415097	0.01448604	0.0979466666667	0.0306333333333
0.0474021	0.009027948	0.0909966666667	0.0245333333333
0.05113686	0.005225475	0.0816477777778	0.0244222222222
0.06001003	0.0138953	0.106625555556	0.0288444444444
0.0706134	0.01396868	0.0949777777778	0.0309222222222
0.04928399	0.008451608	0.106835555556	0.0269444444444
0.05513344	0.009332009	0.0882666666667	0.0244333333333
0.05017303	0.01310922	0.0826	0.0244
0.04937548	0.009821202	0.0940111111111	0.0246888888889
0.06159419	0.01104767	0.105357777778	0.0263222222222
0.04182389	0.01295668	0.0615955555556	0.0283444444444
0.03558079	0.01045425	0.0751222222222	0.0246777777778
0.03319912	0.01260139	0.0613433333333	0.0278666666667
0.05382394	0.007451445	0.0953522222222	0.0247777777778
0.02150118	0.01239791	0.06173	0.0272
0.03545661	0.008372212	0.103688888889	0.0298111111111
0.07594823	0.01110704	0.107777777778	0.0278222222222
0.02437875	0.009358304	0.0680111111111	0.0302888888889
0.04652715	0.007646786	0.0710622222222	0.0306777777778
0.04428535	0.01132302	0.0754355555556	0.0246444444444
0.06449358	0.00427264	0.106086666667	0.0265333333333
0.06514801	0.00897674	0.107233333333	0.0270666666667
0.06624152	0.009757219	0.104016666667	0.0259333333333
0.03224576	0.007671899	0.0623944444444	0.0267555555556
0.06360413	0.00841536	0.102371111111	0.0300888888889
0.03842097	0.008353207	0.0862433333333	0.0243666666667
0.0566812	0.008944104	0.0897355555556	0.0244444444444
0.06503775	0.0111642	0.106224444444	0.0265555555556
0.04471782	0.01812634	0.08835	0.0244
0.06018682	0.01514171	0.103891111111	0.0258888888889
0.03219892	0.01560373	0.0775088888889	0.0245111111111
0.05880069	0.009075252	0.106026666667	0.0292333333333
0.04545756	0.01182801	0.0726066666667	0.0248333333333
0.03992384	0.00874454	0.06608	0.03
0.05698525	0.008489674	0.0820844444444	0.0243555555556
0.05832384	0.004682994	0.10674	0.0267
0.0355242	0.007241437	0.0652844444444	0.0298555555556
0.03809825	0.00982729	0.107574444444	0.0271555555556
0.03739983	0.01642896	0.0878233333333	0.0243666666667
0.05908785	0.01001824	0.106846666667	0.0267333333333
0.03755179	0.007056873	0.0853277777778	0.0243222222222
0.04365547	0.008783149	0.06581	0.0257
0.05490722	0.00760188	0.0874455555556	0.0243444444444
0.04425306	0.01324269	0.06104	0.0275
0.05038527	0.008948342	0.0668088888889	0.0255111111111
0.04596886	0.009633829	0.0616377777778	0.0287222222222
0.06990801	0.007092475	0.103657777778	0.0299222222222
0.04904975	0.005083398	0.0682011111111	0.0252888888889
0.04240802	0.0101444	0.10813	0.0276
0.07510283	0.01457456	0.0892488888889	0.0313111111111
0.03730004	0.006633663	0.0648522222222	0.0258777777778
0.04938977	0.005620588	0.0692844444444	0.0305555555556
0.06448661	0.0134946	0.106326666667	0.0264333333333
0.05617556	0.01438965	0.104067777778	0.0258222222222
0.06128662	0.009348957	0.0976222222222	0.0248777777778
0.04601173	0.01502921	0.06066	0.0278
0.05085063	0.01249449	0.103404444444	0.0256555555556
0.05243758	0.007924415	0.0810788888889	0.0243111111111
0.04833288	0.007025654	0.0833022222222	0.0242777777778
0.03524308	0.009049788	0.0653133333333	0.0299666666667
0.04549596	0.006802661	0.0867622222222	0.0242777777778
0.03438025	0.01340184	0.0613422222222	0.0287777777778
0.06704469	0.007807133	0.107672222222	0.0268777777778
0.03058728	0.007814069	0.0881011111111	0.0242888888889
0.03643912	0.01078672	0.0611111111111	0.0286888888889
0.03546468	0.01285909	0.0653277777778	0.0300222222222
0.06023762	0.007180211	0.101344444444	0.0252555555556
0.0281365	0.01500302	0.06676	0.0254
0.04558525	0.01105157	0.0657777777778	0.0301222222222
0.05039777	0.01457472	0.0811133333333	0.0242666666667
0.03588898	0.01651975	0.0707677777778	0.0308222222222
0.07193398	0.01652653	0.10874	0.0277
0.05847936	0.01545098	0.0792622222222	0.0313777777778
0.03769535	0.006932655	0.101158888889	0.0252111111111
0.05566982	0.009181549	0.0827644444444	0.0314555555556
0.05008363	0.01291776	0.0603511111111	0.0275888888889
0.03653901	0.007573415	0.0606711111111	0.0284888888889
0.07366401	0.007992057	0.107041111111	0.0264888888889
0.048633	0.01323403	0.0638044444444	0.0259555555556
0.04861818	0.006867249	0.108585555556	0.0283444444444
0.07725143	0.009307188	0.0984144444444	0.0248555555556
0.04645189	0.01791289	0.105071111111	0.0258888888889
0.04286102	0.01508353	0.0604155555556	0.0283444444444
0.03765077	0.008942637	0.0615822222222	0.0290777777778
0.05195588	0.01445022	0.0951066666667	0.0311333333333
0.07354301	0.007065161	0.108761111111	0.0273888888889
0.06455317	0.009098688	0.103308888889	0.0255111111111
0.04564961	0.008525974	0.0689666666667	0.0250333333333
0.05642826	0.008051072	0.0704544444444	0.0248555555556
0.06154057	0.007040882	0.0911277777778	0.0243222222222
0.03677291	0.008765672	0.0855111111111	0.0241888888889
0.04753275	0.007284685	0.0649555555556	0.0256444444444
0.04571911	0.01258649	0.0880622222222	0.0314777777778
0.05545023	0.007402301	0.10579	0.026
0.04910836	0.006780464	0.0738377777778	0.0245222222222
0.07472853	0.006161723	0.0952977777778	0.0245222222222
0.07908459	0.00710371	0.109153333333	0.0281666666667
0.0623278	0.008309272	0.0982533333333	0.0247666666667
0.053082	0.01388267	0.0865466666667	0.0315333333333
0.03614167	0.01092704	0.106648888889	0.0295111111111
0.06206145	0.01265956	0.10312	0.0303
0.07005983	0.007633049	0.106517777778	0.0261222222222
0.03925975	0.006909272	0.0693088888889	0.0249111111111
0.06024243	0.004748036	0.0890111111111	0.0241888888889
0.03908741	0.009107551	0.0973644444444	0.0246555555556
0.05446172	0.009221366	0.0979688888889	0.0247111111111
0.04232237	0.007871684	0.0835977777778	0.0241222222222
0.03628974	0.007922372	0.0635977777778	0.0258222222222
0.03506865	0.01065624	0.0867866666667	0.0241333333333
0.06137409	0.007141945	0.100215555556	0.0249444444444
0.07554688	0.009818486	0.109302222222	0.0273777777778
0.04701204	0.004595052	0.0701511111111	0.0247888888889
0.0378166	0.00648895	0.0638666666667	0.0257333333333
0.03954497	0.008601614	0.0702933333333	0.0247666666667
0.03980674	0.009228341	0.0599477777778	0.0271222222222
0.048679	0.01073436	0.06014	0.0287
0.03924484	0.009343857	0.0630222222222	0.0297777777778
0.05133232	0.009473411	0.0813177777778	0.0241222222222
0.04455569	0.01010866	0.0973188888889	0.0246111111111
0.04189677	0.008108821	0.0801655555556	0.0241444444444
0.05078914	0.00753141	0.106883333333	0.0295666666667
0.06187645	0.007115186	0.0989733333333	0.0247666666667
0.03869995	0.01488807	0.101021111111	0.0306888888889
0.05269684	0.005263348	0.0791333333333	0.0241666666667
0.05700473	0.004456406	0.102411111111	0.0251888888889
0.04136513	0.00697409	0.0635955555556	0.0257444444444
0.04654349	0.008411216	0.0775477777778	0.0242222222222
0.03390519	0.01324541	0.0997144444444	0.0308555555556
0.07354894	0.00986675	0.109775555556	0.0278444444444
0.04190947	0.0127248	0.0620777777778	0.0261222222222
0.04885587	0.004737118	0.0593233333333	0.0280666666667
0.02919137	0.009163799	0.0982033333333	0.0246666666667
0.04027463	0.008414682	0.0592844444444	0.0276555555556
0.05184976	0.008082599	0.07576	0.0243
0.03808917	0.008164705	0.0625422222222	0.0259777777778
0.05248522	0.008409316	0.0894066666667	0.0241333333333
0.03436207	0.01290396	0.0592488888889	0.0276111111111
0.05012261	0.005470429	0.103565555556	0.0253444444444
0.04897106	0.01666424	0.0909422222222	0.0241777777778
0.04324037	0.006367988	0.0617111111111	0.0261888888889
0.05813382	0.01214776	0.0658588888889	0.0304111111111
0.06376767	0.006787609	0.108593333333	0.0290666666667
0.06211677	0.005624679	0.0968977777778	0.0245222222222
0.04955366	0.00621611	0.0875533333333	0.0240666666667
0.04764395	0.006695069	0.0703111111111	0.0246888888889
0.04780236	0.008821316	0.0673266666667	0.0250333333333
0.04912099	0.0132435	0.0941622222222	0.0313777777778
0.06502247	0.01638355	0.103087777778	0.0252222222222
0.05597401	0.009732493	0.0992277777778	0.0247222222222
0.06441756	0.006345909	0.104228888889	0.0254111111111
0.04192331	0.01274963	0.0608511111111	0.0292888888889
0.03766007	0.004670726	0.0604444444444	0.0265555555556
0.04428225	0.007348856	0.0834977777778	0.0240222222222
0.03956589	0.01271588	0.0591222222222	0.0273777777778
0.06999889	0.008075003	0.11004	0.0275
0.05778059	0.009570604	0.107427777778	0.0261222222222
0.0640327	0.005782139	0.09	0.0241
0.05519567	0.008864061	0.0955022222222	0.0243777777778
0.05039841	0.007226569	0.0779066666667	0.0241333333333
0.04584151	0.009865539	0.07632	0.0242
0.05209558	0.007516388	0.09452	0.0243
0.06694242	0.01052692	0.108062222222	0.0262777777778
0.06674328	0.006685816	0.10497	0.0255
0.06840638	0.0131245	0.106688888889	0.0298111111111
0.04265411	0.01237135	0.0698722222222	0.0246777777778
0.0439924	0.007556636	0.0635388888889	0.0256111111111
0.05344074	0.007644263	0.0773355555556	0.0241444444444
0.06492585	0.00827658	0.0975488888889	0.0245111111111
0.04470657	0.006966096	0.0621177777778	0.0259222222222
0.04359139	0.007277897	0.0615777777778	0.0296222222222
0.04647328	0.008664337	0.0938166666667	0.0242333333333
0.03447217	0.009573272	0.0815411111111	0.0316888888889
0.07374662	0.006772516	0.0965388888889	0.0244111111111
0.04054046	0.0129305	0.0755188888889	0.0242111111111
0.03866932	0.007111643	0.0589933333333	0.0271666666667
0.06280005	0.006679954	0.0896955555556	0.0240444444444
0.04449512	0.01255615	0.0738488888889	0.0243111111111
0.04564898	0.006615579	0.0586666666667	0.0274333333333
0.05437494	0.006676848	0.0825833333333	0.0239666666667
0.05148752	0.006825051	0.0661	0.0251
0.03074031	0.007507043	0.0825733333333	0.0239666666667
0.0452219	0.008216164	0.0786644444444	0.0240555555556
0.04574805	0.005684342	0.0867533333333	0.0239666666667
0.0491081	0.008769542	0.0678544444444	0.0248555555556
0.04341416	0.009725072	0.0591533333333	0.0269666666667
0.05223569	0.008249558	0.08839	0.0317
0.07694673	0.01261263	0.107491111111	0.0259888888889
0.04838106	0.01002544	0.0867444444444	0.0239555555556
0.0315708	0.008810745	0.0588244444444	0.0271555555556
0.04630949	0.009380644	0.08943	0.024
0.04562626	0.007951115	0.0611488888889	0.0296111111111
0.05100081	0.008614125	0.0659011111111	0.0250888888889
0.06285436	0.008998336	0.0899788888889	0.0240111111111
0.05038305	0.005966029	0.0892611111111	0.0239888888889
0.04362036	0.01509549	0.0596133333333	0.0290666666667
0.03770114	0.004680183	0.0604411111111	0.0262888888889
0.06624031	0.01326757	0.110716666667	0.0281333333333
0.03805245	0.008846009	0.0665822222222	0.0249777777778
0.0587046	0.01423753	0.110648888889	0.0274111111111
0.04731574	0.006762269	0.0740355555556	0.0242444444444
0.06260299	0.008598604	0.10259	0.0307
0.04019956	0.01631048	0.101861111111	0.0248888888889
0.04030038	0.01101622	0.0601966666667	0.0293333333333
0.04212667	0.008232783	0.0582777777778	0.0276222222222
0.02604324	0.01040124	0.0802277777778	0.0317222222222
0.04906789	0.007000351	0.0742977777778	0.0242222222222
0.04893586	0.01079677	0.0694533333333	0.0310666666667
0.05005366	0.007220586	0.0841988888889	0.0239111111111
0.06889931	0.00886199	0.108517777778	0.0262222222222
0.06279651	0.01396868	0.101605555556	0.0248444444444
0.04312038	0.007102897	0.0592622222222	0.0289777777778
0.05365731	0.008425712	0.0757677777778	0.0241222222222
0.05346314	0.007502777	0.08344	0.0239
0.03303709	0.01408188	0.109317777778	0.0292222222222
0.0696705	0.01009108	0.107842222222	0.0259777777778
0.05475058	0.006842472	0.09078	0.024
0.05538056	0.01492083	0.08543	0.0318
0.05258877	0.006440529	0.0829511111111	0.0238888888889
0.04261857	0.01046033	0.0664555555556	0.0307444444444
0.05339837	0.007579271	0.0826511111111	0.0238888888889
0.0425376	0.00716661	0.0893955555556	0.0239444444444
0.02839024	0.01442176	0.0580266666667	0.0276333333333
0.06831431	0.00824804	0.08742	0.0239
0.04443751	0.01004965	0.111091111111	0.0276888888889
0.0554477	0.01045982	0.105126666667	0.0253333333333
0.02386327	0.01336227	0.11035	0.0288
0.05826272	0.007721477	0.106235555556	0.0255444444444
0.0524943	0.005359101	0.0594911111111	0.0291888888889
0.06758896	0.006487806	0.103091111111	0.0249888888889
0.05448362	0.01078107	0.0734533333333	0.0314666666667
0.04478743	0.008266298	0.0985444444444	0.0244555555556
0.03112398	0.01234933	0.0579433333333	0.0274666666667
0.05828351	0.01420581	0.0833266666667	0.0318333333333
0.03269212	0.0102252	0.0587411111111	0.0288888888889
0.04799505	0.009600312	0.0667177777778	0.0308222222222
0.04940989	0.008346469	0.0764766666667	0.0240333333333
0.05649484	0.01222301	0.0982522222222	0.0312777777778
0.0296845	0.01481883	0.0718677777778	0.0243222222222
0.04244989	0.007090346	0.06195	0.0257
0.04979906	0.006709078	0.0910733333333	0.0239666666667
0.06008443	0.007964199	0.0897877777778	0.0239222222222
0.06175625	0.008566462	0.107628888889	0.0258111111111
0.04105596	0.008854952	0.0960477777778	0.0242222222222
0.05063571	0.01230896	0.0590511111111	0.0265888888889
0.0537479	0.01093341	0.0725366666667	0.0314333333333
0.04586393	0.006247595	0.0773522222222	0.0239777777778
0.05634638	0.01260921	0.0629466666667	0.0302333333333
0.03788748	0.007404709	0.106516666667	0.0255333333333
0.04964045	0.009051349	0.0667633333333	0.0308666666667
0.0535071	0.007031891	0.0670111111111	0.0247888888889
0.04819226	0.006223828	0.0770622222222	0.0239777777778
0.04323529	0.007808979	0.0607444444444	0.0259555555556
0.03711304	0.007954582	0.0595466666667	0.0263333333333
0.05916084	0.004722646	0.0786488888889	0.0239111111111
0.03144704	0.01277411	0.0639844444444	0.0304555555556
0.05108095	0.008257811	0.0864977777778	0.0238222222222
0.05271411	0.009300923	0.0810955555556	0.0238444444444
0.05678338	0.01337389	0.111335555556	0.0283444444444
0.04562417	0.007328572	0.0596111111111	0.0262888888889
0.05925395	0.01088084	0.107913333333	0.0298666666667
0.06832032	0.008847134	0.110658888889	0.0268111111111
0.04251609	0.008745857	0.0774955555556	0.0239444444444
0.05150327	0.006770913	0.103956666667	0.0250333333333
0.07459004	0.009304181	0.107947777778	0.0258222222222
0.04314428	0.006692669	0.0701177777778	0.0244222222222
0.04352976	0.01165395	0.0587488888889	0.0266111111111
0.04958792	0.009044405	0.0920744444444	0.0239555555556
0.06552018	0.007406381	0.100947777778	0.0246222222222
0.05282964	0.005009566	0.0950388888889	0.0241111111111
0.05447163	0.01469764	0.111551111111	0.0281888888889
0.02522929	0.01401485	0.0612744444444	0.0257555555556
0.05913679	0.00987179	0.0982955555556	0.0243444444444
0.06601469	0.006178637	0.111277777778	0.0271222222222
0.02761405	0.009717746	0.0574122222222	0.0275777777778
0.06688758	0.005167723	0.11062	0.0267
0.06249853	0.006329652	0.100207777778	0.0245222222222
0.04289262	0.007757778	0.0691811111111	0.0244888888889
0.0453318	0.006015239	0.0785722222222	0.0238777777778
0.05656597	0.01005087	0.0992977777778	0.0244222222222
0.04749715	0.01037803	0.105332222222	0.0304777777778
0.04377838	0.006812754	0.110557777778	0.0266222222222
0.05569714	0.008341042	0.0725522222222	0.0241777777778
0.03918531	0.006650303	0.0606022222222	0.0258777777778
0.03135278	0.01262029	0.0584733333333	0.0290666666667
0.05902503	0.006180134	0.101495555556	0.0246444444444
0.06474195	0.005777248	0.108433333333	0.0258666666667
0.03211864	0.01009877	0.0608288888889	0.0258111111111
0.05291093	0.007368337	0.0759233333333	0.0239666666667
0.04347887	0.01439515	0.0818922222222	0.0237777777778
0.04310822	0.007180839	0.0580155555556	0.0268444444444
0.03509769	0.008574834	0.05764	0.0271
0.0458881	0.00799851	0.05726	0.0282
0.06348169	0.008253928	0.104302222222	0.0306777777778
0.04098971	0.01275598	0.0681944444444	0.0245555555556
0.04459573	0.007133025	0.05746	0.0285
0.04758691	0.009585528	0.0874333333333	0.0237666666667
